{"duration": 0.0022399425506591797, "input_args": {"D_high": "array([[  0.        , 136.88299559, 144.63509711, ...,  53.53524373,\n        141.87200429, 141.91977723],\n       [136.88299559,   0.        ,  31.11839599, ..., 184.18305812,\n         45.52624475,  35.90271834],\n       [144.63509711,  31.11839599,   0.        , ..., 189.98133079,\n         39.42516501,  34.06235871],\n       ...,\n       [ 53.53524373, 184.18305812, 189.98133079, ...,   0.        ,\n        183.80014255, 184.46368641],\n       [141.87200429,  45.52624475,  39.42516501, ..., 183.80014255,\n          0.        ,  20.60302427],\n       [141.91977723,  35.90271834,  34.06235871, ..., 184.46368641,\n         20.60302427,   0.        ]])", "D_low": "array([[ 0.        , 12.70130878, 13.00148504, ...,  3.85233762,\n        15.31139788, 13.81694118],\n       [12.70130878,  0.        ,  0.63910348, ..., 16.54200586,\n         2.89443067,  1.9328558 ],\n       [13.00148504,  0.63910348,  0.        , ..., 16.8508337 ,\n         2.39870333,  1.29740631],\n       ...,\n       [ 3.85233762, 16.54200586, 16.8508337 , ...,  0.        ,\n        19.16373402, 17.66788181],\n       [15.31139788,  2.89443067,  2.39870333, ..., 19.16373402,\n         0.        ,  1.55473228],\n       [13.81694118,  1.9328558 ,  1.29740631, ..., 17.66788181,\n         1.55473228,  0.        ]])"}}