{"duration": 0.005415916442871094, "input_args": {"D_high": "array([[  0.        ,  84.1961696 ,  77.77817558, ..., 164.25094499,\n         96.7953527 , 143.21994847],\n       [ 84.1961696 ,   0.        , 123.13577912, ..., 226.59142528,\n         74.06281237, 214.02748194],\n       [ 77.77817558, 123.13577912,   0.        , ..., 111.20643942,\n         90.52153753, 101.51019271],\n       ...,\n       [164.25094499, 226.59142528, 111.20643942, ...,   0.        ,\n        189.87669905,  46.59966957],\n       [ 96.7953527 ,  74.06281237,  90.52153753, ..., 189.87669905,\n          0.        , 186.26121056],\n       [143.21994847, 214.02748194, 101.51019271, ...,  46.59966957,\n        186.26121056,   0.        ]])", "D_low": "array([[ 0.        ,  5.04032621,  7.06539907, ..., 15.57952514,\n        10.61304113, 18.95952889],\n       [ 5.04032621,  0.        , 11.36612501, ..., 19.84934008,\n         8.67464606, 20.96847304],\n       [ 7.06539907, 11.36612501,  0.        , ...,  8.54768518,\n        12.2343711 , 13.54090599],\n       ...,\n       [15.57952514, 19.84934008,  8.54768518, ...,  0.        ,\n        18.72926484, 11.31109654],\n       [10.61304113,  8.67464606, 12.2343711 , ..., 18.72926484,\n         0.        , 15.08929744],\n       [18.95952889, 20.96847304, 13.54090599, ..., 11.31109654,\n        15.08929744,  0.        ]])"}}