{"duration": 0.017827987670898438, "input_args": {"D_high": "array([[  0.        , 136.88299559, 144.63509711, ...,  53.53524373,\n        141.87200429, 141.91977723],\n       [136.88299559,   0.        ,  31.11839599, ..., 184.18305812,\n         45.52624475,  35.90271834],\n       [144.63509711,  31.11839599,   0.        , ..., 189.98133079,\n         39.42516501,  34.06235871],\n       ...,\n       [ 53.53524373, 184.18305812, 189.98133079, ...,   0.        ,\n        183.80014255, 184.46368641],\n       [141.87200429,  45.52624475,  39.42516501, ..., 183.80014255,\n          0.        ,  20.60302427],\n       [141.91977723,  35.90271834,  34.06235871, ..., 184.46368641,\n         20.60302427,   0.        ]])", "D_low": "array([[ 0.        , 15.03781509, 13.18470007, ...,  6.21045386,\n        17.97448595, 17.7623591 ],\n       [15.03781509,  0.        ,  3.29364505, ..., 18.36199813,\n        11.49720371,  7.6166599 ],\n       [13.18470007,  3.29364505,  0.        , ..., 17.42981097,\n         8.94794106,  5.91151741],\n       ...,\n       [ 6.21045386, 18.36199813, 17.42981097, ...,  0.        ,\n        23.65166436, 22.75803702],\n       [17.97448595, 11.49720371,  8.94794106, ..., 23.65166436,\n         0.        ,  4.47803791],\n       [17.7623591 ,  7.6166599 ,  5.91151741, ..., 22.75803702,\n         4.47803791,  0.        ]])"}}