{"duration": 0.002126932144165039, "input_args": {"D_high": "array([[0.        , 1.27279221, 1.55563492, 0.87749644, 1.64316767,\n        3.48425028, 3.98748041, 3.39705755, 3.78549865, 4.09145451,\n        3.68781778, 3.48998567, 3.54259792, 3.04959014, 3.08868904,\n        3.18433667, 3.33916157, 4.93254498, 5.45985348, 4.46989933],\n       [1.27279221, 0.        , 0.52915026, 0.59160798, 0.66332496,\n        3.24653662, 3.81051178, 2.74954542, 3.4568772 , 3.64965752,\n        3.27719392, 3.23109888, 3.13209195, 2.48596058, 2.596151  ,\n        2.6       , 2.96141858, 4.66368953, 5.27730992, 4.23083916],\n       [1.55563492, 0.52915026, 0.        , 0.74161985, 0.34641016,\n        3.63593179, 4.18568991, 3.01330383, 3.8457769 , 3.97994975,\n        3.60277671, 3.60555128, 3.49428104, 2.81780056, 2.94957624,\n        2.9189039 , 3.318132  , 5.04678115, 5.63293884, 4.64112055],\n       [0.87749644, 0.59160798, 0.74161985, 0.        , 0.80622577,\n        3.48568501, 4.0385641 , 3.12569992, 3.71483512, 3.96358424,\n        3.55105618, 3.48855271, 3.42344855, 2.82665881, 2.88963666,\n        2.94788059, 3.24345495, 4.92341345, 5.50454358, 4.48887514],\n       [1.64316767, 0.66332496, 0.34641016, 0.80622577, 0.        ,\n        3.81313519, 4.38634244, 3.21869539, 3.97617907, 4.16173041,\n        3.78153408, 3.80525952, 3.65376518, 2.98998328, 3.08868904,\n        3.09192497, 3.50285598, 5.19711458, 5.82666285, 4.78121324],\n       [3.48425028, 3.24653662, 3.63593179, 3.48568501, 3.81313519,\n        0.        , 0.64807407, 1.28840987, 0.65574385, 0.81240384,\n        0.6164414 , 0.31622777, 0.5       , 1.02956301, 0.93808315,\n        1.02956301, 0.45825757, 1.49331845, 2.05669638, 1.13137085],\n       [3.98748041, 3.81051178, 4.18568991, 4.0385641 , 4.38634244,\n        0.64807407, 0.        , 1.63707055, 1.05356538, 0.84852814,\n        0.92736185, 0.6       , 1.00498756, 1.56843871, 1.54272486,\n        1.53622915, 0.96436508, 1.21243557, 1.5       , 1.02956301],\n       [3.39705755, 2.74954542, 3.01330383, 3.12569992, 3.21869539,\n        1.28840987, 1.63707055, 0.        , 1.5132746 , 1.11355287,\n        0.9486833 , 1.14891253, 0.99498744, 0.58309519, 0.9486833 ,\n        0.48989795, 0.84261498, 2.36008474, 2.84780617, 2.13072758],\n       [3.78549865, 3.4568772 , 3.8457769 , 3.71483512, 3.97617907,\n        0.65574385, 1.05356538, 1.5132746 , 0.        , 0.8660254 ,\n        0.75498344, 0.92195445, 0.52915026, 1.19582607, 0.93273791,\n        1.17046999, 0.82462113, 1.2489996 , 2.07364414, 0.8660254 ],\n       [4.09145451, 3.64965752, 3.97994975, 3.96358424, 4.16173041,\n        0.81240384, 0.84852814, 1.11355287, 0.8660254 , 0.        ,\n        0.50990195, 0.77459667, 0.64031242, 1.17473401, 1.19163753,\n        1.07703296, 0.75498344, 1.26095202, 1.79164729, 1.14017543],\n       [3.68781778, 3.27719392, 3.60277671, 3.55105618, 3.78153408,\n        0.6164414 , 0.92736185, 0.9486833 , 0.75498344, 0.50990195,\n        0.        , 0.64807407, 0.38729833, 0.86023253, 0.81240384,\n        0.78740079, 0.43588989, 1.55241747, 2.0904545 , 1.34907376],\n       [3.48998567, 3.23109888, 3.60555128, 3.48855271, 3.80525952,\n        0.31622777, 0.6       , 1.14891253, 0.92195445, 0.77459667,\n        0.64807407, 0.        , 0.6244998 , 1.00995049, 1.04880885,\n        1.        , 0.43588989, 1.61554944, 2.06639783, 1.30384048],\n       [3.54259792, 3.13209195, 3.49428104, 3.42344855, 3.65376518,\n        0.5       , 1.00498756, 0.99498744, 0.52915026, 0.64031242,\n        0.38729833, 0.6244998 , 0.        , 0.72801099, 0.60827625,\n        0.68556546, 0.34641016, 1.56204994, 2.24053565, 1.23693169],\n       [3.04959014, 2.48596058, 2.81780056, 2.82665881, 2.98998328,\n        1.02956301, 1.56843871, 0.58309519, 1.19582607, 1.17473401,\n        0.86023253, 1.00995049, 0.72801099, 0.        , 0.42426407,\n        0.14142136, 0.60827625, 2.27815715, 2.9       , 1.94422221],\n       [3.08868904, 2.596151  , 2.94957624, 2.88963666, 3.08868904,\n        0.93808315, 1.54272486, 0.9486833 , 0.93273791, 1.19163753,\n        0.81240384, 1.04880885, 0.60827625, 0.42426407, 0.        ,\n        0.46904158, 0.64031242, 2.12367606, 2.82665881, 1.76635217],\n       [3.18433667, 2.6       , 2.9189039 , 2.94788059, 3.09192497,\n        1.02956301, 1.53622915, 0.48989795, 1.17046999, 1.07703296,\n        0.78740079, 1.        , 0.68556546, 0.14142136, 0.46904158,\n        0.        , 0.59160798, 2.21133444, 2.82665881, 1.90262976],\n       [3.33916157, 2.96141858, 3.318132  , 3.24345495, 3.50285598,\n        0.45825757, 0.96436508, 0.84261498, 0.82462113, 0.75498344,\n        0.43588989, 0.43588989, 0.34641016, 0.60827625, 0.64031242,\n        0.59160798, 0.        , 1.77763888, 2.33666429, 1.45945195],\n       [4.93254498, 4.66368953, 5.04678115, 4.92341345, 5.19711458,\n        1.49331845, 1.21243557, 2.36008474, 1.2489996 , 1.26095202,\n        1.55241747, 1.61554944, 1.56204994, 2.27815715, 2.12367606,\n        2.21133444, 1.77763888, 0.        , 1.02956301, 0.55677644],\n       [5.45985348, 5.27730992, 5.63293884, 5.50454358, 5.82666285,\n        2.05669638, 1.5       , 2.84780617, 2.07364414, 1.79164729,\n        2.0904545 , 2.06639783, 2.24053565, 2.9       , 2.82665881,\n        2.82665881, 2.33666429, 1.02956301, 0.        , 1.46628783],\n       [4.46989933, 4.23083916, 4.64112055, 4.48887514, 4.78121324,\n        1.13137085, 1.02956301, 2.13072758, 0.8660254 , 1.14017543,\n        1.34907376, 1.30384048, 1.23693169, 1.94422221, 1.76635217,\n        1.90262976, 1.45945195, 0.55677644, 1.46628783, 0.        ]])", "D_low": "array([[0.        , 0.34752068, 0.45388248, 0.43406178, 1.02036719,\n        6.13401812, 6.32668282, 7.11108795, 6.61992194, 6.53217317,\n        6.79574424, 6.4558628 , 5.89637541, 7.17523698, 7.17119219,\n        7.83907589, 6.84155128, 6.01634867, 4.7379685 , 6.08357642],\n       [0.34752068, 0.        , 0.11490677, 0.309798  , 0.773971  ,\n        6.4765775 , 6.65224951, 7.4469384 , 6.94837184, 6.86162579,\n        7.12549712, 6.78436495, 6.2271664 , 7.5117874 , 7.5106612 ,\n        8.17643533, 7.18065531, 6.31102296, 5.03090039, 6.36327623],\n       [0.45388248, 0.11490677, 0.        , 0.29521659, 0.67439021,\n        6.57101866, 6.73324865, 7.53516346, 7.03123574, 6.94519132,\n        7.20923063, 6.86729128, 6.31177594, 7.60057213, 7.60195925,\n        8.26582963, 7.27165491, 6.37475146, 5.09430755, 6.41968611],\n       [0.43406178, 0.309798  , 0.29521659, 0.        , 0.59284444,\n        6.3929082 , 6.51496667, 7.33597754, 6.81747359, 6.73331047,\n        6.99763382, 6.65379134, 6.1031247 , 7.40303084, 7.41231898,\n        8.06980048, 7.08124911, 6.12197806, 4.84179038, 6.15605206],\n       [1.02036719, 0.773971  , 0.67439021, 0.59284444, 0.        ,\n        6.86553249, 6.91497076, 7.77174194, 7.22619498, 7.14614116,\n        7.41032973, 7.06352058, 6.52433569, 7.84161489, 7.86452569,\n        8.50977218, 7.53287711, 6.43171463, 5.15910826, 6.42645109],\n       [6.13401812, 6.4765775 , 6.57101866, 6.3929082 , 6.86553249,\n        0.        , 1.21554147, 1.15122486, 1.17113722, 1.07760233,\n        1.20021924, 1.09885517, 0.91223086, 1.18094849, 1.08285224,\n        1.78016683, 0.78400869, 2.41647174, 2.61756636, 2.89427065],\n       [6.32668282, 6.65224951, 6.73324865, 6.51496667, 6.91497076,\n        1.21554147, 0.        , 1.03513351, 0.33661433, 0.30280806,\n        0.53023888, 0.20946226, 0.51515976, 1.12171564, 1.29576339,\n        1.72935365, 1.05922238, 1.31212574, 1.99456691, 1.78071272],\n       [7.11108795, 7.4469384 , 7.53516346, 7.33597754, 7.77174194,\n        1.15122486, 1.03513351, 0.        , 0.71227446, 0.73368032,\n        0.53978818, 0.8288726 , 1.26467998, 0.08685077, 0.328929  ,\n        0.74085627, 0.38828612, 2.28443696, 3.013847  , 2.7246069 ],\n       [6.61992194, 6.94837184, 7.03123574, 6.81747359, 7.22619498,\n        1.17113722, 0.33661433, 0.71227446, 0.        , 0.10605441,\n        0.19384512, 0.16406791, 0.7351645 , 0.79909252, 0.99613043,\n        1.39312359, 0.80639883, 1.58383836, 2.33111949, 2.0366374 ],\n       [6.53217317, 6.86162579, 6.94519132, 6.73331047, 7.14614116,\n        1.07760233, 0.30280806, 0.73368032, 0.10605441, 0.        ,\n        0.26438527, 0.09532932, 0.63998676, 0.82002032, 0.99469301,\n        1.44010374, 0.77422982, 1.59659184, 2.2859546 , 2.05756848],\n       [6.79574424, 7.12549712, 7.20923063, 6.99763382, 7.41032973,\n        1.20021924, 0.53023888, 0.53978818, 0.19384512, 0.26438527,\n        0.        , 0.34891639, 0.90104088, 0.62553597, 0.84392959,\n        1.20071713, 0.70420942, 1.74467057, 2.52442592, 2.18712862],\n       [6.4558628 , 6.78436495, 6.86729128, 6.65379134, 7.06352058,\n        1.09885517, 0.20946226, 0.8288726 , 0.16406791, 0.09532932,\n        0.34891639, 0.        , 0.57371108, 0.91514563, 1.08633734,\n        1.53428205, 0.85579416, 1.51291881, 2.1910051 , 1.97721823],\n       [5.89637541, 6.2271664 , 6.31177594, 6.1031247 , 6.52433569,\n        0.91223086, 0.51515976, 1.26467998, 0.7351645 , 0.63998676,\n        0.90104088, 0.57371108, 0.        , 1.3420198 , 1.42993937,\n        2.00469422, 1.11931171, 1.50995034, 1.82290835, 1.9863006 ],\n       [7.17523698, 7.5117874 , 7.60057213, 7.40303084, 7.84161489,\n        1.18094849, 1.12171564, 0.08685077, 0.79909252, 0.82002032,\n        0.62553597, 0.91514563, 1.3420198 , 0.        , 0.26609383,\n        0.6682472 , 0.40152576, 2.36994   , 3.0985858 , 2.80874018],\n       [7.17119219, 7.5106612 , 7.60195925, 7.41231898, 7.86452569,\n        1.08285224, 1.29576339, 0.328929  , 0.99613043, 0.99469301,\n        0.84392959, 1.08633734, 1.42993937, 0.26609383, 0.        ,\n        0.69761781, 0.33165992, 2.57983977, 3.23101608, 3.02898411],\n       [7.83907589, 8.17643533, 8.26582963, 8.06980048, 8.50977218,\n        1.78016683, 1.72935365, 0.74085627, 1.39312359, 1.44010374,\n        1.20071713, 1.53428205, 2.00469422, 0.6682472 , 0.69761781,\n        0.        , 1.0100561 , 2.88018327, 3.72369274, 3.2829298 ],\n       [6.84155128, 7.18065531, 7.27165491, 7.08124911, 7.53287711,\n        0.78400869, 1.05922238, 0.38828612, 0.80639883, 0.77422982,\n        0.70420942, 0.85579416, 1.11931171, 0.40152576, 0.33165992,\n        1.0100561 , 0.        , 2.36871297, 2.93526494, 2.83169092],\n       [6.01634867, 6.31102296, 6.37475146, 6.12197806, 6.43171463,\n        2.41647174, 1.31212574, 2.28443696, 1.58383836, 1.59659184,\n        1.74467057, 1.51291881, 1.50995034, 2.36994   , 2.57983977,\n        2.88018327, 2.36871297, 0.        , 1.28047022, 0.47830754],\n       [4.7379685 , 5.03090039, 5.09430755, 4.84179038, 5.15910826,\n        2.61756636, 1.99456691, 3.013847  , 2.33111949, 2.2859546 ,\n        2.52442592, 2.1910051 , 1.82290835, 3.0985858 , 3.23101608,\n        3.72369274, 2.93526494, 1.28047022, 0.        , 1.38956807],\n       [6.08357642, 6.36327623, 6.41968611, 6.15605206, 6.42645109,\n        2.89427065, 1.78071272, 2.7246069 , 2.0366374 , 2.05756848,\n        2.18712862, 1.97721823, 1.9863006 , 2.80874018, 3.02898411,\n        3.2829298 , 2.83169092, 0.47830754, 1.38956807, 0.        ]])"}}