{"duration": 0.0033211708068847656, "input_args": {"D_high": "array([[0.        , 0.5       , 0.74833148, 0.53851648, 3.49714169,\n        3.47275107, 2.88963666, 2.99499583, 3.18747549, 2.89482297],\n       [0.5       , 0.        , 0.75498344, 0.6       , 3.69052842,\n        3.69459064, 3.12729915, 3.30756708, 3.43074336, 3.19530906],\n       [0.74833148, 0.75498344, 0.        , 1.11803399, 4.14125585,\n        4.14004831, 3.51994318, 3.60138862, 3.84707681, 3.48998567],\n       [0.53851648, 0.6       , 1.11803399, 0.        , 3.38526218,\n        3.31209903, 2.78926514, 2.94957624, 3.02820079, 2.91376046],\n       [3.49714169, 3.69052842, 4.14125585, 3.38526218, 0.        ,\n        0.55677644, 0.74833148, 1.12249722, 0.79372539, 1.08166538],\n       [3.47275107, 3.69459064, 4.14004831, 3.31209903, 0.55677644,\n        0.        , 0.71414284, 0.97467943, 0.37416574, 1.17473401],\n       [2.88963666, 3.12729915, 3.51994318, 2.78926514, 0.74833148,\n        0.71414284, 0.        , 0.58309519, 0.51961524, 0.67082039],\n       [2.99499583, 3.30756708, 3.60138862, 2.94957624, 1.12249722,\n        0.97467943, 0.58309519, 0.        , 0.72801099, 0.51961524],\n       [3.18747549, 3.43074336, 3.84707681, 3.02820079, 0.79372539,\n        0.37416574, 0.51961524, 0.72801099, 0.        , 1.02956301],\n       [2.89482297, 3.19530906, 3.48998567, 2.91376046, 1.08166538,\n        1.17473401, 0.67082039, 0.51961524, 1.02956301, 0.        ]])", "D_low": "array([[ 0.        ,  1.66867869,  0.60243487,  0.85949612, 42.66520152,\n        42.06989855, 41.34607948, 42.40768275, 41.89305614, 42.2236236 ],\n       [ 1.66867869,  0.        ,  1.46651051,  1.93717769, 42.71402298,\n        42.14748801, 41.47428961, 42.47043151, 41.85388142, 42.28161509],\n       [ 0.60243487,  1.46651051,  0.        ,  0.49623932, 42.14603614,\n        41.55605006, 40.84200855, 41.89107553, 41.35832358, 41.70610653],\n       [ 0.85949612,  1.93717769,  0.49623932,  0.        , 41.80787521,\n        41.21165126, 40.48682095, 41.54987834, 41.04023927, 41.36598329],\n       [42.66520152, 42.71402298, 42.14603614, 41.80787521,  0.        ,\n         0.93415393,  2.37700857,  0.4349116 ,  2.37431794,  0.49554426],\n       [42.06989855, 42.14748801, 41.55605006, 41.21165126,  0.93415393,\n         0.        ,  1.44876359,  0.50078404,  2.94787209,  0.51627897],\n       [41.34607948, 41.47428961, 40.84200855, 40.48682095,  2.37700857,\n         1.44876359,  0.        ,  1.94227877,  4.20412429,  1.95395235],\n       [42.40768275, 42.47043151, 41.89107553, 41.54987834,  0.4349116 ,\n         0.50078404,  1.94227877,  0.        ,  2.63633404,  0.22218458],\n       [41.89305614, 41.85388142, 41.35832358, 41.04023927,  2.37431794,\n         2.94787209,  4.20412429,  2.63633404,  0.        ,  2.47850466],\n       [42.2236236 , 42.28161509, 41.70610653, 41.36598329,  0.49554426,\n         0.51627897,  1.95395235,  0.22218458,  2.47850466,  0.        ]])"}}