{"duration": 0.0029730796813964844, "input_args": {"D_high": "array([[  0.        ,  63.23003439,  51.6526914 , ...,  66.22284519,\n         27.80260283, 159.45199265],\n       [ 63.23003439,   0.        ,  64.14069613, ...,  27.67658187,\n         52.44791055, 160.38731457],\n       [ 51.6526914 ,  64.14069613,   0.        , ...,  62.35925404,\n         42.98609637, 123.5982541 ],\n       ...,\n       [ 66.22284519,  27.67658187,  62.35925404, ...,   0.        ,\n         54.08764636, 159.7956386 ],\n       [ 27.80260283,  52.44791055,  42.98609637, ...,  54.08764636,\n          0.        , 157.90239317],\n       [159.45199265, 160.38731457, 123.5982541 , ..., 159.7956386 ,\n        157.90239317,   0.        ]])", "D_low": "array([[ 0.        , 12.69428582,  6.64630629, ..., 10.0723764 ,\n         3.59286182,  9.285516  ],\n       [12.69428582,  0.        , 19.25737028, ...,  4.22410148,\n        10.67244684, 20.88902641],\n       [ 6.64630629, 19.25737028,  0.        , ..., 16.24189292,\n         9.7441446 ,  6.90358795],\n       ...,\n       [10.0723764 ,  4.22410148, 16.24189292, ...,  0.        ,\n         9.18937861, 19.06808473],\n       [ 3.59286182, 10.67244684,  9.7441446 , ...,  9.18937861,\n         0.        , 10.2184516 ],\n       [ 9.285516  , 20.88902641,  6.90358795, ..., 19.06808473,\n        10.2184516 ,  0.        ]])"}}