{"duration": 0.003216981887817383, "input_args": {"D_high": "array([[  0.        ,  63.23003439,  51.6526914 , ...,  66.22284519,\n         27.80260283, 159.45199265],\n       [ 63.23003439,   0.        ,  64.14069613, ...,  27.67658187,\n         52.44791055, 160.38731457],\n       [ 51.6526914 ,  64.14069613,   0.        , ...,  62.35925404,\n         42.98609637, 123.5982541 ],\n       ...,\n       [ 66.22284519,  27.67658187,  62.35925404, ...,   0.        ,\n         54.08764636, 159.7956386 ],\n       [ 27.80260283,  52.44791055,  42.98609637, ...,  54.08764636,\n          0.        , 157.90239317],\n       [159.45199265, 160.38731457, 123.5982541 , ..., 159.7956386 ,\n        157.90239317,   0.        ]])", "D_low": "array([[ 0.        , 13.43881689,  6.78181205, ..., 11.88546233,\n         2.11737588, 11.33340433],\n       [13.43881689,  0.        ,  8.09938342, ...,  1.93107606,\n        13.21043514, 18.96047501],\n       [ 6.78181205,  8.09938342,  0.        , ...,  7.23278558,\n         5.70368808, 11.21766937],\n       ...,\n       [11.88546233,  1.93107606,  7.23278558, ...,  0.        ,\n        11.87109771, 18.39127849],\n       [ 2.11737588, 13.21043514,  5.70368808, ..., 11.87109771,\n         0.        ,  9.37538293],\n       [11.33340433, 18.96047501, 11.21766937, ..., 18.39127849,\n         9.37538293,  0.        ]])"}}