{"duration": 0.05190920829772949, "input_args": {"D_high": "array([[  0.        ,  77.93464827, 115.40589995, ..., 128.91608086,\n         71.42824327,  88.2669252 ],\n       [ 77.93464827,   0.        ,  83.43747073, ..., 114.70143766,\n         44.29446946,  17.10820975],\n       [115.40589995,  83.43747073,   0.        , ..., 138.70632141,\n         74.24292516,  83.46352557],\n       ...,\n       [128.91608086, 114.70143766, 138.70632141, ...,   0.        ,\n        116.45694834, 116.0975663 ],\n       [ 71.42824327,  44.29446946,  74.24292516, ..., 116.45694834,\n          0.        ,  52.21198288],\n       [ 88.2669252 ,  17.10820975,  83.46352557, ..., 116.0975663 ,\n         52.21198288,   0.        ]])", "D_low": "array([[ 0.        , 16.92820099, 16.82627662, ..., 18.64843731,\n         6.68691081, 17.79898706],\n       [16.92820099,  0.        , 23.47222593, ...,  7.7876226 ,\n        10.28766782,  1.22298241],\n       [16.82627662, 23.47222593,  0.        , ..., 18.71354027,\n        18.46810632, 23.46567811],\n       ...,\n       [18.64843731,  7.7876226 , 18.71354027, ...,  0.        ,\n        13.28007392,  6.95734231],\n       [ 6.68691081, 10.28766782, 18.46810632, ..., 13.28007392,\n         0.        , 11.21819503],\n       [17.79898706,  1.22298241, 23.46567811, ...,  6.95734231,\n        11.21819503,  0.        ]])"}}