{"duration": 0.03452873229980469, "input_args": {"D_high": "array([[  0.        ,  66.90348403,  54.29633528, ...,  50.39119964,\n         89.23943184,  61.27038404],\n       [ 66.90348403,   0.        , 102.51825711, ...,  26.11680932,\n         80.22894802,  38.63518149],\n       [ 54.29633528, 102.51825711,   0.        , ...,  85.13919448,\n         91.66838038,  76.41017076],\n       ...,\n       [ 50.39119964,  26.11680932,  85.13919448, ...,   0.        ,\n         86.1426327 ,  33.06672648],\n       [ 89.23943184,  80.22894802,  91.66838038, ...,  86.1426327 ,\n          0.        ,  65.05813008],\n       [ 61.27038404,  38.63518149,  76.41017076, ...,  33.06672648,\n         65.05813008,   0.        ]])", "D_low": "array([[ 0.        , 12.88212359,  6.05681085, ...,  9.30549862,\n        20.38571659,  8.51563064],\n       [12.88212359,  0.        , 17.98543089, ...,  3.60493374,\n        24.64406401, 12.21499094],\n       [ 6.05681085, 17.98543089,  0.        , ..., 14.60926681,\n        16.93545687,  9.05963083],\n       ...,\n       [ 9.30549862,  3.60493374, 14.60926681, ...,  0.        ,\n        23.16021051, 10.03229094],\n       [20.38571659, 24.64406401, 16.93545687, ..., 23.16021051,\n         0.        , 13.3511445 ],\n       [ 8.51563064, 12.21499094,  9.05963083, ..., 10.03229094,\n        13.3511445 ,  0.        ]])"}}