{"duration": 0.005524158477783203, "input_args": {"D_high": "array([[  0.        ,  99.03767478, 222.48737404, ...,  68.05106924,\n         70.4634419 ,  60.21040362],\n       [ 99.03767478,   0.        , 164.71032149, ...,  64.29096437,\n         79.46048483,  91.05102311],\n       [222.48737404, 164.71032149,   0.        , ..., 171.03618466,\n        234.92428202, 228.54251158],\n       ...,\n       [ 68.05106924,  64.29096437, 171.03618466, ...,   0.        ,\n         81.67068317,  66.23426945],\n       [ 70.4634419 ,  79.46048483, 234.92428202, ...,  81.67068317,\n          0.        ,  43.77778089],\n       [ 60.21040362,  91.05102311, 228.54251158, ...,  66.23426945,\n         43.77778089,   0.        ]])", "D_low": "array([[ 0.        ,  9.92409853, 16.97506869, ...,  8.34700883,\n         6.22838575, 11.01725681],\n       [ 9.92409853,  0.        , 13.69141625, ...,  3.15638906,\n         7.67198647,  4.94021118],\n       [16.97506869, 13.69141625,  0.        , ..., 11.40049831,\n        10.76136095, 18.63153065],\n       ...,\n       [ 8.34700883,  3.15638906, 11.40049831, ...,  0.        ,\n         4.64871135,  7.65256643],\n       [ 6.22838575,  7.67198647, 10.76136095, ...,  4.64871135,\n         0.        , 11.3982653 ],\n       [11.01725681,  4.94021118, 18.63153065, ...,  7.65256643,\n        11.3982653 ,  0.        ]])"}}