{"duration": 0.020191192626953125, "input_args": {"D_high": "array([[  0.        ,  78.51486107,  69.20815273, ...,  69.73493016,\n         71.7084146 ,  59.3410676 ],\n       [ 78.51486107,   0.        ,  52.82187071, ..., 116.13798098,\n         25.56589605,  57.21757619],\n       [ 69.20815273,  52.82187071,   0.        , ..., 115.90542006,\n         47.68584545,  27.4294094 ],\n       ...,\n       [ 69.73493016, 116.13798098, 115.90542006, ...,   0.        ,\n        116.45694834, 116.0975663 ],\n       [ 71.7084146 ,  25.56589605,  47.68584545, ..., 116.45694834,\n          0.        ,  52.21198288],\n       [ 59.3410676 ,  57.21757619,  27.4294094 , ..., 116.0975663 ,\n         52.21198288,   0.        ]])", "D_low": "array([[ 0.        , 22.71987421, 11.03582785, ..., 13.31405763,\n        21.04331228,  6.75748172],\n       [22.71987421,  0.        , 18.62896005, ..., 33.29422116,\n         3.29205326, 18.40989267],\n       [11.03582785, 18.62896005,  0.        , ..., 15.55257359,\n        18.6094455 ,  4.59234616],\n       ...,\n       [13.31405763, 33.29422116, 15.55257359, ...,  0.        ,\n        32.46524553, 14.91729825],\n       [21.04331228,  3.29205326, 18.6094455 , ..., 32.46524553,\n         0.        , 17.57907642],\n       [ 6.75748172, 18.40989267,  4.59234616, ..., 14.91729825,\n        17.57907642,  0.        ]])"}}