{"duration": 0.005877971649169922, "input_args": {"D_high": "array([[  0.        ,  84.1961696 ,  77.77817558, ..., 164.25094499,\n         96.7953527 , 143.21994847],\n       [ 84.1961696 ,   0.        , 123.13577912, ..., 226.59142528,\n         74.06281237, 214.02748194],\n       [ 77.77817558, 123.13577912,   0.        , ..., 111.20643942,\n         90.52153753, 101.51019271],\n       ...,\n       [164.25094499, 226.59142528, 111.20643942, ...,   0.        ,\n        189.87669905,  46.59966957],\n       [ 96.7953527 ,  74.06281237,  90.52153753, ..., 189.87669905,\n          0.        , 186.26121056],\n       [143.21994847, 214.02748194, 101.51019271, ...,  46.59966957,\n        186.26121056,   0.        ]])", "D_low": "array([[ 0.        ,  5.8449424 , 12.57063138, ..., 27.62214926,\n         8.49295119, 15.28265756],\n       [ 5.8449424 ,  0.        , 14.25224216, ..., 24.34475828,\n         4.24321735, 10.45269222],\n       [12.57063138, 14.25224216,  0.        , ..., 20.43956328,\n        12.12029002, 15.49272679],\n       ...,\n       [27.62214926, 24.34475828, 20.43956328, ...,  0.        ,\n        20.1199454 , 14.85185633],\n       [ 8.49295119,  4.24321735, 12.12029002, ..., 20.1199454 ,\n         0.        ,  6.78994127],\n       [15.28265756, 10.45269222, 15.49272679, ..., 14.85185633,\n         6.78994127,  0.        ]])"}}