{"duration": 0.018169879913330078, "input_args": {"D_high": "array([[  0.        ,  66.90348403,  54.29633528, ..., 117.7833007 ,\n         43.58127217,  61.71982942],\n       [ 66.90348403,   0.        , 102.51825711, ..., 118.02190998,\n         53.16248681,  12.74524602],\n       [ 54.29633528, 102.51825711,   0.        , ..., 130.39398885,\n         59.87774486,  96.3199743 ],\n       ...,\n       [117.7833007 , 118.02190998, 130.39398885, ...,   0.        ,\n        116.45694834, 116.0975663 ],\n       [ 43.58127217,  53.16248681,  59.87774486, ..., 116.45694834,\n          0.        ,  52.21198288],\n       [ 61.71982942,  12.74524602,  96.3199743 , ..., 116.0975663 ,\n         52.21198288,   0.        ]])", "D_low": "array([[ 0.        , 11.8118645 ,  3.81799678, ..., 18.0413258 ,\n         9.22930266, 11.10244239],\n       [11.8118645 ,  0.        , 12.26447565, ...,  7.11149232,\n         7.84589459,  0.80011949],\n       [ 3.81799678, 12.26447565,  0.        , ..., 17.39194117,\n         7.13376748, 11.47378013],\n       ...,\n       [18.0413258 ,  7.11149232, 17.39194117, ...,  0.        ,\n        10.80796251,  7.50943739],\n       [ 9.22930266,  7.84589459,  7.13376748, ..., 10.80796251,\n         0.        ,  7.12658308],\n       [11.10244239,  0.80011949, 11.47378013, ...,  7.50943739,\n         7.12658308,  0.        ]])"}}