{"duration": 0.003393888473510742, "input_args": {"D_high": "array([[  0.        , 136.88299559, 144.63509711, ...,  53.53524373,\n        141.87200429, 141.91977723],\n       [136.88299559,   0.        ,  31.11839599, ..., 184.18305812,\n         45.52624475,  35.90271834],\n       [144.63509711,  31.11839599,   0.        , ..., 189.98133079,\n         39.42516501,  34.06235871],\n       ...,\n       [ 53.53524373, 184.18305812, 189.98133079, ...,   0.        ,\n        183.80014255, 184.46368641],\n       [141.87200429,  45.52624475,  39.42516501, ..., 183.80014255,\n          0.        ,  20.60302427],\n       [141.91977723,  35.90271834,  34.06235871, ..., 184.46368641,\n         20.60302427,   0.        ]])", "D_low": "array([[ 0.        , 12.35326036, 12.13593236, ...,  3.75085249,\n        14.15839206, 14.08854129],\n       [12.35326036,  0.        ,  7.55970927, ..., 15.98336101,\n         7.25257672,  7.89064663],\n       [12.13593236,  7.55970927,  0.        , ..., 14.71998794,\n         2.3399517 ,  2.00645255],\n       ...,\n       [ 3.75085249, 15.98336101, 14.71998794, ...,  0.        ,\n        16.92284758, 16.72451202],\n       [14.15839206,  7.25257672,  2.3399517 , ..., 16.92284758,\n         0.        ,  0.77279508],\n       [14.08854129,  7.89064663,  2.00645255, ..., 16.72451202,\n         0.77279508,  0.        ]])"}}