{"duration": 0.003251791000366211, "input_args": {"D_high": "array([[0.        , 1.25698051, 0.78740079, ..., 4.57602448, 4.79165942,\n        4.21781934],\n       [1.25698051, 0.        , 0.50990195, ..., 4.05215992, 4.25440948,\n        3.80657326],\n       [0.78740079, 0.50990195, 0.        , ..., 4.10609303, 4.32897216,\n        3.81182371],\n       ...,\n       [4.57602448, 4.05215992, 4.10609303, ..., 0.        , 0.6164414 ,\n        0.64031242],\n       [4.79165942, 4.25440948, 4.32897216, ..., 0.6164414 , 0.        ,\n        0.76811457],\n       [4.21781934, 3.80657326, 3.81182371, ..., 0.64031242, 0.76811457,\n        0.        ]])", "D_low": "array([[ 0.        ,  9.57072773,  8.44984581, ..., 16.45155345,\n         8.87024419, 15.86036223],\n       [ 9.57072773,  0.        ,  2.0275817 , ..., 16.29521714,\n        14.6008778 , 12.87033958],\n       [ 8.44984581,  2.0275817 ,  0.        , ..., 17.54026641,\n        14.64318603, 14.4801515 ],\n       ...,\n       [16.45155345, 16.29521714, 17.54026641, ...,  0.        ,\n        10.1611533 ,  5.05901394],\n       [ 8.87024419, 14.6008778 , 14.64318603, ..., 10.1611533 ,\n         0.        , 12.28607745],\n       [15.86036223, 12.87033958, 14.4801515 , ...,  5.05901394,\n        12.28607745,  0.        ]])"}}