{"duration": 0.009063959121704102, "input_args": {"D_high": "array([[0.        , 1.25698051, 0.78740079, ..., 4.57602448, 4.79165942,\n        4.21781934],\n       [1.25698051, 0.        , 0.50990195, ..., 4.05215992, 4.25440948,\n        3.80657326],\n       [0.78740079, 0.50990195, 0.        , ..., 4.10609303, 4.32897216,\n        3.81182371],\n       ...,\n       [4.57602448, 4.05215992, 4.10609303, ..., 0.        , 0.6164414 ,\n        0.64031242],\n       [4.79165942, 4.25440948, 4.32897216, ..., 0.6164414 , 0.        ,\n        0.76811457],\n       [4.21781934, 3.80657326, 3.81182371, ..., 0.64031242, 0.76811457,\n        0.        ]])", "D_low": "array([[ 0.        , 37.3493641 , 38.51212395, ..., 28.25676578,\n        30.12574725, 43.1784658 ],\n       [37.3493641 ,  0.        ,  1.45347881, ..., 43.88927751,\n        48.39435743, 26.50101281],\n       [38.51212395,  1.45347881,  0.        , ..., 44.23337234,\n        48.76570965, 25.78748549],\n       ...,\n       [28.25676578, 43.88927751, 44.23337234, ...,  0.        ,\n         4.60703479, 30.70294073],\n       [30.12574725, 48.39435743, 48.76570965, ...,  4.60703479,\n         0.        , 34.96756527],\n       [43.1784658 , 26.50101281, 25.78748549, ..., 30.70294073,\n        34.96756527,  0.        ]])"}}