{"duration": 0.001811981201171875, "input_args": {"D_high": "array([[0.        , 1.27279221, 1.55563492, 0.87749644, 1.64316767,\n        3.48425028, 3.98748041, 3.39705755, 3.78549865, 4.09145451,\n        3.68781778, 3.48998567, 3.54259792, 3.04959014, 3.08868904,\n        3.18433667, 3.33916157, 4.93254498, 5.45985348, 4.46989933],\n       [1.27279221, 0.        , 0.52915026, 0.59160798, 0.66332496,\n        3.24653662, 3.81051178, 2.74954542, 3.4568772 , 3.64965752,\n        3.27719392, 3.23109888, 3.13209195, 2.48596058, 2.596151  ,\n        2.6       , 2.96141858, 4.66368953, 5.27730992, 4.23083916],\n       [1.55563492, 0.52915026, 0.        , 0.74161985, 0.34641016,\n        3.63593179, 4.18568991, 3.01330383, 3.8457769 , 3.97994975,\n        3.60277671, 3.60555128, 3.49428104, 2.81780056, 2.94957624,\n        2.9189039 , 3.318132  , 5.04678115, 5.63293884, 4.64112055],\n       [0.87749644, 0.59160798, 0.74161985, 0.        , 0.80622577,\n        3.48568501, 4.0385641 , 3.12569992, 3.71483512, 3.96358424,\n        3.55105618, 3.48855271, 3.42344855, 2.82665881, 2.88963666,\n        2.94788059, 3.24345495, 4.92341345, 5.50454358, 4.48887514],\n       [1.64316767, 0.66332496, 0.34641016, 0.80622577, 0.        ,\n        3.81313519, 4.38634244, 3.21869539, 3.97617907, 4.16173041,\n        3.78153408, 3.80525952, 3.65376518, 2.98998328, 3.08868904,\n        3.09192497, 3.50285598, 5.19711458, 5.82666285, 4.78121324],\n       [3.48425028, 3.24653662, 3.63593179, 3.48568501, 3.81313519,\n        0.        , 0.64807407, 1.28840987, 0.65574385, 0.81240384,\n        0.6164414 , 0.31622777, 0.5       , 1.02956301, 0.93808315,\n        1.02956301, 0.45825757, 1.49331845, 2.05669638, 1.13137085],\n       [3.98748041, 3.81051178, 4.18568991, 4.0385641 , 4.38634244,\n        0.64807407, 0.        , 1.63707055, 1.05356538, 0.84852814,\n        0.92736185, 0.6       , 1.00498756, 1.56843871, 1.54272486,\n        1.53622915, 0.96436508, 1.21243557, 1.5       , 1.02956301],\n       [3.39705755, 2.74954542, 3.01330383, 3.12569992, 3.21869539,\n        1.28840987, 1.63707055, 0.        , 1.5132746 , 1.11355287,\n        0.9486833 , 1.14891253, 0.99498744, 0.58309519, 0.9486833 ,\n        0.48989795, 0.84261498, 2.36008474, 2.84780617, 2.13072758],\n       [3.78549865, 3.4568772 , 3.8457769 , 3.71483512, 3.97617907,\n        0.65574385, 1.05356538, 1.5132746 , 0.        , 0.8660254 ,\n        0.75498344, 0.92195445, 0.52915026, 1.19582607, 0.93273791,\n        1.17046999, 0.82462113, 1.2489996 , 2.07364414, 0.8660254 ],\n       [4.09145451, 3.64965752, 3.97994975, 3.96358424, 4.16173041,\n        0.81240384, 0.84852814, 1.11355287, 0.8660254 , 0.        ,\n        0.50990195, 0.77459667, 0.64031242, 1.17473401, 1.19163753,\n        1.07703296, 0.75498344, 1.26095202, 1.79164729, 1.14017543],\n       [3.68781778, 3.27719392, 3.60277671, 3.55105618, 3.78153408,\n        0.6164414 , 0.92736185, 0.9486833 , 0.75498344, 0.50990195,\n        0.        , 0.64807407, 0.38729833, 0.86023253, 0.81240384,\n        0.78740079, 0.43588989, 1.55241747, 2.0904545 , 1.34907376],\n       [3.48998567, 3.23109888, 3.60555128, 3.48855271, 3.80525952,\n        0.31622777, 0.6       , 1.14891253, 0.92195445, 0.77459667,\n        0.64807407, 0.        , 0.6244998 , 1.00995049, 1.04880885,\n        1.        , 0.43588989, 1.61554944, 2.06639783, 1.30384048],\n       [3.54259792, 3.13209195, 3.49428104, 3.42344855, 3.65376518,\n        0.5       , 1.00498756, 0.99498744, 0.52915026, 0.64031242,\n        0.38729833, 0.6244998 , 0.        , 0.72801099, 0.60827625,\n        0.68556546, 0.34641016, 1.56204994, 2.24053565, 1.23693169],\n       [3.04959014, 2.48596058, 2.81780056, 2.82665881, 2.98998328,\n        1.02956301, 1.56843871, 0.58309519, 1.19582607, 1.17473401,\n        0.86023253, 1.00995049, 0.72801099, 0.        , 0.42426407,\n        0.14142136, 0.60827625, 2.27815715, 2.9       , 1.94422221],\n       [3.08868904, 2.596151  , 2.94957624, 2.88963666, 3.08868904,\n        0.93808315, 1.54272486, 0.9486833 , 0.93273791, 1.19163753,\n        0.81240384, 1.04880885, 0.60827625, 0.42426407, 0.        ,\n        0.46904158, 0.64031242, 2.12367606, 2.82665881, 1.76635217],\n       [3.18433667, 2.6       , 2.9189039 , 2.94788059, 3.09192497,\n        1.02956301, 1.53622915, 0.48989795, 1.17046999, 1.07703296,\n        0.78740079, 1.        , 0.68556546, 0.14142136, 0.46904158,\n        0.        , 0.59160798, 2.21133444, 2.82665881, 1.90262976],\n       [3.33916157, 2.96141858, 3.318132  , 3.24345495, 3.50285598,\n        0.45825757, 0.96436508, 0.84261498, 0.82462113, 0.75498344,\n        0.43588989, 0.43588989, 0.34641016, 0.60827625, 0.64031242,\n        0.59160798, 0.        , 1.77763888, 2.33666429, 1.45945195],\n       [4.93254498, 4.66368953, 5.04678115, 4.92341345, 5.19711458,\n        1.49331845, 1.21243557, 2.36008474, 1.2489996 , 1.26095202,\n        1.55241747, 1.61554944, 1.56204994, 2.27815715, 2.12367606,\n        2.21133444, 1.77763888, 0.        , 1.02956301, 0.55677644],\n       [5.45985348, 5.27730992, 5.63293884, 5.50454358, 5.82666285,\n        2.05669638, 1.5       , 2.84780617, 2.07364414, 1.79164729,\n        2.0904545 , 2.06639783, 2.24053565, 2.9       , 2.82665881,\n        2.82665881, 2.33666429, 1.02956301, 0.        , 1.46628783],\n       [4.46989933, 4.23083916, 4.64112055, 4.48887514, 4.78121324,\n        1.13137085, 1.02956301, 2.13072758, 0.8660254 , 1.14017543,\n        1.34907376, 1.30384048, 1.23693169, 1.94422221, 1.76635217,\n        1.90262976, 1.45945195, 0.55677644, 1.46628783, 0.        ]])", "D_low": "array([[ 0.        ,  3.25492572,  3.42178854,  0.78261409,  4.88465662,\n        15.01124233, 13.93370163, 18.71817493, 15.02720697, 13.33329703,\n        15.8955751 , 15.08890587, 16.00041143, 18.70797552, 18.60090363,\n        18.84467579, 16.25308445,  9.09324419,  9.23805744,  8.47385945],\n       [ 3.25492572,  0.        ,  3.2487353 ,  2.47644409,  4.84444007,\n        14.19735828, 13.51581218, 17.61652308, 13.60615229, 11.6793872 ,\n        14.95021465, 14.41351798, 15.08018145, 17.91619206, 18.02181498,\n        18.04447659, 15.52216112,  7.76183491,  7.03224802,  7.28775255],\n       [ 3.42178854,  3.2487353 ,  0.        ,  3.01666346,  1.6808501 ,\n        11.67418806, 10.72573766, 15.33015399, 11.60544971,  9.92860689,\n        12.53022969, 11.79290308, 12.64105126, 15.39088456, 15.35300667,\n        15.52558594, 12.94515792,  5.67510429,  6.09894376,  5.05212023],\n       [ 0.78261409,  2.47644409,  3.01666346,  0.        ,  4.60427104,\n        14.68846774, 13.69609064, 18.34323389, 14.57241646, 12.82377127,\n        15.54687673, 14.79761437, 15.65765934, 18.40219129, 18.34327327,\n        18.5373438 , 15.95363889,  8.62155687,  8.60240206,  8.02487607],\n       [ 4.88465662,  4.84444007,  1.6808501 ,  4.60427104,  0.        ,\n        10.12674419,  9.09197936, 13.8524218 , 10.2844883 ,  8.76268127,\n        11.01700998, 10.20914152, 11.11959364, 13.82486574, 13.74127808,\n        13.9612911 , 11.37104914,  4.49931332,  5.60057713,  3.82743359],\n       [15.01124233, 14.19735828, 11.67418806, 14.68846774, 10.12674419,\n         0.        ,  1.96454606,  3.88341013,  2.88614065,  4.32196582,\n         1.03615338,  0.65814675,  1.07063571,  3.72692153,  3.91548662,\n         3.85878919,  1.35073464,  6.51002063,  8.3998337 ,  6.91568978],\n       [13.93370163, 13.51581218, 10.72573766, 13.69609064,  9.09197936,\n         1.96454606,  0.        ,  5.61897977,  4.5455204 ,  5.39736286,\n         2.9547923 ,  1.5396686 ,  2.9391433 ,  4.96923696,  4.67832307,\n         5.11091046,  2.61047593,  6.20293854,  8.52357847,  6.43087582],\n       [18.71817493, 17.61652308, 15.33015399, 18.34323389, 13.8524218 ,\n         3.88341013,  5.61897977,  0.        ,  4.23094552,  6.34984505,\n         2.8832341 ,  4.09165444,  2.81608782,  1.8202681 ,  3.03437163,\n         1.79398477,  3.05060824,  9.85832775, 11.1832193 , 10.37673237],\n       [15.02720697, 13.60615229, 11.60544971, 14.57241646, 10.2844883 ,\n         2.88614065,  4.5455204 ,  4.23094552,  0.        ,  2.11934897,\n         2.5820779 ,  3.54427834,  2.74944867,  5.21409699,  5.95744714,\n         5.29770304,  3.73852291,  5.95257091,  6.97449698,  6.55395426],\n       [13.33329703, 11.6793872 ,  9.92860689, 12.82377127,  8.76268127,\n         4.32196582,  5.39736286,  6.34984505,  2.11934897,  0.        ,\n         4.41396261,  4.92559977,  4.5850504 ,  7.26475365,  7.9003344 ,\n         7.35760224,  5.48187972,  4.27532481,  4.8915909 ,  4.93715089],\n       [15.8955751 , 14.95021465, 12.53022969, 15.54687673, 11.01700998,\n         1.03615338,  2.9547923 ,  2.8832341 ,  2.5820779 ,  4.41396261,\n         0.        ,  1.45728712,  0.17168533,  3.01617164,  3.49284899,\n         3.13359112,  1.16468322,  7.20449667,  8.87478189,  7.66540762],\n       [15.08890587, 14.41351798, 11.79290308, 14.79761437, 10.20914152,\n         0.65814675,  1.5396686 ,  4.09165444,  3.54427834,  4.92559977,\n         1.45728712,  0.        ,  1.41727794,  3.62804307,  3.61122591,\n         3.76691263,  1.17346887,  6.80754898,  8.82819954,  7.1638273 ],\n       [16.00041143, 15.08018145, 12.64105126, 15.65765934, 11.11959364,\n         1.07063571,  2.9391433 ,  2.81608782,  2.74944867,  4.5850504 ,\n         0.17168533,  1.41727794,  0.        ,  2.86805822,  3.32366202,\n         2.98777336,  1.00691401,  7.34008771,  9.0326885 ,  7.79359965],\n       [18.70797552, 17.91619206, 15.39088456, 18.40219129, 13.82486574,\n         3.72692153,  4.96923696,  1.8202681 ,  5.21409699,  7.26475365,\n         3.01617164,  3.62804307,  2.86805822,  0.        ,  1.22385444,\n         0.14172192,  2.45695052, 10.196121  , 11.87771275, 10.62949784],\n       [18.60090363, 18.02181498, 15.35300667, 18.34327327, 13.74127808,\n         3.91548662,  4.67832307,  3.03437163,  5.95744714,  7.9003344 ,\n         3.49284899,  3.61122591,  3.32366202,  1.22385444,  0.        ,\n         1.28422068,  2.5662813 , 10.40414895, 12.29524008, 10.77410002],\n       [18.84467579, 18.04447659, 15.52558594, 18.5373438 , 13.9612911 ,\n         3.85878919,  5.11091046,  1.79398477,  5.29770304,  7.35760224,\n         3.13359112,  3.76691263,  2.98777336,  0.14172192,  1.28422068,\n         0.        ,  2.59514664, 10.32070642, 11.98750172, 10.75730827],\n       [16.25308445, 15.52216112, 12.94515792, 15.95363889, 11.37104914,\n         1.35073464,  2.61047593,  3.05060824,  3.73852291,  5.48187972,\n         1.16468322,  1.17346887,  1.00691401,  2.45695052,  2.5662813 ,\n         2.59514664,  0.        ,  7.85584812,  9.73547502,  8.2490903 ],\n       [ 9.09324419,  7.76183491,  5.67510429,  8.62155687,  4.49931332,\n         6.51002063,  6.20293854,  9.85832775,  5.95257091,  4.27532481,\n         7.20449667,  6.80754898,  7.34008771, 10.196121  , 10.40414895,\n        10.32070642,  7.85584812,  0.        ,  2.66536671,  0.6813107 ],\n       [ 9.23805744,  7.03224802,  6.09894376,  8.60240206,  5.60057713,\n         8.3998337 ,  8.52357847, 11.1832193 ,  6.97449698,  4.8915909 ,\n         8.87478189,  8.82819954,  9.0326885 , 11.87771275, 12.29524008,\n        11.98750172,  9.73547502,  2.66536671,  0.        ,  2.9524953 ],\n       [ 8.47385945,  7.28775255,  5.05212023,  8.02487607,  3.82743359,\n         6.91568978,  6.43087582, 10.37673237,  6.55395426,  4.93715089,\n         7.66540762,  7.1638273 ,  7.79359965, 10.62949784, 10.77410002,\n        10.75730827,  8.2490903 ,  0.6813107 ,  2.9524953 ,  0.        ]])"}}