{"duration": 0.019102811813354492, "input_args": {"D_high": "array([[  0.        ,  78.51486107,  69.20815273, ...,  69.73493016,\n         71.7084146 ,  59.3410676 ],\n       [ 78.51486107,   0.        ,  52.82187071, ..., 116.13798098,\n         25.56589605,  57.21757619],\n       [ 69.20815273,  52.82187071,   0.        , ..., 115.90542006,\n         47.68584545,  27.4294094 ],\n       ...,\n       [ 69.73493016, 116.13798098, 115.90542006, ...,   0.        ,\n        116.45694834, 116.0975663 ],\n       [ 71.7084146 ,  25.56589605,  47.68584545, ..., 116.45694834,\n          0.        ,  52.21198288],\n       [ 59.3410676 ,  57.21757619,  27.4294094 , ..., 116.0975663 ,\n         52.21198288,   0.        ]])", "D_low": "array([[ 0.        , 10.05528326, 15.20225844, ...,  9.34687631,\n         9.37303371, 12.57700326],\n       [10.05528326,  0.        ,  9.52171139, ..., 11.78425768,\n         0.98208975,  7.79075002],\n       [15.20225844,  9.52171139,  0.        , ...,  9.54955966,\n         9.03828839,  2.627585  ],\n       ...,\n       [ 9.34687631, 11.78425768,  9.54955966, ...,  0.        ,\n        10.80796251,  7.50943739],\n       [ 9.37303371,  0.98208975,  9.03828839, ..., 10.80796251,\n         0.        ,  7.12658308],\n       [12.57700326,  7.79075002,  2.627585  , ...,  7.50943739,\n         7.12658308,  0.        ]])"}}