{"duration": 0.0400388240814209, "input_args": {"D_high": "array([[  0.        ,  77.93464827, 115.40589995, ..., 128.91608086,\n         71.42824327,  88.2669252 ],\n       [ 77.93464827,   0.        ,  83.43747073, ..., 114.70143766,\n         44.29446946,  17.10820975],\n       [115.40589995,  83.43747073,   0.        , ..., 138.70632141,\n         74.24292516,  83.46352557],\n       ...,\n       [128.91608086, 114.70143766, 138.70632141, ...,   0.        ,\n        116.45694834, 116.0975663 ],\n       [ 71.42824327,  44.29446946,  74.24292516, ..., 116.45694834,\n          0.        ,  52.21198288],\n       [ 88.2669252 ,  17.10820975,  83.46352557, ..., 116.0975663 ,\n         52.21198288,   0.        ]])", "D_low": "array([[ 0.        , 14.82987964, 31.78936969, ..., 26.42474516,\n        12.7991108 , 15.82436561],\n       [14.82987964,  0.        , 20.90198008, ..., 16.78085436,\n        11.10397889,  2.45208838],\n       [31.78936969, 20.90198008,  0.        , ..., 33.00655782,\n        19.61627371, 18.5459278 ],\n       ...,\n       [26.42474516, 16.78085436, 33.00655782, ...,  0.        ,\n        27.78868688, 18.65070382],\n       [12.7991108 , 11.10397889, 19.61627371, ..., 27.78868688,\n         0.        ,  9.81269925],\n       [15.82436561,  2.45208838, 18.5459278 , ..., 18.65070382,\n         9.81269925,  0.        ]])"}}