{"duration": 0.002315044403076172, "input_args": {"D_high": "array([[0.        , 1.27279221, 1.55563492, 0.87749644, 1.64316767,\n        3.48425028, 3.98748041, 3.39705755, 3.78549865, 4.09145451,\n        3.68781778, 3.48998567, 3.54259792, 3.04959014, 3.08868904,\n        3.18433667, 3.33916157, 4.93254498, 5.45985348, 4.46989933],\n       [1.27279221, 0.        , 0.52915026, 0.59160798, 0.66332496,\n        3.24653662, 3.81051178, 2.74954542, 3.4568772 , 3.64965752,\n        3.27719392, 3.23109888, 3.13209195, 2.48596058, 2.596151  ,\n        2.6       , 2.96141858, 4.66368953, 5.27730992, 4.23083916],\n       [1.55563492, 0.52915026, 0.        , 0.74161985, 0.34641016,\n        3.63593179, 4.18568991, 3.01330383, 3.8457769 , 3.97994975,\n        3.60277671, 3.60555128, 3.49428104, 2.81780056, 2.94957624,\n        2.9189039 , 3.318132  , 5.04678115, 5.63293884, 4.64112055],\n       [0.87749644, 0.59160798, 0.74161985, 0.        , 0.80622577,\n        3.48568501, 4.0385641 , 3.12569992, 3.71483512, 3.96358424,\n        3.55105618, 3.48855271, 3.42344855, 2.82665881, 2.88963666,\n        2.94788059, 3.24345495, 4.92341345, 5.50454358, 4.48887514],\n       [1.64316767, 0.66332496, 0.34641016, 0.80622577, 0.        ,\n        3.81313519, 4.38634244, 3.21869539, 3.97617907, 4.16173041,\n        3.78153408, 3.80525952, 3.65376518, 2.98998328, 3.08868904,\n        3.09192497, 3.50285598, 5.19711458, 5.82666285, 4.78121324],\n       [3.48425028, 3.24653662, 3.63593179, 3.48568501, 3.81313519,\n        0.        , 0.64807407, 1.28840987, 0.65574385, 0.81240384,\n        0.6164414 , 0.31622777, 0.5       , 1.02956301, 0.93808315,\n        1.02956301, 0.45825757, 1.49331845, 2.05669638, 1.13137085],\n       [3.98748041, 3.81051178, 4.18568991, 4.0385641 , 4.38634244,\n        0.64807407, 0.        , 1.63707055, 1.05356538, 0.84852814,\n        0.92736185, 0.6       , 1.00498756, 1.56843871, 1.54272486,\n        1.53622915, 0.96436508, 1.21243557, 1.5       , 1.02956301],\n       [3.39705755, 2.74954542, 3.01330383, 3.12569992, 3.21869539,\n        1.28840987, 1.63707055, 0.        , 1.5132746 , 1.11355287,\n        0.9486833 , 1.14891253, 0.99498744, 0.58309519, 0.9486833 ,\n        0.48989795, 0.84261498, 2.36008474, 2.84780617, 2.13072758],\n       [3.78549865, 3.4568772 , 3.8457769 , 3.71483512, 3.97617907,\n        0.65574385, 1.05356538, 1.5132746 , 0.        , 0.8660254 ,\n        0.75498344, 0.92195445, 0.52915026, 1.19582607, 0.93273791,\n        1.17046999, 0.82462113, 1.2489996 , 2.07364414, 0.8660254 ],\n       [4.09145451, 3.64965752, 3.97994975, 3.96358424, 4.16173041,\n        0.81240384, 0.84852814, 1.11355287, 0.8660254 , 0.        ,\n        0.50990195, 0.77459667, 0.64031242, 1.17473401, 1.19163753,\n        1.07703296, 0.75498344, 1.26095202, 1.79164729, 1.14017543],\n       [3.68781778, 3.27719392, 3.60277671, 3.55105618, 3.78153408,\n        0.6164414 , 0.92736185, 0.9486833 , 0.75498344, 0.50990195,\n        0.        , 0.64807407, 0.38729833, 0.86023253, 0.81240384,\n        0.78740079, 0.43588989, 1.55241747, 2.0904545 , 1.34907376],\n       [3.48998567, 3.23109888, 3.60555128, 3.48855271, 3.80525952,\n        0.31622777, 0.6       , 1.14891253, 0.92195445, 0.77459667,\n        0.64807407, 0.        , 0.6244998 , 1.00995049, 1.04880885,\n        1.        , 0.43588989, 1.61554944, 2.06639783, 1.30384048],\n       [3.54259792, 3.13209195, 3.49428104, 3.42344855, 3.65376518,\n        0.5       , 1.00498756, 0.99498744, 0.52915026, 0.64031242,\n        0.38729833, 0.6244998 , 0.        , 0.72801099, 0.60827625,\n        0.68556546, 0.34641016, 1.56204994, 2.24053565, 1.23693169],\n       [3.04959014, 2.48596058, 2.81780056, 2.82665881, 2.98998328,\n        1.02956301, 1.56843871, 0.58309519, 1.19582607, 1.17473401,\n        0.86023253, 1.00995049, 0.72801099, 0.        , 0.42426407,\n        0.14142136, 0.60827625, 2.27815715, 2.9       , 1.94422221],\n       [3.08868904, 2.596151  , 2.94957624, 2.88963666, 3.08868904,\n        0.93808315, 1.54272486, 0.9486833 , 0.93273791, 1.19163753,\n        0.81240384, 1.04880885, 0.60827625, 0.42426407, 0.        ,\n        0.46904158, 0.64031242, 2.12367606, 2.82665881, 1.76635217],\n       [3.18433667, 2.6       , 2.9189039 , 2.94788059, 3.09192497,\n        1.02956301, 1.53622915, 0.48989795, 1.17046999, 1.07703296,\n        0.78740079, 1.        , 0.68556546, 0.14142136, 0.46904158,\n        0.        , 0.59160798, 2.21133444, 2.82665881, 1.90262976],\n       [3.33916157, 2.96141858, 3.318132  , 3.24345495, 3.50285598,\n        0.45825757, 0.96436508, 0.84261498, 0.82462113, 0.75498344,\n        0.43588989, 0.43588989, 0.34641016, 0.60827625, 0.64031242,\n        0.59160798, 0.        , 1.77763888, 2.33666429, 1.45945195],\n       [4.93254498, 4.66368953, 5.04678115, 4.92341345, 5.19711458,\n        1.49331845, 1.21243557, 2.36008474, 1.2489996 , 1.26095202,\n        1.55241747, 1.61554944, 1.56204994, 2.27815715, 2.12367606,\n        2.21133444, 1.77763888, 0.        , 1.02956301, 0.55677644],\n       [5.45985348, 5.27730992, 5.63293884, 5.50454358, 5.82666285,\n        2.05669638, 1.5       , 2.84780617, 2.07364414, 1.79164729,\n        2.0904545 , 2.06639783, 2.24053565, 2.9       , 2.82665881,\n        2.82665881, 2.33666429, 1.02956301, 0.        , 1.46628783],\n       [4.46989933, 4.23083916, 4.64112055, 4.48887514, 4.78121324,\n        1.13137085, 1.02956301, 2.13072758, 0.8660254 , 1.14017543,\n        1.34907376, 1.30384048, 1.23693169, 1.94422221, 1.76635217,\n        1.90262976, 1.45945195, 0.55677644, 1.46628783, 0.        ]])", "D_low": "array([[ 0.        , 11.36166116, 17.16839987,  1.66056343, 12.36960275,\n         5.83002845, 13.31374971,  9.08406946, 10.51765752, 13.30680804,\n        12.96877484,  9.48371617, 15.53216339,  9.51803161, 13.51232395,\n         9.43735065, 13.68377317, 13.6894673 , 22.26235565, 21.1554838 ],\n       [11.36166116,  0.        , 13.59054016,  9.70243451, 10.48741598,\n        17.13431092, 24.57745504, 20.05867367, 18.68469817, 20.36543413,\n        23.01493872, 20.71305492, 25.65401328, 20.53966235, 24.52386033,\n        20.44920561, 23.76229719, 17.03665574, 24.00840446, 26.13034495],\n       [17.16839987, 13.59054016,  0.        , 16.25589935,  4.7988129 ,\n        20.55374438, 26.14418613, 21.44164408, 15.90706304, 15.3456443 ,\n        21.4917577 , 25.23816368, 23.63570057, 21.93122443, 24.98852069,\n        21.8348642 , 22.10357271,  9.3694176 , 12.01772712, 16.75908306],\n       [ 1.66056343,  9.70243451, 16.25589935,  0.        , 11.48178504,\n         7.47872349, 14.95949803, 10.65664921, 11.42408095, 14.04343525,\n        14.34827483, 11.09540679, 16.94538434, 11.10397294, 15.10662326,\n        11.02060596, 15.07595724, 13.71152036, 22.22711172, 21.6415455 ],\n       [12.36960275, 10.48741598,  4.7988129 , 11.48178504,  0.        ,\n        15.9501657 , 21.96373135, 17.16865657, 12.39636189, 12.63183393,\n        17.89331227, 20.60533492, 20.25452797, 17.67232943, 21.00709667,\n        17.57402936, 18.56607893,  7.49100366, 13.52698812, 16.36330886],\n       [ 5.83002845, 17.13431092, 20.55374438,  7.47872349, 15.9501657 ,\n         0.        ,  7.48391918,  3.62388186,  8.40074436, 11.45816177,\n         8.28984435,  4.69440964, 10.5710144 ,  3.95008118,  7.81964745,\n         3.88915086,  8.9002139 , 14.39901366, 22.57486985, 19.6609197 ],\n       [13.31374971, 24.57745504, 26.14418613, 14.95949803, 21.96373135,\n         7.48391918,  0.        ,  4.83509915, 10.83625462, 13.04929711,\n         6.29912081,  5.92623077,  6.63744397,  4.32290911,  2.13176252,\n         4.42189358,  6.25742527, 18.17439701, 24.97193606, 20.11652074],\n       [ 9.08406946, 20.05867367, 21.44164408, 10.65664921, 17.16865657,\n         3.62388186,  4.83509915,  0.        ,  6.8822516 ,  9.64934237,\n         4.86032565,  5.66509169,  6.97835639,  0.51279598,  4.46999017,\n         0.4140799 ,  5.39525316, 13.94893489, 21.445414  , 17.55980367],\n       [10.51765752, 18.68469817, 15.90706304, 11.42408095, 12.39636189,\n         8.40074436, 10.83625462,  6.8822516 ,  0.        ,  3.06843506,\n         5.58543904, 12.30359131,  7.85846641,  7.23482974,  9.3165574 ,\n         7.16062623,  6.21368971,  7.35116009, 14.56910295, 11.28331836],\n       [13.30680804, 20.36543413, 15.3456443 , 14.04343525, 12.63183393,\n        11.45816177, 13.04929711,  9.64934237,  3.06843506,  0.        ,\n         7.03224161, 15.21696416,  8.59893175,  9.93481867, 11.25740216,\n         9.87288906,  7.43682165,  6.05815537, 11.94019027,  8.21488533],\n       [12.96877484, 23.01493872, 21.4917577 , 14.34827483, 17.89331227,\n         8.28984435,  6.29912081,  4.86032565,  5.58543904,  7.03224161,\n         0.        , 10.15048269,  2.64113691,  4.78369405,  4.31695349,\n         4.78763174,  0.74736657, 12.71533454, 18.81151232, 13.82521894],\n       [ 9.48371617, 20.71305492, 25.23816368, 11.09540679, 20.60533492,\n         4.69440964,  5.92623077,  5.66509169, 12.30359131, 15.21696416,\n        10.15048269,  0.        , 11.63508953,  5.51797025,  7.47485326,\n         5.5493925 , 10.5009415 , 18.88816261, 26.81767258, 23.21627779],\n       [15.53216339, 25.65401328, 23.63570057, 16.94538434, 20.25452797,\n        10.5710144 ,  6.63744397,  6.97835639,  7.85846641,  8.59893175,\n         2.64113691, 11.63508953,  0.        ,  6.75963403,  4.5211114 ,\n         6.79318451,  1.89448349, 14.58102904, 19.80381175, 14.12202895],\n       [ 9.51803161, 20.53966235, 21.93122443, 11.10397294, 17.67232943,\n         3.95008118,  4.32290911,  0.51279598,  7.23482974,  9.93481867,\n         4.78369405,  5.51797025,  6.75963403,  0.        ,  4.00485338,\n         0.09899736,  5.26435878, 14.36578305, 21.77820077, 17.76488061],\n       [13.51232395, 24.52386033, 24.98852069, 15.10662326, 21.00709667,\n         7.81964745,  2.13176252,  4.46999017,  9.3165574 , 11.25740216,\n         4.31695349,  7.47485326,  4.5211114 ,  4.00485338,  0.        ,\n         4.09064827,  4.18328457, 16.65712137, 23.11356964, 18.06927431],\n       [ 9.43735065, 20.44920561, 21.8348642 , 11.02060596, 17.57402936,\n         3.88915086,  4.42189358,  0.4140799 ,  7.16062623,  9.87288906,\n         4.78763174,  5.5493925 ,  6.79318451,  0.09899736,  4.09064827,\n         0.        ,  5.27943059, 14.28114162, 21.70848358, 17.71829189],\n       [13.68377317, 23.76229719, 22.10357271, 15.07595724, 18.56607893,\n         8.9002139 ,  6.25742527,  5.39525316,  6.21368971,  7.43682165,\n         0.74736657, 10.5009415 ,  1.89448349,  5.26435878,  4.18328457,\n         5.27943059,  0.        , 13.23624893, 19.08615868, 13.8864176 ],\n       [13.6894673 , 17.03665574,  9.3694176 , 13.71152036,  7.49100366,\n        14.39901366, 18.17439701, 13.94893489,  7.35116009,  6.05815537,\n        12.71533454, 18.88816261, 14.58102904, 14.36578305, 16.65712137,\n        14.28114162, 13.23624893,  0.        ,  8.57510113,  9.1017963 ],\n       [22.26235565, 24.00840446, 12.01772712, 22.22711172, 13.52698812,\n        22.57486985, 24.97193606, 21.445414  , 14.56910295, 11.94019027,\n        18.81151232, 26.81767258, 19.80381175, 21.77820077, 23.11356964,\n        21.70848358, 19.08615868,  8.57510113,  0.        ,  6.9664628 ],\n       [21.1554838 , 26.13034495, 16.75908306, 21.6415455 , 16.36330886,\n        19.6609197 , 20.11652074, 17.55980367, 11.28331836,  8.21488533,\n        13.82521894, 23.21627779, 14.12202895, 17.76488061, 18.06927431,\n        17.71829189, 13.8864176 ,  9.1017963 ,  6.9664628 ,  0.        ]])"}}