{"duration": 0.005452871322631836, "input_args": {"D_high": "array([[  0.        ,  77.93464827, 115.40589995, ..., 101.71684227,\n        201.12626702,  59.67790051],\n       [ 77.93464827,   0.        ,  83.43747073, ...,  38.98205746,\n        183.93333012,  21.17286036],\n       [115.40589995,  83.43747073,   0.        , ...,  68.4928943 ,\n        207.62569195,  85.47655366],\n       ...,\n       [101.71684227,  38.98205746,  68.4928943 , ...,   0.        ,\n        189.87669905,  46.59966957],\n       [201.12626702, 183.93333012, 207.62569195, ..., 189.87669905,\n          0.        , 186.26121056],\n       [ 59.67790051,  21.17286036,  85.47655366, ...,  46.59966957,\n        186.26121056,   0.        ]])", "D_low": "array([[ 0.        , 14.92890039, 18.46487492, ..., 11.78184436,\n        22.97933724, 14.72074712],\n       [14.92890039,  0.        , 23.93549277, ..., 18.62408347,\n         8.47637854,  0.60070176],\n       [18.46487492, 23.93549277,  0.        , ...,  6.73875089,\n        27.59722242, 24.23345285],\n       ...,\n       [11.78184436, 18.62408347,  6.73875089, ...,  0.        ,\n        23.81124545, 18.81682495],\n       [22.97933724,  8.47637854, 27.59722242, ..., 23.81124545,\n         0.        ,  8.90522001],\n       [14.72074712,  0.60070176, 24.23345285, ..., 18.81682495,\n         8.90522001,  0.        ]])"}}