{"duration": 0.07873106002807617, "input_args": {"D_high": "array([[ 0.        , 11.87434209,  2.23606798, ..., 17.3781472 ,\n        12.9614814 , 13.89244399],\n       [11.87434209,  0.        , 11.3137085 , ..., 14.6628783 ,\n        11.78982612, 10.95445115],\n       [ 2.23606798, 11.3137085 ,  0.        , ..., 17.40689519,\n        12.76714533, 13.6381817 ],\n       ...,\n       [17.3781472 , 14.6628783 , 17.40689519, ...,  0.        ,\n         7.74596669,  8.18535277],\n       [12.9614814 , 11.78982612, 12.76714533, ...,  7.74596669,\n         0.        ,  3.31662479],\n       [13.89244399, 10.95445115, 13.6381817 , ...,  8.18535277,\n         3.31662479,  0.        ]])", "D_low": "array([[ 0.        ,  5.24231294,  3.62008999, ...,  8.05649477,\n         8.20596356,  8.12178346],\n       [ 5.24231294,  0.        ,  6.95779731, ...,  4.80678198,\n         4.535694  ,  4.21330831],\n       [ 3.62008999,  6.95779731,  0.        , ..., 10.978411  ,\n        10.97202983, 10.77973076],\n       ...,\n       [ 8.05649477,  4.80678198, 10.978411  , ...,  0.        ,\n         0.6618878 ,  1.07812021],\n       [ 8.20596356,  4.535694  , 10.97202983, ...,  0.6618878 ,\n         0.        ,  0.44725376],\n       [ 8.12178346,  4.21330831, 10.77973076, ...,  1.07812021,\n         0.44725376,  0.        ]])"}}