{"duration": 0.07467269897460938, "input_args": {"D_high": "array([[  0.        ,  66.90348403,  54.29633528, ..., 117.7833007 ,\n         43.58127217,  61.71982942],\n       [ 66.90348403,   0.        , 102.51825711, ..., 118.02190998,\n         53.16248681,  12.74524602],\n       [ 54.29633528, 102.51825711,   0.        , ..., 130.39398885,\n         59.87774486,  96.3199743 ],\n       ...,\n       [117.7833007 , 118.02190998, 130.39398885, ...,   0.        ,\n        116.45694834, 116.0975663 ],\n       [ 43.58127217,  53.16248681,  59.87774486, ..., 116.45694834,\n          0.        ,  52.21198288],\n       [ 61.71982942,  12.74524602,  96.3199743 , ..., 116.0975663 ,\n         52.21198288,   0.        ]])", "D_low": "array([[ 0.        , 12.40021752, 19.12075071, ..., 20.17703412,\n        17.37650245,  9.18130597],\n       [12.40021752,  0.        , 22.3706944 , ..., 20.11314281,\n        12.86555159,  6.13359428],\n       [19.12075071, 22.3706944 ,  0.        , ..., 38.67153935,\n        12.60211198, 24.57676096],\n       ...,\n       [20.17703412, 20.11314281, 38.67153935, ...,  0.        ,\n        32.46524553, 14.91729825],\n       [17.37650245, 12.86555159, 12.60211198, ..., 32.46524553,\n         0.        , 17.57907642],\n       [ 9.18130597,  6.13359428, 24.57676096, ..., 14.91729825,\n        17.57907642,  0.        ]])"}}