{"duration": 0.19063496589660645, "input_args": {"D_high": "array([[ 0.        , 11.87434209,  2.23606798, ..., 17.3781472 ,\n        12.9614814 , 13.89244399],\n       [11.87434209,  0.        , 11.3137085 , ..., 14.6628783 ,\n        11.78982612, 10.95445115],\n       [ 2.23606798, 11.3137085 ,  0.        , ..., 17.40689519,\n        12.76714533, 13.6381817 ],\n       ...,\n       [17.3781472 , 14.6628783 , 17.40689519, ...,  0.        ,\n         7.74596669,  8.18535277],\n       [12.9614814 , 11.78982612, 12.76714533, ...,  7.74596669,\n         0.        ,  3.31662479],\n       [13.89244399, 10.95445115, 13.6381817 , ...,  8.18535277,\n         3.31662479,  0.        ]])", "D_low": "array([[ 0.        ,  7.73164432,  5.18286021, ..., 10.61356212,\n        10.63491921, 10.64252649],\n       [ 7.73164432,  0.        , 12.50849924, ...,  7.20924745,\n         7.14899114,  7.11252896],\n       [ 5.18286021, 12.50849924,  0.        , ..., 13.15944492,\n        13.21770919, 13.24608303],\n       ...,\n       [10.61356212,  7.20924745, 13.15944492, ...,  0.        ,\n         0.10513251,  0.16289402],\n       [10.63491921,  7.14899114, 13.21770919, ...,  0.10513251,\n         0.        ,  0.05788184],\n       [10.64252649,  7.11252896, 13.24608303, ...,  0.16289402,\n         0.05788184,  0.        ]])", "k": "40"}}