{"duration": 0.03676795959472656, "input_args": {"D_high": "array([[  0.        ,  66.90348403,  54.29633528, ...,  50.39119964,\n         89.23943184,  61.27038404],\n       [ 66.90348403,   0.        , 102.51825711, ...,  26.11680932,\n         80.22894802,  38.63518149],\n       [ 54.29633528, 102.51825711,   0.        , ...,  85.13919448,\n         91.66838038,  76.41017076],\n       ...,\n       [ 50.39119964,  26.11680932,  85.13919448, ...,   0.        ,\n         86.1426327 ,  33.06672648],\n       [ 89.23943184,  80.22894802,  91.66838038, ...,  86.1426327 ,\n          0.        ,  65.05813008],\n       [ 61.27038404,  38.63518149,  76.41017076, ...,  33.06672648,\n         65.05813008,   0.        ]])", "D_low": "array([[ 0.        , 11.61631104, 10.43960634, ...,  5.79881033,\n        18.61869204, 16.85396515],\n       [11.61631104,  0.        , 16.96205278, ...,  5.94871108,\n        21.65456263,  5.56673162],\n       [10.43960634, 16.96205278,  0.        , ..., 13.49800348,\n         8.68940178, 20.23507153],\n       ...,\n       [ 5.79881033,  5.94871108, 13.49800348, ...,  0.        ,\n        20.1645683 , 11.40956908],\n       [18.61869204, 21.65456263,  8.68940178, ..., 20.1645683 ,\n         0.        , 22.98135431],\n       [16.85396515,  5.56673162, 20.23507153, ..., 11.40956908,\n        22.98135431,  0.        ]])"}}