{"duration": 0.005949258804321289, "input_args": {"D_high": "array([[0.        , 0.53851648, 0.50990195, ..., 4.27668096, 4.45982062,\n        4.65080638],\n       [0.53851648, 0.        , 0.3       , ..., 4.24970587, 4.49888875,\n        4.71805044],\n       [0.50990195, 0.3       , 0.        , ..., 4.43057558, 4.66154481,\n        4.84871117],\n       ...,\n       [4.27668096, 4.24970587, 4.43057558, ..., 0.        , 0.58309519,\n        1.06770783],\n       [4.45982062, 4.49888875, 4.66154481, ..., 0.58309519, 0.        ,\n        0.6164414 ],\n       [4.65080638, 4.71805044, 4.84871117, ..., 1.06770783, 0.6164414 ,\n        0.        ]])", "D_low": "array([[ 0.        ,  3.03972955,  3.05375804, ..., 14.05565411,\n         8.74987994,  8.46873658],\n       [ 3.03972955,  0.        ,  0.58539075, ..., 11.97839929,\n         6.6175689 ,  6.6216916 ],\n       [ 3.05375804,  0.58539075,  0.        , ..., 11.55107799,\n         6.18014174,  6.13144704],\n       ...,\n       [14.05565411, 11.97839929, 11.55107799, ...,  0.        ,\n         5.37186673,  5.59621185],\n       [ 8.74987994,  6.6175689 ,  6.18014174, ...,  5.37186673,\n         0.        ,  0.94880192],\n       [ 8.46873658,  6.6216916 ,  6.13144704, ...,  5.59621185,\n         0.94880192,  0.        ]])"}}