{"duration": 0.03626585006713867, "input_args": {"D_high": "array([[  0.        ,  77.93464827, 115.40589995, ..., 128.91608086,\n         71.42824327,  88.2669252 ],\n       [ 77.93464827,   0.        ,  83.43747073, ..., 114.70143766,\n         44.29446946,  17.10820975],\n       [115.40589995,  83.43747073,   0.        , ..., 138.70632141,\n         74.24292516,  83.46352557],\n       ...,\n       [128.91608086, 114.70143766, 138.70632141, ...,   0.        ,\n        116.45694834, 116.0975663 ],\n       [ 71.42824327,  44.29446946,  74.24292516, ..., 116.45694834,\n          0.        ,  52.21198288],\n       [ 88.2669252 ,  17.10820975,  83.46352557, ..., 116.0975663 ,\n         52.21198288,   0.        ]])", "D_low": "array([[ 0.        , 14.26087916, 20.73560016, ..., 18.05519457,\n         6.91122751, 14.82620373],\n       [14.26087916,  0.        , 25.24071218, ..., 10.73190018,\n        12.63045208,  1.40119602],\n       [20.73560016, 25.24071218,  0.        , ..., 17.74416727,\n        14.99322629, 24.48491789],\n       ...,\n       [18.05519457, 10.73190018, 17.74416727, ...,  0.        ,\n        12.21309167,  9.42596998],\n       [ 6.91122751, 12.63045208, 14.99322629, ..., 12.21309167,\n         0.        , 12.51904907],\n       [14.82620373,  1.40119602, 24.48491789, ...,  9.42596998,\n        12.51904907,  0.        ]])"}}