{"duration": 0.0037240982055664062, "input_args": {"D_high": "array([[ 0.        , 10.19803903, 12.489996  , ..., 14.38749457,\n        14.28285686, 13.52774926],\n       [10.19803903,  0.        , 14.2126704 , ..., 15.65247584,\n        17.3781472 , 15.96871942],\n       [12.489996  , 14.2126704 ,  0.        , ..., 18.46618531,\n        19.33907961, 17.17556404],\n       ...,\n       [14.38749457, 15.65247584, 18.46618531, ...,  0.        ,\n         4.12310563,  3.16227766],\n       [14.28285686, 17.3781472 , 19.33907961, ...,  4.12310563,\n         0.        ,  4.35889894],\n       [13.52774926, 15.96871942, 17.17556404, ...,  3.16227766,\n         4.35889894,  0.        ]])", "D_low": "array([[ 0.        ,  2.97916494,  5.77297265, ...,  4.8819225 ,\n        13.64748807,  5.12244309],\n       [ 2.97916494,  0.        ,  3.42560982, ...,  5.38006269,\n        15.29096806,  5.44198458],\n       [ 5.77297265,  3.42560982,  0.        , ...,  8.75457043,\n        18.716548  ,  8.78227387],\n       ...,\n       [ 4.8819225 ,  5.38006269,  8.75457043, ...,  0.        ,\n        10.10280232,  0.35212309],\n       [13.64748807, 15.29096806, 18.716548  , ..., 10.10280232,\n         0.        , 10.17397353],\n       [ 5.12244309,  5.44198458,  8.78227387, ...,  0.35212309,\n        10.17397353,  0.        ]])"}}