{"duration": 0.002154111862182617, "input_args": {"D_high": "array([[  0.        , 136.88299559, 144.63509711, ...,  53.53524373,\n        141.87200429, 141.91977723],\n       [136.88299559,   0.        ,  31.11839599, ..., 184.18305812,\n         45.52624475,  35.90271834],\n       [144.63509711,  31.11839599,   0.        , ..., 189.98133079,\n         39.42516501,  34.06235871],\n       ...,\n       [ 53.53524373, 184.18305812, 189.98133079, ...,   0.        ,\n        183.80014255, 184.46368641],\n       [141.87200429,  45.52624475,  39.42516501, ..., 183.80014255,\n          0.        ,  20.60302427],\n       [141.91977723,  35.90271834,  34.06235871, ..., 184.46368641,\n         20.60302427,   0.        ]])", "D_low": "array([[ 0.        , 12.64487782, 12.48966538, ...,  4.18274635,\n        17.88395155, 17.77231803],\n       [12.64487782,  0.        ,  2.72191147, ..., 16.82057932,\n         5.31851205,  5.44541801],\n       [12.48966538,  2.72191147,  0.        , ..., 16.54675401,\n         5.87418715,  5.46605807],\n       ...,\n       [ 4.18274635, 16.82057932, 16.54675401, ...,  0.        ,\n        22.03900571, 21.89446658],\n       [17.88395155,  5.31851205,  5.87418715, ..., 22.03900571,\n         0.        ,  1.10155167],\n       [17.77231803,  5.44541801,  5.46605807, ..., 21.89446658,\n         1.10155167,  0.        ]])"}}