{"duration": 0.0018820762634277344, "input_args": {"D_high": "array([[0.        , 0.53851648, 0.50990195, ..., 3.591657  , 5.63914887,\n        4.51995575],\n       [0.53851648, 0.        , 0.3       , ..., 3.47994253, 5.74717322,\n        4.52106182],\n       [0.50990195, 0.3       , 0.        , ..., 3.60832371, 5.89406481,\n        4.69361268],\n       ...,\n       [3.591657  , 3.47994253, 3.60832371, ..., 0.        , 3.1144823 ,\n        1.72336879],\n       [5.63914887, 5.74717322, 5.89406481, ..., 3.1144823 , 0.        ,\n        1.56524758],\n       [4.51995575, 4.52106182, 4.69361268, ..., 1.72336879, 1.56524758,\n        0.        ]])", "D_low": "array([[ 0.        ,  3.03972955,  3.05375804, ..., 20.44227041,\n         6.16738428,  9.24310376],\n       [ 3.03972955,  0.        ,  0.58539075, ..., 18.83951733,\n         4.16001552,  7.22739682],\n       [ 3.05375804,  0.58539075,  0.        , ..., 18.34634254,\n         3.67164434,  6.77030394],\n       ...,\n       [20.44227041, 18.83951733, 18.34634254, ...,  0.        ,\n        14.68023162, 11.65798495],\n       [ 6.16738428,  4.16001552,  3.67164434, ..., 14.68023162,\n         0.        ,  3.12099682],\n       [ 9.24310376,  7.22739682,  6.77030394, ..., 11.65798495,\n         3.12099682,  0.        ]])"}}