{"duration": 0.003736257553100586, "input_args": {"D_high": "array([[ 0.        , 10.19803903, 12.489996  , ..., 14.38749457,\n        14.28285686, 13.52774926],\n       [10.19803903,  0.        , 14.2126704 , ..., 15.65247584,\n        17.3781472 , 15.96871942],\n       [12.489996  , 14.2126704 ,  0.        , ..., 18.46618531,\n        19.33907961, 17.17556404],\n       ...,\n       [14.38749457, 15.65247584, 18.46618531, ...,  0.        ,\n         4.12310563,  3.16227766],\n       [14.28285686, 17.3781472 , 19.33907961, ...,  4.12310563,\n         0.        ,  4.35889894],\n       [13.52774926, 15.96871942, 17.17556404, ...,  3.16227766,\n         4.35889894,  0.        ]])", "D_low": "array([[ 0.        ,  2.96031056,  6.0252024 , ...,  6.55343167,\n        14.39355092,  4.90835388],\n       [ 2.96031056,  0.        ,  7.38216126, ...,  7.46848117,\n        17.06972439,  7.31719169],\n       [ 6.0252024 ,  7.38216126,  0.        , ..., 12.36143473,\n        16.75417222,  9.45149632],\n       ...,\n       [ 6.55343167,  7.46848117, 12.36143473, ...,  0.        ,\n        12.05586715,  4.15968431],\n       [14.39355092, 17.06972439, 16.75417222, ..., 12.05586715,\n         0.        ,  9.80143186],\n       [ 4.90835388,  7.31719169,  9.45149632, ...,  4.15968431,\n         9.80143186,  0.        ]])"}}