{"duration": 0.004997730255126953, "input_args": {"D_high": "array([[  0.        ,  84.1961696 ,  77.77817558, ..., 164.25094499,\n         96.7953527 , 143.21994847],\n       [ 84.1961696 ,   0.        , 123.13577912, ..., 226.59142528,\n         74.06281237, 214.02748194],\n       [ 77.77817558, 123.13577912,   0.        , ..., 111.20643942,\n         90.52153753, 101.51019271],\n       ...,\n       [164.25094499, 226.59142528, 111.20643942, ...,   0.        ,\n        189.87669905,  46.59966957],\n       [ 96.7953527 ,  74.06281237,  90.52153753, ..., 189.87669905,\n          0.        , 186.26121056],\n       [143.21994847, 214.02748194, 101.51019271, ...,  46.59966957,\n        186.26121056,   0.        ]])", "D_low": "array([[ 0.        ,  7.88749634, 10.21950512, ..., 16.81069388,\n         8.78496389, 14.49900492],\n       [ 7.88749634,  0.        , 17.02769688, ..., 15.51851938,\n         5.40685418, 20.83844275],\n       [10.21950512, 17.02769688,  0.        , ..., 26.33864671,\n        18.99900772, 17.00804955],\n       ...,\n       [16.81069388, 15.51851938, 26.33864671, ...,  0.        ,\n        10.14124741, 17.63824825],\n       [ 8.78496389,  5.40685418, 18.99900772, ..., 10.14124741,\n         0.        , 17.92745571],\n       [14.49900492, 20.83844275, 17.00804955, ..., 17.63824825,\n        17.92745571,  0.        ]])"}}