{"duration": 0.002262115478515625, "input_args": {"D_high": "array([[0.        , 0.33166248, 0.70710678, ..., 4.40227214, 4.71911009,\n        4.27317212],\n       [0.33166248, 0.        , 0.41231056, ..., 4.28835633, 4.63680925,\n        4.15331193],\n       [0.70710678, 0.41231056, 0.        , ..., 4.39317653, 4.77807493,\n        4.26380112],\n       ...,\n       [4.40227214, 4.28835633, 4.39317653, ..., 0.        , 0.57445626,\n        0.81240384],\n       [4.71911009, 4.63680925, 4.77807493, ..., 0.57445626, 0.        ,\n        1.13578167],\n       [4.27317212, 4.15331193, 4.26380112, ..., 0.81240384, 1.13578167,\n        0.        ]])", "D_low": "array([[0.        , 1.91404576, 1.88264331, ..., 4.06772807, 4.12222862,\n        3.99739032],\n       [1.91404576, 0.        , 0.44894416, ..., 5.95486937, 6.01664524,\n        5.84696206],\n       [1.88264331, 0.44894416, 0.        , ..., 5.94966956, 6.00229997,\n        5.87597775],\n       ...,\n       [4.06772807, 5.95486937, 5.94966956, ..., 0.        , 0.13463904,\n        0.45940257],\n       [4.12222862, 6.01664524, 6.00229997, ..., 0.13463904, 0.        ,\n        0.59212764],\n       [3.99739032, 5.84696206, 5.87597775, ..., 0.45940257, 0.59212764,\n        0.        ]])"}}