{"duration": 0.002549886703491211, "input_args": {"D_high": "array([[  0.        , 136.88299559, 144.63509711, ...,  53.53524373,\n        141.87200429, 141.91977723],\n       [136.88299559,   0.        ,  31.11839599, ..., 184.18305812,\n         45.52624475,  35.90271834],\n       [144.63509711,  31.11839599,   0.        , ..., 189.98133079,\n         39.42516501,  34.06235871],\n       ...,\n       [ 53.53524373, 184.18305812, 189.98133079, ...,   0.        ,\n        183.80014255, 184.46368641],\n       [141.87200429,  45.52624475,  39.42516501, ..., 183.80014255,\n          0.        ,  20.60302427],\n       [141.91977723,  35.90271834,  34.06235871, ..., 184.46368641,\n         20.60302427,   0.        ]])", "D_low": "array([[ 0.        , 33.2591455 , 31.2256711 , ...,  6.32508354,\n        32.39288152, 30.55704687],\n       [33.2591455 ,  0.        ,  4.50835606, ..., 35.02931122,\n         8.12651721,  8.55051052],\n       [31.2256711 ,  4.50835606,  0.        , ..., 32.28129427,\n         4.04531276,  4.07486725],\n       ...,\n       [ 6.32508354, 35.02931122, 32.28129427, ...,  0.        ,\n        32.6717815 , 30.82032202],\n       [32.39288152,  8.12651721,  4.04531276, ..., 32.6717815 ,\n         0.        ,  1.8545811 ],\n       [30.55704687,  8.55051052,  4.07486725, ..., 30.82032202,\n         1.8545811 ,  0.        ]])"}}