{"duration": 0.21486902236938477, "input_args": {"D_high": "array([[  0.        ,  66.90348403,  54.29633528, ..., 117.7833007 ,\n         43.58127217,  61.71982942],\n       [ 66.90348403,   0.        , 102.51825711, ..., 118.02190998,\n         53.16248681,  12.74524602],\n       [ 54.29633528, 102.51825711,   0.        , ..., 130.39398885,\n         59.87774486,  96.3199743 ],\n       ...,\n       [117.7833007 , 118.02190998, 130.39398885, ...,   0.        ,\n        116.45694834, 116.0975663 ],\n       [ 43.58127217,  53.16248681,  59.87774486, ..., 116.45694834,\n          0.        ,  52.21198288],\n       [ 61.71982942,  12.74524602,  96.3199743 , ..., 116.0975663 ,\n         52.21198288,   0.        ]])", "D_low": "array([[ 0.        ,  8.9075502 ,  2.72080139, ..., 14.03414888,\n         3.66905792,  8.68186611],\n       [ 8.9075502 ,  0.        ,  8.35382408, ...,  9.51972456,\n         5.37605781,  0.62341288],\n       [ 2.72080139,  8.35382408,  0.        , ..., 11.68783394,\n         4.23861015,  8.31898647],\n       ...,\n       [14.03414888,  9.51972456, 11.68783394, ...,  0.        ,\n        12.25328102, 10.12586911],\n       [ 3.66905792,  5.37605781,  4.23861015, ..., 12.25328102,\n         0.        ,  5.07966792],\n       [ 8.68186611,  0.62341288,  8.31898647, ..., 10.12586911,\n         5.07966792,  0.        ]])", "k": "55"}}