{"duration": 0.20244979858398438, "input_args": {"D_high": "array([[ 0.        , 11.87434209,  2.23606798, ..., 17.3781472 ,\n        12.9614814 , 13.89244399],\n       [11.87434209,  0.        , 11.3137085 , ..., 14.6628783 ,\n        11.78982612, 10.95445115],\n       [ 2.23606798, 11.3137085 ,  0.        , ..., 17.40689519,\n        12.76714533, 13.6381817 ],\n       ...,\n       [17.3781472 , 14.6628783 , 17.40689519, ...,  0.        ,\n         7.74596669,  8.18535277],\n       [12.9614814 , 11.78982612, 12.76714533, ...,  7.74596669,\n         0.        ,  3.31662479],\n       [13.89244399, 10.95445115, 13.6381817 , ...,  8.18535277,\n         3.31662479,  0.        ]])", "D_low": "array([[ 0.        ,  4.55356805,  4.22055942, ...,  5.83152013,\n         6.22740781,  6.37563578],\n       [ 4.55356805,  0.        ,  8.20309938, ...,  2.75027782,\n         2.45507237,  2.49675371],\n       [ 4.22055942,  8.20309938,  0.        , ...,  9.97630114,\n        10.2600571 , 10.38572576],\n       ...,\n       [ 5.83152013,  2.75027782,  9.97630114, ...,  0.        ,\n         0.92164377,  1.11066958],\n       [ 6.22740781,  2.45507237, 10.2600571 , ...,  0.92164377,\n         0.        ,  0.19761783],\n       [ 6.37563578,  2.49675371, 10.38572576, ...,  1.11066958,\n         0.19761783,  0.        ]])", "k": "55"}}