{"duration": 0.0018780231475830078, "input_args": {"D_high": "array([[0.        , 1.27279221, 1.55563492, 0.87749644, 1.64316767,\n        3.48425028, 3.98748041, 3.39705755, 3.78549865, 4.09145451,\n        3.68781778, 3.48998567, 3.54259792, 3.04959014, 3.08868904,\n        3.18433667, 3.33916157, 4.93254498, 5.45985348, 4.46989933],\n       [1.27279221, 0.        , 0.52915026, 0.59160798, 0.66332496,\n        3.24653662, 3.81051178, 2.74954542, 3.4568772 , 3.64965752,\n        3.27719392, 3.23109888, 3.13209195, 2.48596058, 2.596151  ,\n        2.6       , 2.96141858, 4.66368953, 5.27730992, 4.23083916],\n       [1.55563492, 0.52915026, 0.        , 0.74161985, 0.34641016,\n        3.63593179, 4.18568991, 3.01330383, 3.8457769 , 3.97994975,\n        3.60277671, 3.60555128, 3.49428104, 2.81780056, 2.94957624,\n        2.9189039 , 3.318132  , 5.04678115, 5.63293884, 4.64112055],\n       [0.87749644, 0.59160798, 0.74161985, 0.        , 0.80622577,\n        3.48568501, 4.0385641 , 3.12569992, 3.71483512, 3.96358424,\n        3.55105618, 3.48855271, 3.42344855, 2.82665881, 2.88963666,\n        2.94788059, 3.24345495, 4.92341345, 5.50454358, 4.48887514],\n       [1.64316767, 0.66332496, 0.34641016, 0.80622577, 0.        ,\n        3.81313519, 4.38634244, 3.21869539, 3.97617907, 4.16173041,\n        3.78153408, 3.80525952, 3.65376518, 2.98998328, 3.08868904,\n        3.09192497, 3.50285598, 5.19711458, 5.82666285, 4.78121324],\n       [3.48425028, 3.24653662, 3.63593179, 3.48568501, 3.81313519,\n        0.        , 0.64807407, 1.28840987, 0.65574385, 0.81240384,\n        0.6164414 , 0.31622777, 0.5       , 1.02956301, 0.93808315,\n        1.02956301, 0.45825757, 1.49331845, 2.05669638, 1.13137085],\n       [3.98748041, 3.81051178, 4.18568991, 4.0385641 , 4.38634244,\n        0.64807407, 0.        , 1.63707055, 1.05356538, 0.84852814,\n        0.92736185, 0.6       , 1.00498756, 1.56843871, 1.54272486,\n        1.53622915, 0.96436508, 1.21243557, 1.5       , 1.02956301],\n       [3.39705755, 2.74954542, 3.01330383, 3.12569992, 3.21869539,\n        1.28840987, 1.63707055, 0.        , 1.5132746 , 1.11355287,\n        0.9486833 , 1.14891253, 0.99498744, 0.58309519, 0.9486833 ,\n        0.48989795, 0.84261498, 2.36008474, 2.84780617, 2.13072758],\n       [3.78549865, 3.4568772 , 3.8457769 , 3.71483512, 3.97617907,\n        0.65574385, 1.05356538, 1.5132746 , 0.        , 0.8660254 ,\n        0.75498344, 0.92195445, 0.52915026, 1.19582607, 0.93273791,\n        1.17046999, 0.82462113, 1.2489996 , 2.07364414, 0.8660254 ],\n       [4.09145451, 3.64965752, 3.97994975, 3.96358424, 4.16173041,\n        0.81240384, 0.84852814, 1.11355287, 0.8660254 , 0.        ,\n        0.50990195, 0.77459667, 0.64031242, 1.17473401, 1.19163753,\n        1.07703296, 0.75498344, 1.26095202, 1.79164729, 1.14017543],\n       [3.68781778, 3.27719392, 3.60277671, 3.55105618, 3.78153408,\n        0.6164414 , 0.92736185, 0.9486833 , 0.75498344, 0.50990195,\n        0.        , 0.64807407, 0.38729833, 0.86023253, 0.81240384,\n        0.78740079, 0.43588989, 1.55241747, 2.0904545 , 1.34907376],\n       [3.48998567, 3.23109888, 3.60555128, 3.48855271, 3.80525952,\n        0.31622777, 0.6       , 1.14891253, 0.92195445, 0.77459667,\n        0.64807407, 0.        , 0.6244998 , 1.00995049, 1.04880885,\n        1.        , 0.43588989, 1.61554944, 2.06639783, 1.30384048],\n       [3.54259792, 3.13209195, 3.49428104, 3.42344855, 3.65376518,\n        0.5       , 1.00498756, 0.99498744, 0.52915026, 0.64031242,\n        0.38729833, 0.6244998 , 0.        , 0.72801099, 0.60827625,\n        0.68556546, 0.34641016, 1.56204994, 2.24053565, 1.23693169],\n       [3.04959014, 2.48596058, 2.81780056, 2.82665881, 2.98998328,\n        1.02956301, 1.56843871, 0.58309519, 1.19582607, 1.17473401,\n        0.86023253, 1.00995049, 0.72801099, 0.        , 0.42426407,\n        0.14142136, 0.60827625, 2.27815715, 2.9       , 1.94422221],\n       [3.08868904, 2.596151  , 2.94957624, 2.88963666, 3.08868904,\n        0.93808315, 1.54272486, 0.9486833 , 0.93273791, 1.19163753,\n        0.81240384, 1.04880885, 0.60827625, 0.42426407, 0.        ,\n        0.46904158, 0.64031242, 2.12367606, 2.82665881, 1.76635217],\n       [3.18433667, 2.6       , 2.9189039 , 2.94788059, 3.09192497,\n        1.02956301, 1.53622915, 0.48989795, 1.17046999, 1.07703296,\n        0.78740079, 1.        , 0.68556546, 0.14142136, 0.46904158,\n        0.        , 0.59160798, 2.21133444, 2.82665881, 1.90262976],\n       [3.33916157, 2.96141858, 3.318132  , 3.24345495, 3.50285598,\n        0.45825757, 0.96436508, 0.84261498, 0.82462113, 0.75498344,\n        0.43588989, 0.43588989, 0.34641016, 0.60827625, 0.64031242,\n        0.59160798, 0.        , 1.77763888, 2.33666429, 1.45945195],\n       [4.93254498, 4.66368953, 5.04678115, 4.92341345, 5.19711458,\n        1.49331845, 1.21243557, 2.36008474, 1.2489996 , 1.26095202,\n        1.55241747, 1.61554944, 1.56204994, 2.27815715, 2.12367606,\n        2.21133444, 1.77763888, 0.        , 1.02956301, 0.55677644],\n       [5.45985348, 5.27730992, 5.63293884, 5.50454358, 5.82666285,\n        2.05669638, 1.5       , 2.84780617, 2.07364414, 1.79164729,\n        2.0904545 , 2.06639783, 2.24053565, 2.9       , 2.82665881,\n        2.82665881, 2.33666429, 1.02956301, 0.        , 1.46628783],\n       [4.46989933, 4.23083916, 4.64112055, 4.48887514, 4.78121324,\n        1.13137085, 1.02956301, 2.13072758, 0.8660254 , 1.14017543,\n        1.34907376, 1.30384048, 1.23693169, 1.94422221, 1.76635217,\n        1.90262976, 1.45945195, 0.55677644, 1.46628783, 0.        ]])", "D_low": "array([[0.        , 0.88911573, 0.14939257, 0.24842651, 0.11241437,\n        4.4827815 , 4.37725779, 4.34987252, 4.61259867, 4.34813132,\n        4.30798393, 4.39660321, 4.19086703, 4.48707587, 4.45853182,\n        4.34534146, 3.58008874, 4.44027604, 4.3845672 , 4.9739807 ],\n       [0.88911573, 0.        , 0.87109307, 1.12502033, 0.7776581 ,\n        5.09379955, 4.99328226, 4.95272343, 5.15270814, 4.95285096,\n        4.92319939, 5.00846907, 4.81686645, 5.07450509, 5.08711005,\n        4.94156138, 4.26127544, 5.05116465, 4.99998895, 5.61984461],\n       [0.14939257, 0.87109307, 0.        , 0.35181282, 0.17937972,\n        4.61560586, 4.5096406 , 4.48374161, 4.75200389, 4.48180179,\n        4.44054234, 4.52943223, 4.32232203, 4.6223832 , 4.5893437 ,\n        4.47991356, 3.70503261, 4.5731633 , 4.51700988, 5.10204232],\n       [0.24842651, 1.12502033, 0.35181282, 0.        , 0.35190782,\n        4.2693476 , 4.16300146, 4.13854775, 4.41464961, 4.13640205,\n        4.09407574, 4.18319627, 3.97493507, 4.27878559, 4.24141141,\n        4.13548778, 3.35417051, 4.22697274, 4.17042269, 4.75233606],\n       [0.11241437, 0.7776581 , 0.17937972, 0.35190782, 0.        ,\n        4.54403739, 4.43916241, 4.40969866, 4.66322478, 4.40824444,\n        4.36967551, 4.45788557, 4.25409365, 4.54470419, 4.52249071,\n        4.4041373 , 3.65133575, 4.50146053, 4.4463871 , 5.04115713],\n       [4.4827815 , 5.09379955, 4.61560586, 4.2693476 , 4.54403739,\n        0.        , 0.109612  , 0.14953678, 0.51430689, 0.14549469,\n        0.17578733, 0.08617899, 0.30511629, 0.1716718 , 0.13233295,\n        0.18016396, 1.00188802, 0.04267928, 0.10152881, 0.58079053],\n       [4.37725779, 4.99328226, 4.5096406 , 4.16300146, 4.43916241,\n        0.109612  , 0.        , 0.10072622, 0.57241358, 0.08859759,\n        0.07009013, 0.0348836 , 0.19552232, 0.22751031, 0.12807043,\n        0.14779109, 0.89326465, 0.07128405, 0.00828695, 0.65704591],\n       [4.34987252, 4.95272343, 4.48374161, 4.13854775, 4.40969866,\n        0.14953678, 0.10072622, 0.        , 0.49607738, 0.01331315,\n        0.09523686, 0.08268251, 0.22115472, 0.17007281, 0.22452713,\n        0.04749456, 0.91213219, 0.11100469, 0.09937404, 0.72935152],\n       [4.61259867, 5.15270814, 4.75200389, 4.41464961, 4.66322478,\n        0.51430689, 0.57241358, 0.49607738, 0.        , 0.50847548,\n        0.59123267, 0.53842206, 0.70991736, 0.34744296, 0.64663977,\n        0.45800009, 1.35944958, 0.52073058, 0.56618157, 0.91243302],\n       [4.34813132, 4.95285096, 4.48180179, 4.13640205, 4.40824444,\n        0.14549469, 0.08859759, 0.01331315, 0.50847548, 0.        ,\n        0.08276749, 0.07325673, 0.21103489, 0.17965224, 0.21379451,\n        0.06052446, 0.90424601, 0.10534926, 0.08777146, 0.72362206],\n       [4.30798393, 4.92319939, 4.44054234, 4.09407574, 4.36967551,\n        0.17578733, 0.07009013, 0.09523686, 0.59123267, 0.08276749,\n        0.        , 0.09045041, 0.13594243, 0.25883389, 0.18583821,\n        0.13769623, 0.83516465, 0.13416036, 0.07688467, 0.72409671],\n       [4.39660321, 5.00846907, 4.52943223, 4.18319627, 4.45788557,\n        0.08617899, 0.0348836 , 0.08268251, 0.53842206, 0.07325673,\n        0.09045041, 0.        , 0.22360436, 0.19284675, 0.14263519,\n        0.12655064, 0.92288843, 0.04387011, 0.0278717 , 0.65370904],\n       [4.19086703, 4.81686645, 4.32232203, 3.97493507, 4.25409365,\n        0.30511629, 0.19552232, 0.22115472, 0.70991736, 0.21103489,\n        0.13594243, 0.22360436, 0.        , 0.39067758, 0.27024411,\n        0.25273026, 0.6995321 , 0.2658633 , 0.20366456, 0.80979605],\n       [4.48707587, 5.07450509, 4.6223832 , 4.27878559, 4.54470419,\n        0.1716718 , 0.22751031, 0.17007281, 0.34744296, 0.17965224,\n        0.25883389, 0.19284675, 0.39067758, 0.        , 0.30261496,\n        0.15112107, 1.0808716 , 0.17338877, 0.22071373, 0.69125868],\n       [4.45853182, 5.08711005, 4.5893437 , 4.24141141, 4.52249071,\n        0.13233295, 0.12807043, 0.22452713, 0.64663977, 0.21379451,\n        0.18583821, 0.14263519, 0.27024411, 0.30261496, 0.        ,\n        0.2691852 , 0.93400762, 0.13455518, 0.12680654, 0.54341181],\n       [4.34534146, 4.94156138, 4.47991356, 4.13548778, 4.4041373 ,\n        0.18016396, 0.14779109, 0.04749456, 0.45800009, 0.06052446,\n        0.13769623, 0.12655064, 0.25273026, 0.15112107, 0.2691852 ,\n        0.        , 0.93192073, 0.14693262, 0.14590595, 0.76035413],\n       [3.58008874, 4.26127544, 3.70503261, 3.35417051, 3.65133575,\n        1.00188802, 0.89326465, 0.91213219, 1.35944958, 0.90424601,\n        0.83516465, 0.92288843, 0.6995321 , 1.0808716 , 0.93400762,\n        0.93192073, 0.        , 0.96438515, 0.90153072, 1.40560238],\n       [4.44027604, 5.05116465, 4.5731633 , 4.22697274, 4.50146053,\n        0.04267928, 0.07128405, 0.11100469, 0.52073058, 0.10534926,\n        0.13416036, 0.04387011, 0.2658633 , 0.17338877, 0.13455518,\n        0.14693262, 0.96438515, 0.        , 0.0629971 , 0.61845482],\n       [4.3845672 , 4.99998895, 4.51700988, 4.17042269, 4.4463871 ,\n        0.10152881, 0.00828695, 0.09937404, 0.56618157, 0.08777146,\n        0.07688467, 0.0278717 , 0.20366456, 0.22071373, 0.12680654,\n        0.14590595, 0.90153072, 0.0629971 , 0.        , 0.65228306],\n       [4.9739807 , 5.61984461, 5.10204232, 4.75233606, 5.04115713,\n        0.58079053, 0.65704591, 0.72935152, 0.91243302, 0.72362206,\n        0.72409671, 0.65370904, 0.80979605, 0.69125868, 0.54341181,\n        0.76035413, 1.40560238, 0.61845482, 0.65228306, 0.        ]])"}}