{"duration": 0.003471851348876953, "input_args": {"D_high": "array([[ 0.        , 10.19803903, 12.489996  , ..., 14.38749457,\n        14.28285686, 13.52774926],\n       [10.19803903,  0.        , 14.2126704 , ..., 15.65247584,\n        17.3781472 , 15.96871942],\n       [12.489996  , 14.2126704 ,  0.        , ..., 18.46618531,\n        19.33907961, 17.17556404],\n       ...,\n       [14.38749457, 15.65247584, 18.46618531, ...,  0.        ,\n         4.12310563,  3.16227766],\n       [14.28285686, 17.3781472 , 19.33907961, ...,  4.12310563,\n         0.        ,  4.35889894],\n       [13.52774926, 15.96871942, 17.17556404, ...,  3.16227766,\n         4.35889894,  0.        ]])", "D_low": "array([[ 0.        ,  4.5058129 ,  6.14088073, ...,  6.85902764,\n        15.17155355,  6.04023414],\n       [ 4.5058129 ,  0.        ,  6.89646994, ..., 10.94849466,\n        17.97986762,  9.48491861],\n       [ 6.14088073,  6.89646994,  0.        , ..., 11.91189022,\n        21.01212322, 11.85277279],\n       ...,\n       [ 6.85902764, 10.94849466, 11.91189022, ...,  0.        ,\n         9.4960025 ,  2.4457052 ],\n       [15.17155355, 17.97986762, 21.01212322, ...,  9.4960025 ,\n         0.        ,  9.17546376],\n       [ 6.04023414,  9.48491861, 11.85277279, ...,  2.4457052 ,\n         9.17546376,  0.        ]])"}}