{"duration": 0.0032210350036621094, "input_args": {"D_high": "array([[0.        , 1.25698051, 0.78740079, ..., 4.57602448, 4.79165942,\n        4.21781934],\n       [1.25698051, 0.        , 0.50990195, ..., 4.05215992, 4.25440948,\n        3.80657326],\n       [0.78740079, 0.50990195, 0.        , ..., 4.10609303, 4.32897216,\n        3.81182371],\n       ...,\n       [4.57602448, 4.05215992, 4.10609303, ..., 0.        , 0.6164414 ,\n        0.64031242],\n       [4.79165942, 4.25440948, 4.32897216, ..., 0.6164414 , 0.        ,\n        0.76811457],\n       [4.21781934, 3.80657326, 3.81182371, ..., 0.64031242, 0.76811457,\n        0.        ]])", "D_low": "array([[0.        , 0.52168514, 0.01701406, ..., 5.08571101, 5.17394973,\n        5.82361693],\n       [0.52168514, 0.        , 0.53866327, ..., 5.37308331, 5.47913355,\n        6.08270261],\n       [0.01701406, 0.53866327, 0.        , ..., 5.07602246, 5.16366253,\n        5.81478125],\n       ...,\n       [5.08571101, 5.37308331, 5.07602246, ..., 0.        , 0.2394863 ,\n        0.80669587],\n       [5.17394973, 5.47913355, 5.16366253, ..., 0.2394863 , 0.        ,\n        0.86219127],\n       [5.82361693, 6.08270261, 5.81478125, ..., 0.80669587, 0.86219127,\n        0.        ]])"}}