{"duration": 0.020277738571166992, "input_args": {"D_high": "array([[  0.        ,  78.51486107,  69.20815273, ...,  69.73493016,\n         71.7084146 ,  59.3410676 ],\n       [ 78.51486107,   0.        ,  52.82187071, ..., 116.13798098,\n         25.56589605,  57.21757619],\n       [ 69.20815273,  52.82187071,   0.        , ..., 115.90542006,\n         47.68584545,  27.4294094 ],\n       ...,\n       [ 69.73493016, 116.13798098, 115.90542006, ...,   0.        ,\n        116.45694834, 116.0975663 ],\n       [ 71.7084146 ,  25.56589605,  47.68584545, ..., 116.45694834,\n          0.        ,  52.21198288],\n       [ 59.3410676 ,  57.21757619,  27.4294094 , ..., 116.0975663 ,\n         52.21198288,   0.        ]])", "D_low": "array([[ 0.        ,  8.03044701, 13.75349912, ...,  8.6668444 ,\n         7.8622809 , 11.59068751],\n       [ 8.03044701,  0.        ,  8.86145156, ..., 11.06622701,\n         0.22392761,  7.88599976],\n       [13.75349912,  8.86145156,  0.        , ...,  9.8387703 ,\n         8.78047909,  2.44971224],\n       ...,\n       [ 8.6668444 , 11.06622701,  9.8387703 , ...,  0.        ,\n        10.84591988,  7.47623237],\n       [ 7.8622809 ,  0.22392761,  8.78047909, ..., 10.84591988,\n         0.        ,  7.75227448],\n       [11.59068751,  7.88599976,  2.44971224, ...,  7.47623237,\n         7.75227448,  0.        ]])"}}