{"duration": 0.0035581588745117188, "input_args": {"D_high": "array([[0.        , 0.58309519, 1.47986486, 3.25115364, 3.77756535,\n        3.52987252, 3.29393382, 3.21403174, 3.18433667, 2.54754784,\n        2.97657521, 4.70956474, 4.29068759],\n       [0.58309519, 0.        , 1.3       , 3.70540146, 4.2626283 ,\n        3.92428337, 3.75099987, 3.69188299, 3.61109402, 2.97489496,\n        3.43511281, 5.13419906, 4.69574275],\n       [1.47986486, 1.3       , 0.        , 4.01248053, 4.5607017 ,\n        4.15571895, 3.89615195, 3.96484552, 3.78021163, 3.06920185,\n        3.64005494, 5.3244718 , 4.94165964],\n       [3.25115364, 3.70540146, 4.01248053, 0.        , 0.64807407,\n        0.65574385, 0.6164414 , 0.31622777, 0.5       , 1.02956301,\n        0.45825757, 1.49331845, 1.13137085],\n       [3.77756535, 4.2626283 , 4.5607017 , 0.64807407, 0.        ,\n        1.05356538, 0.92736185, 0.6       , 1.00498756, 1.56843871,\n        0.96436508, 1.21243557, 1.02956301],\n       [3.52987252, 3.92428337, 4.15571895, 0.65574385, 1.05356538,\n        0.        , 0.75498344, 0.92195445, 0.52915026, 1.19582607,\n        0.82462113, 1.2489996 , 0.8660254 ],\n       [3.29393382, 3.75099987, 3.89615195, 0.6164414 , 0.92736185,\n        0.75498344, 0.        , 0.64807407, 0.38729833, 0.86023253,\n        0.43588989, 1.55241747, 1.34907376],\n       [3.21403174, 3.69188299, 3.96484552, 0.31622777, 0.6       ,\n        0.92195445, 0.64807407, 0.        , 0.6244998 , 1.00995049,\n        0.43588989, 1.61554944, 1.30384048],\n       [3.18433667, 3.61109402, 3.78021163, 0.5       , 1.00498756,\n        0.52915026, 0.38729833, 0.6244998 , 0.        , 0.72801099,\n        0.34641016, 1.56204994, 1.23693169],\n       [2.54754784, 2.97489496, 3.06920185, 1.02956301, 1.56843871,\n        1.19582607, 0.86023253, 1.00995049, 0.72801099, 0.        ,\n        0.60827625, 2.27815715, 1.94422221],\n       [2.97657521, 3.43511281, 3.64005494, 0.45825757, 0.96436508,\n        0.82462113, 0.43588989, 0.43588989, 0.34641016, 0.60827625,\n        0.        , 1.77763888, 1.45945195],\n       [4.70956474, 5.13419906, 5.3244718 , 1.49331845, 1.21243557,\n        1.2489996 , 1.55241747, 1.61554944, 1.56204994, 2.27815715,\n        1.77763888, 0.        , 0.55677644],\n       [4.29068759, 4.69574275, 4.94165964, 1.13137085, 1.02956301,\n        0.8660254 , 1.34907376, 1.30384048, 1.23693169, 1.94422221,\n        1.45945195, 0.55677644, 0.        ]])", "D_low": "array([[0.        , 1.22585723, 0.61538343, 6.49797992, 6.8533833 ,\n        6.55219056, 8.39358308, 6.87226259, 1.38454363, 7.27280616,\n        7.75657483, 6.4122225 , 6.15054617],\n       [1.22585723, 0.        , 0.99985138, 7.03812049, 7.42631667,\n        7.07049135, 8.95221101, 7.45566614, 2.52526945, 7.65547036,\n        8.42375809, 7.17030273, 6.97591424],\n       [0.61538343, 0.99985138, 0.        , 7.09573555, 7.45570797,\n        7.14703453, 8.99575853, 7.47580311, 1.96012453, 7.84637493,\n        8.36828176, 7.02734451, 6.76541026],\n       [6.49797992, 7.03812049, 7.09573555, 0.        , 0.42730057,\n        0.14086821, 1.91410658, 0.48377976, 5.4954288 , 1.20774664,\n        1.59154741, 1.42250497, 1.88441776],\n       [6.8533833 , 7.42631667, 7.45570797, 0.42730057, 0.        ,\n        0.4784152 , 1.54020281, 0.07332081, 5.81078389, 1.2727797 ,\n        1.16870961, 1.30086864, 1.81508407],\n       [6.55219056, 7.07049135, 7.14703453, 0.14086821, 0.4784152 ,\n        0.        , 1.88743427, 0.54528128, 5.56976152, 1.0715204 ,\n        1.64458404, 1.56042273, 2.02509051],\n       [8.39358308, 8.95221101, 8.99575853, 1.91410658, 1.54020281,\n        1.88743427, 0.        , 1.52318512, 7.33790037, 1.7415739 ,\n        1.03644488, 2.39833927, 2.90697751],\n       [6.87226259, 7.45566614, 7.47580311, 0.48377976, 0.07332081,\n        0.54528128, 1.52318512, 0.        , 5.81934521, 1.33743252,\n        1.10791988, 1.24529983, 1.76363957],\n       [1.38454363, 2.52526945, 1.96012453, 5.4954288 , 5.81078389,\n        5.56976152, 7.33790037, 5.81934521, 0.        , 6.4078909 ,\n        6.61346853, 5.21104577, 4.89860198],\n       [7.27280616, 7.65547036, 7.84637493, 1.20774664, 1.2727797 ,\n        1.0715204 , 1.7415739 , 1.33743252, 6.4078909 , 0.        ,\n        2.09468768, 2.56234178, 3.05982363],\n       [7.75657483, 8.42375809, 8.36828176, 1.59154741, 1.16870961,\n        1.64458404, 1.03644488, 1.10791988, 6.61346853, 2.09468768,\n        0.        , 1.46646561, 1.93608915],\n       [6.4122225 , 7.17030273, 7.02734451, 1.42250497, 1.30086864,\n        1.56042273, 2.39833927, 1.24529983, 5.21104577, 2.56234178,\n        1.46646561, 0.        , 0.53109335],\n       [6.15054617, 6.97591424, 6.76541026, 1.88441776, 1.81508407,\n        2.02509051, 2.90697751, 1.76363957, 4.89860198, 3.05982363,\n        1.93608915, 0.53109335, 0.        ]])"}}