{"duration": 0.0022330284118652344, "input_args": {"D_high": "array([[  0.        , 136.88299559, 144.63509711, ...,  53.53524373,\n        141.87200429, 141.91977723],\n       [136.88299559,   0.        ,  31.11839599, ..., 184.18305812,\n         45.52624475,  35.90271834],\n       [144.63509711,  31.11839599,   0.        , ..., 189.98133079,\n         39.42516501,  34.06235871],\n       ...,\n       [ 53.53524373, 184.18305812, 189.98133079, ...,   0.        ,\n        183.80014255, 184.46368641],\n       [141.87200429,  45.52624475,  39.42516501, ..., 183.80014255,\n          0.        ,  20.60302427],\n       [141.91977723,  35.90271834,  34.06235871, ..., 184.46368641,\n         20.60302427,   0.        ]])", "D_low": "array([[ 0.        , 11.82221889, 11.62100767, ...,  3.88522494,\n        14.92291936, 13.63009574],\n       [11.82221889,  0.        ,  2.07077328, ..., 15.70411771,\n         5.72001266,  5.66766055],\n       [11.62100767,  2.07077328,  0.        , ..., 15.43347318,\n         4.1234383 ,  3.72959437],\n       ...,\n       [ 3.88522494, 15.70411771, 15.43347318, ...,  0.        ,\n        18.54891844, 17.17864333],\n       [14.92291936,  5.72001266,  4.1234383 , ..., 18.54891844,\n         0.        ,  1.57019292],\n       [13.63009574,  5.66766055,  3.72959437, ..., 17.17864333,\n         1.57019292,  0.        ]])"}}