{"duration": 0.0028078556060791016, "input_args": {"D_high": "array([[0.        , 0.5       , 0.74833148, 0.53851648, 3.49714169,\n        3.47275107, 2.88963666, 2.99499583, 3.18747549, 2.89482297],\n       [0.5       , 0.        , 0.75498344, 0.6       , 3.69052842,\n        3.69459064, 3.12729915, 3.30756708, 3.43074336, 3.19530906],\n       [0.74833148, 0.75498344, 0.        , 1.11803399, 4.14125585,\n        4.14004831, 3.51994318, 3.60138862, 3.84707681, 3.48998567],\n       [0.53851648, 0.6       , 1.11803399, 0.        , 3.38526218,\n        3.31209903, 2.78926514, 2.94957624, 3.02820079, 2.91376046],\n       [3.49714169, 3.69052842, 4.14125585, 3.38526218, 0.        ,\n        0.55677644, 0.74833148, 1.12249722, 0.79372539, 1.08166538],\n       [3.47275107, 3.69459064, 4.14004831, 3.31209903, 0.55677644,\n        0.        , 0.71414284, 0.97467943, 0.37416574, 1.17473401],\n       [2.88963666, 3.12729915, 3.51994318, 2.78926514, 0.74833148,\n        0.71414284, 0.        , 0.58309519, 0.51961524, 0.67082039],\n       [2.99499583, 3.30756708, 3.60138862, 2.94957624, 1.12249722,\n        0.97467943, 0.58309519, 0.        , 0.72801099, 0.51961524],\n       [3.18747549, 3.43074336, 3.84707681, 3.02820079, 0.79372539,\n        0.37416574, 0.51961524, 0.72801099, 0.        , 1.02956301],\n       [2.89482297, 3.19530906, 3.48998567, 2.91376046, 1.08166538,\n        1.17473401, 0.67082039, 0.51961524, 1.02956301, 0.        ]])", "D_low": "array([[0.        , 0.28338298, 0.03182141, 0.39274417, 6.80579426,\n        8.58247972, 7.57881483, 7.45282591, 6.83802518, 7.4323023 ],\n       [0.28338298, 0.        , 0.25672219, 0.67073277, 7.05319283,\n        8.81960364, 7.8186684 , 7.70038849, 7.07275277, 7.67559168],\n       [0.03182141, 0.25672219, 0.        , 0.42333554, 6.82125212,\n        8.59597458, 7.59280166, 7.46833646, 6.85101792, 7.44695386],\n       [0.39274417, 0.67073277, 0.42333554, 0.        , 6.53119465,\n        8.32687535, 7.31881135, 7.17711249, 6.58926259, 7.16548214],\n       [6.80579426, 7.05319283, 6.82125212, 6.53119465, 0.        ,\n        1.85311791, 0.85847976, 0.64720026, 0.59236122, 0.65874223],\n       [8.58247972, 8.81960364, 8.59597458, 8.32687535, 1.85311791,\n        0.        , 1.01291475, 1.26430983, 1.74977528, 1.19438418],\n       [7.57881483, 7.8186684 , 7.59280166, 7.31881135, 0.85847976,\n        1.01291475, 0.        , 0.42541311, 0.78184692, 0.22857964],\n       [7.45282591, 7.70038849, 7.46833646, 7.17711249, 0.64720026,\n        1.26430983, 0.42541311, 0.        , 0.88296387, 0.22935268],\n       [6.83802518, 7.07275277, 6.85101792, 6.58926259, 0.59236122,\n        1.74977528, 0.78184692, 0.88296387, 0.        , 0.72438894],\n       [7.4323023 , 7.67559168, 7.44695386, 7.16548214, 0.65874223,\n        1.19438418, 0.22857964, 0.22935268, 0.72438894, 0.        ]])"}}