{"duration": 0.0024161338806152344, "input_args": {"D_high": "array([[0.        , 0.58309519, 1.47986486, 3.25115364, 3.77756535,\n        3.52987252, 3.29393382, 3.21403174, 3.18433667, 2.54754784,\n        2.97657521, 4.70956474, 4.29068759],\n       [0.58309519, 0.        , 1.3       , 3.70540146, 4.2626283 ,\n        3.92428337, 3.75099987, 3.69188299, 3.61109402, 2.97489496,\n        3.43511281, 5.13419906, 4.69574275],\n       [1.47986486, 1.3       , 0.        , 4.01248053, 4.5607017 ,\n        4.15571895, 3.89615195, 3.96484552, 3.78021163, 3.06920185,\n        3.64005494, 5.3244718 , 4.94165964],\n       [3.25115364, 3.70540146, 4.01248053, 0.        , 0.64807407,\n        0.65574385, 0.6164414 , 0.31622777, 0.5       , 1.02956301,\n        0.45825757, 1.49331845, 1.13137085],\n       [3.77756535, 4.2626283 , 4.5607017 , 0.64807407, 0.        ,\n        1.05356538, 0.92736185, 0.6       , 1.00498756, 1.56843871,\n        0.96436508, 1.21243557, 1.02956301],\n       [3.52987252, 3.92428337, 4.15571895, 0.65574385, 1.05356538,\n        0.        , 0.75498344, 0.92195445, 0.52915026, 1.19582607,\n        0.82462113, 1.2489996 , 0.8660254 ],\n       [3.29393382, 3.75099987, 3.89615195, 0.6164414 , 0.92736185,\n        0.75498344, 0.        , 0.64807407, 0.38729833, 0.86023253,\n        0.43588989, 1.55241747, 1.34907376],\n       [3.21403174, 3.69188299, 3.96484552, 0.31622777, 0.6       ,\n        0.92195445, 0.64807407, 0.        , 0.6244998 , 1.00995049,\n        0.43588989, 1.61554944, 1.30384048],\n       [3.18433667, 3.61109402, 3.78021163, 0.5       , 1.00498756,\n        0.52915026, 0.38729833, 0.6244998 , 0.        , 0.72801099,\n        0.34641016, 1.56204994, 1.23693169],\n       [2.54754784, 2.97489496, 3.06920185, 1.02956301, 1.56843871,\n        1.19582607, 0.86023253, 1.00995049, 0.72801099, 0.        ,\n        0.60827625, 2.27815715, 1.94422221],\n       [2.97657521, 3.43511281, 3.64005494, 0.45825757, 0.96436508,\n        0.82462113, 0.43588989, 0.43588989, 0.34641016, 0.60827625,\n        0.        , 1.77763888, 1.45945195],\n       [4.70956474, 5.13419906, 5.3244718 , 1.49331845, 1.21243557,\n        1.2489996 , 1.55241747, 1.61554944, 1.56204994, 2.27815715,\n        1.77763888, 0.        , 0.55677644],\n       [4.29068759, 4.69574275, 4.94165964, 1.13137085, 1.02956301,\n        0.8660254 , 1.34907376, 1.30384048, 1.23693169, 1.94422221,\n        1.45945195, 0.55677644, 0.        ]])", "D_low": "array([[ 0.        ,  1.37148722,  3.06084696,  7.71208432,  8.61573245,\n         6.87557847, 10.25507381,  7.08252589,  9.38030753, 10.69642965,\n         9.28105998,  8.80416189,  9.06242056],\n       [ 1.37148722,  0.        ,  2.09882011,  8.31164283,  8.7432376 ,\n         7.11341787, 10.48094462,  7.91378863,  9.64551367, 11.2662072 ,\n         9.6849973 ,  8.47360882,  8.88498024],\n       [ 3.06084696,  2.09882011,  0.        , 10.40931773, 10.7119128 ,\n         9.14201822, 12.48235323,  9.99219245, 11.66699854, 13.35929252,\n        11.75017546, 10.13397984, 10.66455797],\n       [ 7.71208432,  8.31164283, 10.40931773,  0.        ,  3.05398757,\n         2.31230243,  3.51723266,  1.62008452,  2.70209654,  2.98447325,\n         1.99012941,  5.70757323,  4.96124832],\n       [ 8.61573245,  8.7432376 , 10.7119128 ,  3.05398757,  0.        ,\n         1.8057891 ,  1.82661192,  4.59688617,  1.24426034,  3.99200825,\n         2.03078186,  2.90046458,  1.98467843],\n       [ 6.87557847,  7.11341787,  9.14201822,  2.31230243,  1.8057891 ,\n         0.        ,  3.38503078,  3.45542347,  2.53247644,  4.57315958,\n         2.69507601,  3.62145244,  3.11507654],\n       [10.25507381, 10.48094462, 12.48235323,  3.51723266,  1.82661192,\n         3.38503078,  0.        ,  5.12255251,  0.90464887,  2.86425697,\n         1.59259389,  4.21546256,  3.1625951 ],\n       [ 7.08252589,  7.91378863,  9.99219245,  1.62008452,  4.59688617,\n         3.45542347,  5.12255251,  0.        ,  4.32152944,  4.03041493,\n         3.56043559,  7.0544292 ,  6.41552099],\n       [ 9.38030753,  9.64551367, 11.66699854,  2.70209654,  1.24426034,\n         2.53247644,  0.90464887,  4.32152944,  0.        ,  2.80152102,\n         0.9910693 ,  4.03538643,  3.03215232],\n       [10.69642965, 11.2662072 , 13.35929252,  2.98447325,  3.99200825,\n         4.57315958,  2.86425697,  4.03041493,  2.80152102,  0.        ,\n         1.99899138,  6.83690744,  5.827331  ],\n       [ 9.28105998,  9.6849973 , 11.75017546,  1.99012941,  2.03078186,\n         2.69507601,  1.59259389,  3.56043559,  0.9910693 ,  1.99899138,\n         0.        ,  4.922438  ,  3.95748941],\n       [ 8.80416189,  8.47360882, 10.13397984,  5.70757323,  2.90046458,\n         3.62145244,  4.21546256,  7.0544292 ,  4.03538643,  6.83690744,\n         4.922438  ,  0.        ,  1.05507577],\n       [ 9.06242056,  8.88498024, 10.66455797,  4.96124832,  1.98467843,\n         3.11507654,  3.1625951 ,  6.41552099,  3.03215232,  5.827331  ,\n         3.95748941,  1.05507577,  0.        ]])"}}