{"duration": 0.002653837203979492, "input_args": {"D_high": "array([[0.        , 0.58309519, 1.47986486, 3.25115364, 3.77756535,\n        3.52987252, 3.29393382, 3.21403174, 3.18433667, 2.54754784,\n        2.97657521, 4.70956474, 4.29068759],\n       [0.58309519, 0.        , 1.3       , 3.70540146, 4.2626283 ,\n        3.92428337, 3.75099987, 3.69188299, 3.61109402, 2.97489496,\n        3.43511281, 5.13419906, 4.69574275],\n       [1.47986486, 1.3       , 0.        , 4.01248053, 4.5607017 ,\n        4.15571895, 3.89615195, 3.96484552, 3.78021163, 3.06920185,\n        3.64005494, 5.3244718 , 4.94165964],\n       [3.25115364, 3.70540146, 4.01248053, 0.        , 0.64807407,\n        0.65574385, 0.6164414 , 0.31622777, 0.5       , 1.02956301,\n        0.45825757, 1.49331845, 1.13137085],\n       [3.77756535, 4.2626283 , 4.5607017 , 0.64807407, 0.        ,\n        1.05356538, 0.92736185, 0.6       , 1.00498756, 1.56843871,\n        0.96436508, 1.21243557, 1.02956301],\n       [3.52987252, 3.92428337, 4.15571895, 0.65574385, 1.05356538,\n        0.        , 0.75498344, 0.92195445, 0.52915026, 1.19582607,\n        0.82462113, 1.2489996 , 0.8660254 ],\n       [3.29393382, 3.75099987, 3.89615195, 0.6164414 , 0.92736185,\n        0.75498344, 0.        , 0.64807407, 0.38729833, 0.86023253,\n        0.43588989, 1.55241747, 1.34907376],\n       [3.21403174, 3.69188299, 3.96484552, 0.31622777, 0.6       ,\n        0.92195445, 0.64807407, 0.        , 0.6244998 , 1.00995049,\n        0.43588989, 1.61554944, 1.30384048],\n       [3.18433667, 3.61109402, 3.78021163, 0.5       , 1.00498756,\n        0.52915026, 0.38729833, 0.6244998 , 0.        , 0.72801099,\n        0.34641016, 1.56204994, 1.23693169],\n       [2.54754784, 2.97489496, 3.06920185, 1.02956301, 1.56843871,\n        1.19582607, 0.86023253, 1.00995049, 0.72801099, 0.        ,\n        0.60827625, 2.27815715, 1.94422221],\n       [2.97657521, 3.43511281, 3.64005494, 0.45825757, 0.96436508,\n        0.82462113, 0.43588989, 0.43588989, 0.34641016, 0.60827625,\n        0.        , 1.77763888, 1.45945195],\n       [4.70956474, 5.13419906, 5.3244718 , 1.49331845, 1.21243557,\n        1.2489996 , 1.55241747, 1.61554944, 1.56204994, 2.27815715,\n        1.77763888, 0.        , 0.55677644],\n       [4.29068759, 4.69574275, 4.94165964, 1.13137085, 1.02956301,\n        0.8660254 , 1.34907376, 1.30384048, 1.23693169, 1.94422221,\n        1.45945195, 0.55677644, 0.        ]])", "D_low": "array([[ 0.        ,  1.9327556 ,  6.02291979,  6.73617747,  8.14372919,\n         8.18506457,  8.22106478,  6.84255129,  7.84963383, 10.13655586,\n         7.64722139,  4.64257864,  2.86814856],\n       [ 1.9327556 ,  0.        ,  7.10130512,  8.65856093, 10.04004254,\n         9.83307521, 10.07466261,  8.76128977,  9.70461875, 11.94612939,\n         9.51352073,  5.5421063 ,  3.89006568],\n       [ 6.02291979,  7.10130512,  0.        ,  7.35567472,  6.39540138,\n        10.83912877,  9.46261718,  6.04414915,  9.1699006 , 11.40784286,\n         8.89855102,  9.89625413,  8.3479164 ],\n       [ 6.73617747,  8.65856093,  7.35567472,  0.        ,  2.83492688,\n         3.88957797,  2.1071341 ,  1.72309508,  1.82872275,  4.07907964,\n         1.55903905,  6.41536339,  6.18746764],\n       [ 8.14372919, 10.04004254,  6.39540138,  2.83492688,  0.        ,\n         6.54511239,  4.32646838,  1.43097215,  4.22630052,  5.78731123,\n         4.01430086,  9.00047618,  8.43218198],\n       [ 8.18506457,  9.83307521, 10.83912877,  3.88957797,  6.54511239,\n         0.        ,  2.36922859,  5.61063331,  2.35006452,  2.77828378,\n         2.53596188,  5.31784564,  6.20341502],\n       [ 8.22106478, 10.07466261,  9.46261718,  2.1071341 ,  4.32646838,\n         2.36922859,  0.        ,  3.6549087 ,  0.37160357,  2.02588203,\n         0.60643989,  6.66467454,  6.98865795],\n       [ 6.84255129,  8.76128977,  6.04414915,  1.72309508,  1.43097215,\n         5.61063331,  3.6549087 ,  0.        ,  3.44791273,  5.45047774,\n         3.19316966,  7.58818958,  7.00295119],\n       [ 7.84963383,  9.70461875,  9.1699006 ,  1.82872275,  4.22630052,\n         2.35006452,  0.37160357,  3.44791273,  0.        ,  2.37945475,\n         0.27136362,  6.36809114,  6.64400768],\n       [10.13655586, 11.94612939, 11.40784286,  4.07907964,  5.78731123,\n         2.77828378,  2.02588203,  5.45047774,  2.37945475,  0.        ,\n         2.63167995,  7.98735486,  8.62343254],\n       [ 7.64722139,  9.51352073,  8.89855102,  1.55903905,  4.01430086,\n         2.53596188,  0.60643989,  3.19316966,  0.27136362,  2.63167995,\n         0.        ,  6.31424859,  6.52041572],\n       [ 4.64257864,  5.5421063 ,  9.89625413,  6.41536339,  9.00047618,\n         5.31784564,  6.66467454,  7.58818958,  6.36809114,  7.98735486,\n         6.31424859,  0.        ,  1.77552771],\n       [ 2.86814856,  3.89006568,  8.3479164 ,  6.18746764,  8.43218198,\n         6.20341502,  6.98865795,  7.00295119,  6.64400768,  8.62343254,\n         6.52041572,  1.77552771,  0.        ]])"}}