{"duration": 0.005198955535888672, "input_args": {"D_high": "array([[  0.        ,  84.1961696 ,  77.77817558, ..., 164.25094499,\n         96.7953527 , 143.21994847],\n       [ 84.1961696 ,   0.        , 123.13577912, ..., 226.59142528,\n         74.06281237, 214.02748194],\n       [ 77.77817558, 123.13577912,   0.        , ..., 111.20643942,\n         90.52153753, 101.51019271],\n       ...,\n       [164.25094499, 226.59142528, 111.20643942, ...,   0.        ,\n        189.87669905,  46.59966957],\n       [ 96.7953527 ,  74.06281237,  90.52153753, ..., 189.87669905,\n          0.        , 186.26121056],\n       [143.21994847, 214.02748194, 101.51019271, ...,  46.59966957,\n        186.26121056,   0.        ]])", "D_low": "array([[ 0.        ,  5.30627783,  5.80321281, ..., 10.78852193,\n         7.41426215, 13.88932974],\n       [ 5.30627783,  0.        , 10.41864206, ..., 11.80341631,\n         3.98294442, 16.88439311],\n       [ 5.80321281, 10.41864206,  0.        , ...,  8.53773408,\n        10.74014268,  8.88037552],\n       ...,\n       [10.78852193, 11.80341631,  8.53773408, ...,  0.        ,\n         9.06638191,  6.75090818],\n       [ 7.41426215,  3.98294442, 10.74014268, ...,  9.06638191,\n         0.        , 15.10248927],\n       [13.88932974, 16.88439311,  8.88037552, ...,  6.75090818,\n        15.10248927,  0.        ]])"}}