{"duration": 0.0025539398193359375, "input_args": {"D_high": "array([[0.        , 0.5       , 0.74833148, 0.53851648, 3.49714169,\n        3.47275107, 2.88963666, 2.99499583, 3.18747549, 2.89482297],\n       [0.5       , 0.        , 0.75498344, 0.6       , 3.69052842,\n        3.69459064, 3.12729915, 3.30756708, 3.43074336, 3.19530906],\n       [0.74833148, 0.75498344, 0.        , 1.11803399, 4.14125585,\n        4.14004831, 3.51994318, 3.60138862, 3.84707681, 3.48998567],\n       [0.53851648, 0.6       , 1.11803399, 0.        , 3.38526218,\n        3.31209903, 2.78926514, 2.94957624, 3.02820079, 2.91376046],\n       [3.49714169, 3.69052842, 4.14125585, 3.38526218, 0.        ,\n        0.55677644, 0.74833148, 1.12249722, 0.79372539, 1.08166538],\n       [3.47275107, 3.69459064, 4.14004831, 3.31209903, 0.55677644,\n        0.        , 0.71414284, 0.97467943, 0.37416574, 1.17473401],\n       [2.88963666, 3.12729915, 3.51994318, 2.78926514, 0.74833148,\n        0.71414284, 0.        , 0.58309519, 0.51961524, 0.67082039],\n       [2.99499583, 3.30756708, 3.60138862, 2.94957624, 1.12249722,\n        0.97467943, 0.58309519, 0.        , 0.72801099, 0.51961524],\n       [3.18747549, 3.43074336, 3.84707681, 3.02820079, 0.79372539,\n        0.37416574, 0.51961524, 0.72801099, 0.        , 1.02956301],\n       [2.89482297, 3.19530906, 3.48998567, 2.91376046, 1.08166538,\n        1.17473401, 0.67082039, 0.51961524, 1.02956301, 0.        ]])", "D_low": "array([[0.        , 0.15380033, 0.07954124, 0.08557912, 4.50762737,\n        4.56140887, 3.72484747, 4.42433362, 4.2403275 , 3.89599285],\n       [0.15380033, 0.        , 0.11905053, 0.11626911, 4.39323769,\n        4.45298111, 3.62526199, 4.30899485, 4.1268109 , 3.8030972 ],\n       [0.07954124, 0.11905053, 0.        , 0.00632147, 4.42896728,\n        4.48220968, 3.6453189 , 4.34578906, 4.16157998, 3.81651065],\n       [0.08557912, 0.11626911, 0.00632147, 0.        , 4.42272861,\n        4.4760389 , 3.63926946, 4.33954088, 4.15534923, 3.81057556],\n       [4.50762737, 4.39323769, 4.42896728, 4.42272861, 0.        ,\n        0.25823693, 0.94664716, 0.09322664, 0.26936272, 0.98927412],\n       [4.56140887, 4.45298111, 4.48220968, 4.4760389 , 0.25823693,\n        0.        , 0.89083677, 0.32287498, 0.38448748, 0.86205945],\n       [3.72484747, 3.62526199, 3.6453189 , 3.63926946, 0.94664716,\n        0.89083677, 0.        , 0.89941241, 0.70855547, 0.27287617],\n       [4.42433362, 4.30899485, 4.34578906, 4.33954088, 0.09322664,\n        0.32287498, 0.89941241, 0.        , 0.19817066, 0.96630449],\n       [4.2403275 , 4.1268109 , 4.16157998, 4.15534923, 0.26936272,\n        0.38448748, 0.70855547, 0.19817066, 0.        , 0.80110509],\n       [3.89599285, 3.8030972 , 3.81651065, 3.81057556, 0.98927412,\n        0.86205945, 0.27287617, 0.96630449, 0.80110509, 0.        ]])"}}