{"duration": 0.0023238658905029297, "input_args": {"D_high": "array([[0.        , 0.5       , 0.74833148, 0.53851648, 3.49714169,\n        3.47275107, 2.88963666, 2.99499583, 3.18747549, 2.89482297],\n       [0.5       , 0.        , 0.75498344, 0.6       , 3.69052842,\n        3.69459064, 3.12729915, 3.30756708, 3.43074336, 3.19530906],\n       [0.74833148, 0.75498344, 0.        , 1.11803399, 4.14125585,\n        4.14004831, 3.51994318, 3.60138862, 3.84707681, 3.48998567],\n       [0.53851648, 0.6       , 1.11803399, 0.        , 3.38526218,\n        3.31209903, 2.78926514, 2.94957624, 3.02820079, 2.91376046],\n       [3.49714169, 3.69052842, 4.14125585, 3.38526218, 0.        ,\n        0.55677644, 0.74833148, 1.12249722, 0.79372539, 1.08166538],\n       [3.47275107, 3.69459064, 4.14004831, 3.31209903, 0.55677644,\n        0.        , 0.71414284, 0.97467943, 0.37416574, 1.17473401],\n       [2.88963666, 3.12729915, 3.51994318, 2.78926514, 0.74833148,\n        0.71414284, 0.        , 0.58309519, 0.51961524, 0.67082039],\n       [2.99499583, 3.30756708, 3.60138862, 2.94957624, 1.12249722,\n        0.97467943, 0.58309519, 0.        , 0.72801099, 0.51961524],\n       [3.18747549, 3.43074336, 3.84707681, 3.02820079, 0.79372539,\n        0.37416574, 0.51961524, 0.72801099, 0.        , 1.02956301],\n       [2.89482297, 3.19530906, 3.48998567, 2.91376046, 1.08166538,\n        1.17473401, 0.67082039, 0.51961524, 1.02956301, 0.        ]])", "D_low": "array([[0.00000000e+00, 3.21434736e-01, 2.73608078e-01, 2.72109760e-01,\n        5.85568477e+00, 5.86191888e+00, 6.02188816e+00, 5.49757682e+00,\n        5.97193946e+00, 6.23307122e+00],\n       [3.21434736e-01, 0.00000000e+00, 1.49584855e-01, 1.46241786e-01,\n        5.58996509e+00, 5.59830197e+00, 5.74738012e+00, 5.23262146e+00,\n        5.70286712e+00, 5.95972148e+00],\n       [2.73608078e-01, 1.49584855e-01, 0.00000000e+00, 3.79443349e-03,\n        5.58349379e+00, 5.59006733e+00, 5.74864565e+00, 5.22547973e+00,\n        5.69927965e+00, 5.95993983e+00],\n       [2.72109760e-01, 1.46241786e-01, 3.79443349e-03, 0.00000000e+00,\n        5.58536891e+00, 5.59198132e+00, 5.75034892e+00, 5.22736668e+00,\n        5.70109165e+00, 5.96166831e+00],\n       [5.85568477e+00, 5.58996509e+00, 5.58349379e+00, 5.58536891e+00,\n        0.00000000e+00, 6.64012310e-02, 3.34588412e-01, 3.58534059e-01,\n        1.57886567e-01, 4.53705762e-01],\n       [5.86191888e+00, 5.59830197e+00, 5.59006733e+00, 5.59198132e+00,\n        6.64012310e-02, 0.00000000e+00, 3.91711985e-01, 3.67306360e-01,\n        2.05565424e-01, 4.90166226e-01],\n       [6.02188816e+00, 5.74738012e+00, 5.74864565e+00, 5.75034892e+00,\n        3.34588412e-01, 3.91711985e-01, 0.00000000e+00, 6.03617627e-01,\n        1.91567095e-01, 2.15761553e-01],\n       [5.49757682e+00, 5.23262146e+00, 5.22547973e+00, 5.22736668e+00,\n        3.58534059e-01, 3.67306360e-01, 6.03617627e-01, 0.00000000e+00,\n        4.89591344e-01, 7.80783870e-01],\n       [5.97193946e+00, 5.70286712e+00, 5.69927965e+00, 5.70109165e+00,\n        1.57886567e-01, 2.05565424e-01, 1.91567095e-01, 4.89591344e-01,\n        0.00000000e+00, 2.98267436e-01],\n       [6.23307122e+00, 5.95972148e+00, 5.95993983e+00, 5.96166831e+00,\n        4.53705762e-01, 4.90166226e-01, 2.15761553e-01, 7.80783870e-01,\n        2.98267436e-01, 0.00000000e+00]])"}}