{"duration": 0.0030908584594726562, "input_args": {"D_high": "array([[0.        , 1.27279221, 1.55563492, 0.87749644, 1.64316767,\n        3.48425028, 3.98748041, 3.39705755, 3.78549865, 4.09145451,\n        3.68781778, 3.48998567, 3.54259792, 3.04959014, 3.08868904,\n        3.18433667, 3.33916157, 4.93254498, 5.45985348, 4.46989933],\n       [1.27279221, 0.        , 0.52915026, 0.59160798, 0.66332496,\n        3.24653662, 3.81051178, 2.74954542, 3.4568772 , 3.64965752,\n        3.27719392, 3.23109888, 3.13209195, 2.48596058, 2.596151  ,\n        2.6       , 2.96141858, 4.66368953, 5.27730992, 4.23083916],\n       [1.55563492, 0.52915026, 0.        , 0.74161985, 0.34641016,\n        3.63593179, 4.18568991, 3.01330383, 3.8457769 , 3.97994975,\n        3.60277671, 3.60555128, 3.49428104, 2.81780056, 2.94957624,\n        2.9189039 , 3.318132  , 5.04678115, 5.63293884, 4.64112055],\n       [0.87749644, 0.59160798, 0.74161985, 0.        , 0.80622577,\n        3.48568501, 4.0385641 , 3.12569992, 3.71483512, 3.96358424,\n        3.55105618, 3.48855271, 3.42344855, 2.82665881, 2.88963666,\n        2.94788059, 3.24345495, 4.92341345, 5.50454358, 4.48887514],\n       [1.64316767, 0.66332496, 0.34641016, 0.80622577, 0.        ,\n        3.81313519, 4.38634244, 3.21869539, 3.97617907, 4.16173041,\n        3.78153408, 3.80525952, 3.65376518, 2.98998328, 3.08868904,\n        3.09192497, 3.50285598, 5.19711458, 5.82666285, 4.78121324],\n       [3.48425028, 3.24653662, 3.63593179, 3.48568501, 3.81313519,\n        0.        , 0.64807407, 1.28840987, 0.65574385, 0.81240384,\n        0.6164414 , 0.31622777, 0.5       , 1.02956301, 0.93808315,\n        1.02956301, 0.45825757, 1.49331845, 2.05669638, 1.13137085],\n       [3.98748041, 3.81051178, 4.18568991, 4.0385641 , 4.38634244,\n        0.64807407, 0.        , 1.63707055, 1.05356538, 0.84852814,\n        0.92736185, 0.6       , 1.00498756, 1.56843871, 1.54272486,\n        1.53622915, 0.96436508, 1.21243557, 1.5       , 1.02956301],\n       [3.39705755, 2.74954542, 3.01330383, 3.12569992, 3.21869539,\n        1.28840987, 1.63707055, 0.        , 1.5132746 , 1.11355287,\n        0.9486833 , 1.14891253, 0.99498744, 0.58309519, 0.9486833 ,\n        0.48989795, 0.84261498, 2.36008474, 2.84780617, 2.13072758],\n       [3.78549865, 3.4568772 , 3.8457769 , 3.71483512, 3.97617907,\n        0.65574385, 1.05356538, 1.5132746 , 0.        , 0.8660254 ,\n        0.75498344, 0.92195445, 0.52915026, 1.19582607, 0.93273791,\n        1.17046999, 0.82462113, 1.2489996 , 2.07364414, 0.8660254 ],\n       [4.09145451, 3.64965752, 3.97994975, 3.96358424, 4.16173041,\n        0.81240384, 0.84852814, 1.11355287, 0.8660254 , 0.        ,\n        0.50990195, 0.77459667, 0.64031242, 1.17473401, 1.19163753,\n        1.07703296, 0.75498344, 1.26095202, 1.79164729, 1.14017543],\n       [3.68781778, 3.27719392, 3.60277671, 3.55105618, 3.78153408,\n        0.6164414 , 0.92736185, 0.9486833 , 0.75498344, 0.50990195,\n        0.        , 0.64807407, 0.38729833, 0.86023253, 0.81240384,\n        0.78740079, 0.43588989, 1.55241747, 2.0904545 , 1.34907376],\n       [3.48998567, 3.23109888, 3.60555128, 3.48855271, 3.80525952,\n        0.31622777, 0.6       , 1.14891253, 0.92195445, 0.77459667,\n        0.64807407, 0.        , 0.6244998 , 1.00995049, 1.04880885,\n        1.        , 0.43588989, 1.61554944, 2.06639783, 1.30384048],\n       [3.54259792, 3.13209195, 3.49428104, 3.42344855, 3.65376518,\n        0.5       , 1.00498756, 0.99498744, 0.52915026, 0.64031242,\n        0.38729833, 0.6244998 , 0.        , 0.72801099, 0.60827625,\n        0.68556546, 0.34641016, 1.56204994, 2.24053565, 1.23693169],\n       [3.04959014, 2.48596058, 2.81780056, 2.82665881, 2.98998328,\n        1.02956301, 1.56843871, 0.58309519, 1.19582607, 1.17473401,\n        0.86023253, 1.00995049, 0.72801099, 0.        , 0.42426407,\n        0.14142136, 0.60827625, 2.27815715, 2.9       , 1.94422221],\n       [3.08868904, 2.596151  , 2.94957624, 2.88963666, 3.08868904,\n        0.93808315, 1.54272486, 0.9486833 , 0.93273791, 1.19163753,\n        0.81240384, 1.04880885, 0.60827625, 0.42426407, 0.        ,\n        0.46904158, 0.64031242, 2.12367606, 2.82665881, 1.76635217],\n       [3.18433667, 2.6       , 2.9189039 , 2.94788059, 3.09192497,\n        1.02956301, 1.53622915, 0.48989795, 1.17046999, 1.07703296,\n        0.78740079, 1.        , 0.68556546, 0.14142136, 0.46904158,\n        0.        , 0.59160798, 2.21133444, 2.82665881, 1.90262976],\n       [3.33916157, 2.96141858, 3.318132  , 3.24345495, 3.50285598,\n        0.45825757, 0.96436508, 0.84261498, 0.82462113, 0.75498344,\n        0.43588989, 0.43588989, 0.34641016, 0.60827625, 0.64031242,\n        0.59160798, 0.        , 1.77763888, 2.33666429, 1.45945195],\n       [4.93254498, 4.66368953, 5.04678115, 4.92341345, 5.19711458,\n        1.49331845, 1.21243557, 2.36008474, 1.2489996 , 1.26095202,\n        1.55241747, 1.61554944, 1.56204994, 2.27815715, 2.12367606,\n        2.21133444, 1.77763888, 0.        , 1.02956301, 0.55677644],\n       [5.45985348, 5.27730992, 5.63293884, 5.50454358, 5.82666285,\n        2.05669638, 1.5       , 2.84780617, 2.07364414, 1.79164729,\n        2.0904545 , 2.06639783, 2.24053565, 2.9       , 2.82665881,\n        2.82665881, 2.33666429, 1.02956301, 0.        , 1.46628783],\n       [4.46989933, 4.23083916, 4.64112055, 4.48887514, 4.78121324,\n        1.13137085, 1.02956301, 2.13072758, 0.8660254 , 1.14017543,\n        1.34907376, 1.30384048, 1.23693169, 1.94422221, 1.76635217,\n        1.90262976, 1.45945195, 0.55677644, 1.46628783, 0.        ]])", "D_low": "array([[ 0.        ,  0.33418357,  4.27203928,  0.37574074,  0.20466802,\n         5.44704228,  5.54001712,  4.98585928,  4.81161245,  5.966389  ,\n         4.58887723,  4.94212027,  5.24977295,  4.47926351,  5.48886152,\n         4.77972115,  5.08140574,  5.41746861,  6.11070663, 14.21793156],\n       [ 0.33418357,  0.        ,  4.60591072,  0.41035384,  0.14815354,\n         5.62462755,  5.69543402,  5.1557262 ,  5.00065742,  6.14220049,\n         4.78157009,  5.07124801,  5.41114336,  4.6450196 ,  5.63359746,\n         4.91019072,  5.25303982,  5.58622361,  6.27958025, 14.31425053],\n       [ 4.27203928,  4.60591072,  0.        ,  4.39711093,  4.46673037,\n         4.73716525,  5.11496661,  4.56749328,  4.19393998,  5.11026794,\n         4.026034  ,  5.08127685,  4.84542065,  4.34837784,  5.22733541,\n         4.96671514,  4.59854975,  4.84682871,  5.31483688, 13.47195574],\n       [ 0.37574074,  0.41035384,  4.39711093,  0.        ,  0.30631856,\n         5.21493384,  5.28517897,  4.74557783,  4.59245217,  5.73231794,\n         4.37404877,  4.66329148,  5.00078953,  4.23475145,  5.22394127,\n         4.50200133,  4.8429726 ,  5.17600131,  5.86933155, 13.91477172],\n       [ 0.20466802,  0.14815354,  4.46673037,  0.30631856,  0.        ,\n         5.50292532,  5.58054118,  5.03619567,  4.87543133,  6.02115718,\n         4.65523682,  4.96465903,  5.29430108,  4.52654326,  5.5220936 ,\n         4.80308547,  5.13300778,  5.46716611,  6.16066595, 14.2204663 ],\n       [ 5.44704228,  5.62462755,  4.73716525,  5.21493384,  5.50292532,\n         0.        ,  0.43450528,  0.48676113,  0.66519545,  0.51987728,\n         0.89473981,  1.00975332,  0.3684249 ,  0.99590796,  0.62333454,\n         1.07501169,  0.38528763,  0.17384706,  0.68323614,  9.04833903],\n       [ 5.54001712,  5.69543402,  5.11496661,  5.28517897,  5.58054118,\n         0.43450528,  0.        ,  0.607575  ,  0.94187728,  0.5988789 ,\n         1.14899734,  0.76571181,  0.3079571 ,  1.07102014,  0.20776542,\n         0.88507327,  0.54127903,  0.27895513,  0.63829507,  8.81710243],\n       [ 4.98585928,  5.1557262 ,  4.56749328,  4.74557783,  5.03619567,\n         0.48676113,  0.607575  ,  0.        ,  0.37720431,  0.99054531,\n         0.55307698,  0.69010993,  0.30105714,  0.51345819,  0.6675636 ,\n         0.69229137,  0.10147586,  0.43169523,  1.12488825,  9.42104768],\n       [ 4.81161245,  5.00065742,  4.19393998,  4.59245217,  4.87543133,\n         0.66519545,  0.94187728,  0.37720431,  0.        ,  1.17706762,\n         0.23001138,  1.01686867,  0.65396664,  0.51945847,  1.0342086 ,\n         0.97618636,  0.40658617,  0.70330623,  1.34830642,  9.70884156],\n       [ 5.966389  ,  6.14220049,  5.11026794,  5.73231794,  6.02115718,\n         0.51987728,  0.5988789 ,  0.99054531,  1.17706762,  0.        ,\n         1.40699911,  1.35881847,  0.77789094,  1.50400342,  0.78843202,\n         1.4656211 ,  0.89112663,  0.57062414,  0.20461931,  8.5632656 ],\n       [ 4.58887723,  4.78157009,  4.026034  ,  4.37404877,  4.65523682,\n         0.89473981,  1.14899734,  0.55307698,  0.23001138,  1.40699911,\n         0.        ,  1.10089128,  0.8496576 ,  0.45849122,  1.22050771,\n         1.02758333,  0.60771905,  0.92433556,  1.57796273,  9.9348656 ],\n       [ 4.94212027,  5.07124801,  5.08127685,  4.66329148,  4.96465903,\n         1.00975332,  0.76571181,  0.69010993,  1.01686867,  1.35881847,\n         1.10089128,  0.        ,  0.64137094,  0.73400504,  0.61706325,\n         0.16322404,  0.74241613,  0.85390206,  1.40055862,  9.30286466],\n       [ 5.24977295,  5.41114336,  4.84542065,  5.00078953,  5.29430108,\n         0.3684249 ,  0.3079571 ,  0.30105714,  0.65396664,  0.77789094,\n         0.8496576 ,  0.64137094,  0.        ,  0.77222573,  0.38241362,\n         0.71334636,  0.24742933,  0.21984783,  0.87759869,  9.12475731],\n       [ 4.47926351,  4.6450196 ,  4.34837784,  4.23475145,  4.52654326,\n         0.99590796,  1.07102014,  0.51345819,  0.51945847,  1.50400342,\n         0.45849122,  0.73400504,  0.77222573,  0.        ,  1.06162812,\n         0.62203604,  0.6133769 ,  0.94152949,  1.63461087,  9.87563889],\n       [ 5.48886152,  5.63359746,  5.22733541,  5.22394127,  5.5220936 ,\n         0.62333454,  0.20776542,  0.6675636 ,  1.0342086 ,  0.78843202,\n         1.22050771,  0.61706325,  0.38241362,  1.06162812,  0.        ,\n         0.75671309,  0.62878815,  0.45411824,  0.79539428,  8.81553384],\n       [ 4.77972115,  4.91019072,  4.96671514,  4.50200133,  4.80308547,\n         1.07501169,  0.88507327,  0.69229137,  0.97618636,  1.4656211 ,\n         1.02758333,  0.16322404,  0.71334636,  0.62203604,  0.75671309,\n         0.        ,  0.76277165,  0.93262336,  1.52336285,  9.46601362],\n       [ 5.08140574,  5.25303982,  4.59854975,  4.8429726 ,  5.13300778,\n         0.38528763,  0.54127903,  0.10147586,  0.40658617,  0.89112663,\n         0.60771905,  0.74241613,  0.24742933,  0.6133769 ,  0.62878815,\n         0.76277165,  0.        ,  0.33897294,  1.02968592,  9.34287514],\n       [ 5.41746861,  5.58622361,  4.84682871,  5.17600131,  5.46716611,\n         0.17384706,  0.27895513,  0.43169523,  0.70330623,  0.57062414,\n         0.92433556,  0.85390206,  0.21984783,  0.94152949,  0.45411824,\n         0.93262336,  0.33897294,  0.        ,  0.69351312,  9.01232024],\n       [ 6.11070663,  6.27958025,  5.31483688,  5.86933155,  6.16066595,\n         0.68323614,  0.63829507,  1.12488825,  1.34830642,  0.20461931,\n         1.57796273,  1.40055862,  0.87759869,  1.63461087,  0.79539428,\n         1.52336285,  1.02968592,  0.69351312,  0.        ,  8.37344057],\n       [14.21793156, 14.31425053, 13.47195574, 13.91477172, 14.2204663 ,\n         9.04833903,  8.81710243,  9.42104768,  9.70884156,  8.5632656 ,\n         9.9348656 ,  9.30286466,  9.12475731,  9.87563889,  8.81553384,\n         9.46601362,  9.34287514,  9.01232024,  8.37344057,  0.        ]])"}}