{"duration": 0.005074977874755859, "input_args": {"D_high": "array([[0.        , 0.53851648, 0.50990195, ..., 4.27668096, 4.45982062,\n        4.65080638],\n       [0.53851648, 0.        , 0.3       , ..., 4.24970587, 4.49888875,\n        4.71805044],\n       [0.50990195, 0.3       , 0.        , ..., 4.43057558, 4.66154481,\n        4.84871117],\n       ...,\n       [4.27668096, 4.24970587, 4.43057558, ..., 0.        , 0.58309519,\n        1.06770783],\n       [4.45982062, 4.49888875, 4.66154481, ..., 0.58309519, 0.        ,\n        0.6164414 ],\n       [4.65080638, 4.71805044, 4.84871117, ..., 1.06770783, 0.6164414 ,\n        0.        ]])", "D_low": "array([[ 0.        ,  4.51650085,  2.27038858, ...,  9.60427457,\n         5.40038671,  6.42052535],\n       [ 4.51650085,  0.        ,  2.72861389, ..., 13.74119705,\n         9.84142531, 10.91897395],\n       [ 2.27038858,  2.72861389,  0.        , ..., 11.01876844,\n         7.24462228,  8.38754557],\n       ...,\n       [ 9.60427457, 13.74119705, 11.01876844, ...,  0.        ,\n         4.57432737,  4.36298604],\n       [ 5.40038671,  9.84142531,  7.24462228, ...,  4.57432737,\n         0.        ,  1.27921084],\n       [ 6.42052535, 10.91897395,  8.38754557, ...,  4.36298604,\n         1.27921084,  0.        ]])"}}