{"duration": 0.0024881362915039062, "input_args": {"D_high": "array([[0.        , 0.53851648, 0.50990195, ..., 3.591657  , 5.63914887,\n        4.51995575],\n       [0.53851648, 0.        , 0.3       , ..., 3.47994253, 5.74717322,\n        4.52106182],\n       [0.50990195, 0.3       , 0.        , ..., 3.60832371, 5.89406481,\n        4.69361268],\n       ...,\n       [3.591657  , 3.47994253, 3.60832371, ..., 0.        , 3.1144823 ,\n        1.72336879],\n       [5.63914887, 5.74717322, 5.89406481, ..., 3.1144823 , 0.        ,\n        1.56524758],\n       [4.51995575, 4.52106182, 4.69361268, ..., 1.72336879, 1.56524758,\n        0.        ]])", "D_low": "array([[0.        , 0.66162621, 0.93444536, ..., 6.47031887, 6.45158591,\n        6.35934134],\n       [0.66162621, 0.        , 0.32331161, ..., 5.99678263, 6.12642581,\n        6.01004433],\n       [0.93444536, 0.32331161, 0.        , ..., 5.67611353, 5.83228592,\n        5.71033283],\n       ...,\n       [6.47031887, 5.99678263, 5.67611353, ..., 0.        , 1.77146945,\n        1.49568447],\n       [6.45158591, 6.12642581, 5.83228592, ..., 1.77146945, 0.        ,\n        0.28424811],\n       [6.35934134, 6.01004433, 5.71033283, ..., 1.49568447, 0.28424811,\n        0.        ]])"}}