{"duration": 0.024896860122680664, "input_args": {"D_high": "array([[  0.        ,  63.23003439,  51.6526914 , ...,  66.22284519,\n         27.80260283, 159.45199265],\n       [ 63.23003439,   0.        ,  64.14069613, ...,  27.67658187,\n         52.44791055, 160.38731457],\n       [ 51.6526914 ,  64.14069613,   0.        , ...,  62.35925404,\n         42.98609637, 123.5982541 ],\n       ...,\n       [ 66.22284519,  27.67658187,  62.35925404, ...,   0.        ,\n         54.08764636, 159.7956386 ],\n       [ 27.80260283,  52.44791055,  42.98609637, ...,  54.08764636,\n          0.        , 157.90239317],\n       [159.45199265, 160.38731457, 123.5982541 , ..., 159.7956386 ,\n        157.90239317,   0.        ]])", "D_low": "array([[ 0.        , 18.27047263,  6.24740339, ...,  9.94927949,\n         3.29569538,  9.36455039],\n       [18.27047263,  0.        , 20.44637114, ...,  8.83002128,\n        17.65424561, 26.61441741],\n       [ 6.24740339, 20.44637114,  0.        , ..., 13.73269284,\n         3.64802654, 13.03259441],\n       ...,\n       [ 9.94927949,  8.83002128, 13.73269284, ...,  0.        ,\n        10.29791854, 17.80424966],\n       [ 3.29569538, 17.65424561,  3.64802654, ..., 10.29791854,\n         0.        , 12.04608393],\n       [ 9.36455039, 26.61441741, 13.03259441, ..., 17.80424966,\n        12.04608393,  0.        ]])"}}