{"duration": 0.0022346973419189453, "input_args": {"D_high": "array([[0.        , 0.53851648, 0.50990195, ..., 3.15277655, 4.69041576,\n        5.63914887],\n       [0.53851648, 0.        , 0.3       , ..., 3.10322413, 4.70850295,\n        5.74717322],\n       [0.50990195, 0.3       , 0.        , ..., 3.26802693, 4.86826458,\n        5.89406481],\n       ...,\n       [3.15277655, 3.10322413, 3.26802693, ..., 0.        , 1.65529454,\n        2.90172363],\n       [4.69041576, 4.70850295, 4.86826458, ..., 1.65529454, 0.        ,\n        1.42828569],\n       [5.63914887, 5.74717322, 5.89406481, ..., 2.90172363, 1.42828569,\n        0.        ]])", "D_low": "array([[0.        , 0.15110963, 0.17949172, ..., 4.76241955, 4.80978842,\n        5.1232608 ],\n       [0.15110963, 0.        , 0.32902833, ..., 4.6987912 , 4.75996052,\n        5.07195876],\n       [0.17949172, 0.32902833, 0.        , ..., 4.87243741, 4.90551423,\n        5.2202517 ],\n       ...,\n       [4.76241955, 4.6987912 , 4.87243741, ..., 0.        , 0.47200918,\n        0.56777058],\n       [4.80978842, 4.75996052, 4.90551423, ..., 0.47200918, 0.        ,\n        0.3169189 ],\n       [5.1232608 , 5.07195876, 5.2202517 , ..., 0.56777058, 0.3169189 ,\n        0.        ]])"}}