{"duration": 0.005820035934448242, "input_args": {"D_high": "array([[  0.        ,  99.03767478, 222.48737404, ...,  68.05106924,\n         70.4634419 ,  60.21040362],\n       [ 99.03767478,   0.        , 164.71032149, ...,  64.29096437,\n         79.46048483,  91.05102311],\n       [222.48737404, 164.71032149,   0.        , ..., 171.03618466,\n        234.92428202, 228.54251158],\n       ...,\n       [ 68.05106924,  64.29096437, 171.03618466, ...,   0.        ,\n         81.67068317,  66.23426945],\n       [ 70.4634419 ,  79.46048483, 234.92428202, ...,  81.67068317,\n          0.        ,  43.77778089],\n       [ 60.21040362,  91.05102311, 228.54251158, ...,  66.23426945,\n         43.77778089,   0.        ]])", "D_low": "array([[ 0.        , 13.2396615 , 13.05871691, ...,  7.39328126,\n        11.65225271,  9.33319501],\n       [13.2396615 ,  0.        , 20.49533207, ...,  9.03969864,\n        24.30008947, 22.39963631],\n       [13.05871691, 20.49533207,  0.        , ..., 11.54960535,\n        11.00428107, 12.15111622],\n       ...,\n       [ 7.39328126,  9.03969864, 11.54960535, ...,  0.        ,\n        16.15124527, 14.84977859],\n       [11.65225271, 24.30008947, 11.00428107, ..., 16.15124527,\n         0.        ,  3.02253999],\n       [ 9.33319501, 22.39963631, 12.15111622, ..., 14.84977859,\n         3.02253999,  0.        ]])"}}