{"duration": 0.0029091835021972656, "input_args": {"D_high": "array([[0.        , 0.58309519, 1.47986486, 3.25115364, 3.77756535,\n        3.52987252, 3.29393382, 3.21403174, 3.18433667, 2.54754784,\n        2.97657521, 4.70956474, 4.29068759],\n       [0.58309519, 0.        , 1.3       , 3.70540146, 4.2626283 ,\n        3.92428337, 3.75099987, 3.69188299, 3.61109402, 2.97489496,\n        3.43511281, 5.13419906, 4.69574275],\n       [1.47986486, 1.3       , 0.        , 4.01248053, 4.5607017 ,\n        4.15571895, 3.89615195, 3.96484552, 3.78021163, 3.06920185,\n        3.64005494, 5.3244718 , 4.94165964],\n       [3.25115364, 3.70540146, 4.01248053, 0.        , 0.64807407,\n        0.65574385, 0.6164414 , 0.31622777, 0.5       , 1.02956301,\n        0.45825757, 1.49331845, 1.13137085],\n       [3.77756535, 4.2626283 , 4.5607017 , 0.64807407, 0.        ,\n        1.05356538, 0.92736185, 0.6       , 1.00498756, 1.56843871,\n        0.96436508, 1.21243557, 1.02956301],\n       [3.52987252, 3.92428337, 4.15571895, 0.65574385, 1.05356538,\n        0.        , 0.75498344, 0.92195445, 0.52915026, 1.19582607,\n        0.82462113, 1.2489996 , 0.8660254 ],\n       [3.29393382, 3.75099987, 3.89615195, 0.6164414 , 0.92736185,\n        0.75498344, 0.        , 0.64807407, 0.38729833, 0.86023253,\n        0.43588989, 1.55241747, 1.34907376],\n       [3.21403174, 3.69188299, 3.96484552, 0.31622777, 0.6       ,\n        0.92195445, 0.64807407, 0.        , 0.6244998 , 1.00995049,\n        0.43588989, 1.61554944, 1.30384048],\n       [3.18433667, 3.61109402, 3.78021163, 0.5       , 1.00498756,\n        0.52915026, 0.38729833, 0.6244998 , 0.        , 0.72801099,\n        0.34641016, 1.56204994, 1.23693169],\n       [2.54754784, 2.97489496, 3.06920185, 1.02956301, 1.56843871,\n        1.19582607, 0.86023253, 1.00995049, 0.72801099, 0.        ,\n        0.60827625, 2.27815715, 1.94422221],\n       [2.97657521, 3.43511281, 3.64005494, 0.45825757, 0.96436508,\n        0.82462113, 0.43588989, 0.43588989, 0.34641016, 0.60827625,\n        0.        , 1.77763888, 1.45945195],\n       [4.70956474, 5.13419906, 5.3244718 , 1.49331845, 1.21243557,\n        1.2489996 , 1.55241747, 1.61554944, 1.56204994, 2.27815715,\n        1.77763888, 0.        , 0.55677644],\n       [4.29068759, 4.69574275, 4.94165964, 1.13137085, 1.02956301,\n        0.8660254 , 1.34907376, 1.30384048, 1.23693169, 1.94422221,\n        1.45945195, 0.55677644, 0.        ]])", "D_low": "array([[ 0.        ,  0.30503077,  0.39431785,  4.98357778,  4.59910538,\n         5.0761128 , 21.25404408,  4.95192828,  3.51018751,  4.60886626,\n         4.43387812,  4.96825303,  4.82757412],\n       [ 0.30503077,  0.        ,  0.09849241,  5.06203168,  4.65562694,\n         5.18538681, 21.38052445,  5.05064923,  3.73855335,  4.71373794,\n         4.54085927,  5.0754594 ,  4.90852853],\n       [ 0.39431785,  0.09849241,  0.        ,  5.1323936 ,  4.72102641,\n         5.26250714, 21.45977328,  5.12556088,  3.83517666,  4.79013109,\n         4.61778661,  5.15218615,  4.97954122],\n       [ 4.98357778,  5.06203168,  5.1323936 ,  0.        ,  0.53185385,\n         0.54984866, 16.38765847,  0.34868337,  2.83337551,  0.56909647,\n         0.71006954,  0.49702495,  0.16041599],\n       [ 4.59910538,  4.65562694,  4.72102641,  0.53185385,  0.        ,\n         1.01033785, 16.86185406,  0.78338407,  2.83583658,  0.76428227,\n         0.79506501,  0.92060923,  0.45853142],\n       [ 5.0761128 ,  5.18538681,  5.26250714,  0.54984866,  1.01033785,\n         0.        , 16.20063036,  0.22699124,  2.54289224,  0.47565774,\n         0.64482009,  0.1149846 ,  0.55460363],\n       [21.25404408, 21.38052445, 21.45977328, 16.38765847, 16.86185406,\n        16.20063036,  0.        , 16.3488339 , 18.06735996, 16.67512541,\n        16.84526134, 16.31230057, 16.53016705],\n       [ 4.95192828,  5.05064923,  5.12556088,  0.34868337,  0.78338407,\n         0.22699124, 16.3488339 ,  0.        ,  2.57373629,  0.35547055,\n         0.53190572,  0.14952249,  0.32895059],\n       [ 3.51018751,  3.73855335,  3.83517666,  2.83337551,  2.83583658,\n         2.54289224, 18.06735996,  2.57373629,  0.        ,  2.26524078,\n         2.12980233,  2.48664754,  2.69575838],\n       [ 4.60886626,  4.71373794,  4.79013109,  0.56909647,  0.76428227,\n         0.47565774, 16.67512541,  0.35547055,  2.26524078,  0.        ,\n         0.17725641,  0.36286721,  0.44336488],\n       [ 4.43387812,  4.54085927,  4.61778661,  0.71006954,  0.79506501,\n         0.64482009, 16.84526134,  0.53190572,  2.12980233,  0.17725641,\n         0.        ,  0.53474266,  0.5663839 ],\n       [ 4.96825303,  5.0754594 ,  5.15218615,  0.49702495,  0.92060923,\n         0.1149846 , 16.31230057,  0.14952249,  2.48664754,  0.36286721,\n         0.53474266,  0.        ,  0.47308703],\n       [ 4.82757412,  4.90852853,  4.97954122,  0.16041599,  0.45853142,\n         0.55460363, 16.53016705,  0.32895059,  2.69575838,  0.44336488,\n         0.5663839 ,  0.47308703,  0.        ]])"}}