{"duration": 0.002660036087036133, "input_args": {"D_high": "array([[0.        , 0.33166248, 0.70710678, ..., 4.40227214, 4.71911009,\n        4.27317212],\n       [0.33166248, 0.        , 0.41231056, ..., 4.28835633, 4.63680925,\n        4.15331193],\n       [0.70710678, 0.41231056, 0.        , ..., 4.39317653, 4.77807493,\n        4.26380112],\n       ...,\n       [4.40227214, 4.28835633, 4.39317653, ..., 0.        , 0.57445626,\n        0.81240384],\n       [4.71911009, 4.63680925, 4.77807493, ..., 0.57445626, 0.        ,\n        1.13578167],\n       [4.27317212, 4.15331193, 4.26380112, ..., 0.81240384, 1.13578167,\n        0.        ]])", "D_low": "array([[ 0.        ,  5.29292032, 18.01034674, ..., 27.43693423,\n        38.59354594, 30.48381451],\n       [ 5.29292032,  0.        , 13.63637721, ..., 31.71140828,\n        37.38649736, 34.82675163],\n       [18.01034674, 13.63637721,  0.        , ..., 37.94408097,\n        28.45846491, 41.06195286],\n       ...,\n       [27.43693423, 31.71140828, 37.94408097, ...,  0.        ,\n        37.95588037,  3.16124222],\n       [38.59354594, 37.38649736, 28.45846491, ..., 37.95588037,\n         0.        , 39.89903916],\n       [30.48381451, 34.82675163, 41.06195286, ...,  3.16124222,\n        39.89903916,  0.        ]])"}}