{"duration": 0.003763914108276367, "input_args": {"D_high": "array([[0.        , 1.25698051, 0.78740079, ..., 4.57602448, 4.79165942,\n        4.21781934],\n       [1.25698051, 0.        , 0.50990195, ..., 4.05215992, 4.25440948,\n        3.80657326],\n       [0.78740079, 0.50990195, 0.        , ..., 4.10609303, 4.32897216,\n        3.81182371],\n       ...,\n       [4.57602448, 4.05215992, 4.10609303, ..., 0.        , 0.6164414 ,\n        0.64031242],\n       [4.79165942, 4.25440948, 4.32897216, ..., 0.6164414 , 0.        ,\n        0.76811457],\n       [4.21781934, 3.80657326, 3.81182371, ..., 0.64031242, 0.76811457,\n        0.        ]])", "D_low": "array([[ 0.        , 33.37038981, 30.86630765, ..., 32.47370074,\n        26.69049372, 39.33750558],\n       [33.37038981,  0.        ,  2.52726686, ..., 45.13491744,\n        39.31214692, 23.54058986],\n       [30.86630765,  2.52726686,  0.        , ..., 43.67419672,\n        37.72228779, 23.81033772],\n       ...,\n       [32.47370074, 45.13491744, 43.67419672, ...,  0.        ,\n         6.45812817, 30.92677713],\n       [26.69049372, 39.31214692, 37.72228779, ...,  6.45812817,\n         0.        , 27.51647821],\n       [39.33750558, 23.54058986, 23.81033772, ..., 30.92677713,\n        27.51647821,  0.        ]])"}}