{"duration": 0.005052089691162109, "input_args": {"D_high": "array([[  0.        ,  77.93464827, 115.40589995, ..., 101.71684227,\n        201.12626702,  59.67790051],\n       [ 77.93464827,   0.        ,  83.43747073, ...,  38.98205746,\n        183.93333012,  21.17286036],\n       [115.40589995,  83.43747073,   0.        , ...,  68.4928943 ,\n        207.62569195,  85.47655366],\n       ...,\n       [101.71684227,  38.98205746,  68.4928943 , ...,   0.        ,\n        189.87669905,  46.59966957],\n       [201.12626702, 183.93333012, 207.62569195, ..., 189.87669905,\n          0.        , 186.26121056],\n       [ 59.67790051,  21.17286036,  85.47655366, ...,  46.59966957,\n        186.26121056,   0.        ]])", "D_low": "array([[ 0.        , 13.04108221, 20.7608286 , ..., 17.25591099,\n        24.92726792, 10.53974516],\n       [13.04108221,  0.        , 23.79119641, ...,  4.47077975,\n        13.30363876,  2.56567937],\n       [20.7608286 , 23.79119641,  0.        , ..., 24.73132735,\n        25.52399843, 22.19309022],\n       ...,\n       [17.25591099,  4.47077975, 24.73132735, ...,  0.        ,\n         9.06638191,  6.75090818],\n       [24.92726792, 13.30363876, 25.52399843, ...,  9.06638191,\n         0.        , 15.10248927],\n       [10.53974516,  2.56567937, 22.19309022, ...,  6.75090818,\n        15.10248927,  0.        ]])"}}