{"duration": 0.019821882247924805, "input_args": {"D_high": "array([[  0.        ,  78.51486107,  69.20815273, ...,  69.73493016,\n         71.7084146 ,  59.3410676 ],\n       [ 78.51486107,   0.        ,  52.82187071, ..., 116.13798098,\n         25.56589605,  57.21757619],\n       [ 69.20815273,  52.82187071,   0.        , ..., 115.90542006,\n         47.68584545,  27.4294094 ],\n       ...,\n       [ 69.73493016, 116.13798098, 115.90542006, ...,   0.        ,\n        116.45694834, 116.0975663 ],\n       [ 71.7084146 ,  25.56589605,  47.68584545, ..., 116.45694834,\n          0.        ,  52.21198288],\n       [ 59.3410676 ,  57.21757619,  27.4294094 , ..., 116.0975663 ,\n         52.21198288,   0.        ]])", "D_low": "array([[ 0.        ,  7.78613736, 11.85373811, ...,  5.75374579,\n         6.59558315, 10.01201248],\n       [ 7.78613736,  0.        , 15.1774456 , ..., 13.53930276,\n         2.3233758 , 14.77751595],\n       [11.85373811, 15.1774456 ,  0.        , ..., 12.22723252,\n        12.85452739,  3.00873069],\n       ...,\n       [ 5.75374579, 13.53930276, 12.22723252, ...,  0.        ,\n        12.21309167,  9.42596998],\n       [ 6.59558315,  2.3233758 , 12.85452739, ..., 12.21309167,\n         0.        , 12.51904907],\n       [10.01201248, 14.77751595,  3.00873069, ...,  9.42596998,\n        12.51904907,  0.        ]])"}}