{"duration": 0.0017931461334228516, "input_args": {"D_high": "array([[0.        , 1.27279221, 1.55563492, 0.87749644, 1.64316767,\n        3.48425028, 3.98748041, 3.39705755, 3.78549865, 4.09145451,\n        3.68781778, 3.48998567, 3.54259792, 3.04959014, 3.08868904,\n        3.18433667, 3.33916157, 4.93254498, 5.45985348, 4.46989933],\n       [1.27279221, 0.        , 0.52915026, 0.59160798, 0.66332496,\n        3.24653662, 3.81051178, 2.74954542, 3.4568772 , 3.64965752,\n        3.27719392, 3.23109888, 3.13209195, 2.48596058, 2.596151  ,\n        2.6       , 2.96141858, 4.66368953, 5.27730992, 4.23083916],\n       [1.55563492, 0.52915026, 0.        , 0.74161985, 0.34641016,\n        3.63593179, 4.18568991, 3.01330383, 3.8457769 , 3.97994975,\n        3.60277671, 3.60555128, 3.49428104, 2.81780056, 2.94957624,\n        2.9189039 , 3.318132  , 5.04678115, 5.63293884, 4.64112055],\n       [0.87749644, 0.59160798, 0.74161985, 0.        , 0.80622577,\n        3.48568501, 4.0385641 , 3.12569992, 3.71483512, 3.96358424,\n        3.55105618, 3.48855271, 3.42344855, 2.82665881, 2.88963666,\n        2.94788059, 3.24345495, 4.92341345, 5.50454358, 4.48887514],\n       [1.64316767, 0.66332496, 0.34641016, 0.80622577, 0.        ,\n        3.81313519, 4.38634244, 3.21869539, 3.97617907, 4.16173041,\n        3.78153408, 3.80525952, 3.65376518, 2.98998328, 3.08868904,\n        3.09192497, 3.50285598, 5.19711458, 5.82666285, 4.78121324],\n       [3.48425028, 3.24653662, 3.63593179, 3.48568501, 3.81313519,\n        0.        , 0.64807407, 1.28840987, 0.65574385, 0.81240384,\n        0.6164414 , 0.31622777, 0.5       , 1.02956301, 0.93808315,\n        1.02956301, 0.45825757, 1.49331845, 2.05669638, 1.13137085],\n       [3.98748041, 3.81051178, 4.18568991, 4.0385641 , 4.38634244,\n        0.64807407, 0.        , 1.63707055, 1.05356538, 0.84852814,\n        0.92736185, 0.6       , 1.00498756, 1.56843871, 1.54272486,\n        1.53622915, 0.96436508, 1.21243557, 1.5       , 1.02956301],\n       [3.39705755, 2.74954542, 3.01330383, 3.12569992, 3.21869539,\n        1.28840987, 1.63707055, 0.        , 1.5132746 , 1.11355287,\n        0.9486833 , 1.14891253, 0.99498744, 0.58309519, 0.9486833 ,\n        0.48989795, 0.84261498, 2.36008474, 2.84780617, 2.13072758],\n       [3.78549865, 3.4568772 , 3.8457769 , 3.71483512, 3.97617907,\n        0.65574385, 1.05356538, 1.5132746 , 0.        , 0.8660254 ,\n        0.75498344, 0.92195445, 0.52915026, 1.19582607, 0.93273791,\n        1.17046999, 0.82462113, 1.2489996 , 2.07364414, 0.8660254 ],\n       [4.09145451, 3.64965752, 3.97994975, 3.96358424, 4.16173041,\n        0.81240384, 0.84852814, 1.11355287, 0.8660254 , 0.        ,\n        0.50990195, 0.77459667, 0.64031242, 1.17473401, 1.19163753,\n        1.07703296, 0.75498344, 1.26095202, 1.79164729, 1.14017543],\n       [3.68781778, 3.27719392, 3.60277671, 3.55105618, 3.78153408,\n        0.6164414 , 0.92736185, 0.9486833 , 0.75498344, 0.50990195,\n        0.        , 0.64807407, 0.38729833, 0.86023253, 0.81240384,\n        0.78740079, 0.43588989, 1.55241747, 2.0904545 , 1.34907376],\n       [3.48998567, 3.23109888, 3.60555128, 3.48855271, 3.80525952,\n        0.31622777, 0.6       , 1.14891253, 0.92195445, 0.77459667,\n        0.64807407, 0.        , 0.6244998 , 1.00995049, 1.04880885,\n        1.        , 0.43588989, 1.61554944, 2.06639783, 1.30384048],\n       [3.54259792, 3.13209195, 3.49428104, 3.42344855, 3.65376518,\n        0.5       , 1.00498756, 0.99498744, 0.52915026, 0.64031242,\n        0.38729833, 0.6244998 , 0.        , 0.72801099, 0.60827625,\n        0.68556546, 0.34641016, 1.56204994, 2.24053565, 1.23693169],\n       [3.04959014, 2.48596058, 2.81780056, 2.82665881, 2.98998328,\n        1.02956301, 1.56843871, 0.58309519, 1.19582607, 1.17473401,\n        0.86023253, 1.00995049, 0.72801099, 0.        , 0.42426407,\n        0.14142136, 0.60827625, 2.27815715, 2.9       , 1.94422221],\n       [3.08868904, 2.596151  , 2.94957624, 2.88963666, 3.08868904,\n        0.93808315, 1.54272486, 0.9486833 , 0.93273791, 1.19163753,\n        0.81240384, 1.04880885, 0.60827625, 0.42426407, 0.        ,\n        0.46904158, 0.64031242, 2.12367606, 2.82665881, 1.76635217],\n       [3.18433667, 2.6       , 2.9189039 , 2.94788059, 3.09192497,\n        1.02956301, 1.53622915, 0.48989795, 1.17046999, 1.07703296,\n        0.78740079, 1.        , 0.68556546, 0.14142136, 0.46904158,\n        0.        , 0.59160798, 2.21133444, 2.82665881, 1.90262976],\n       [3.33916157, 2.96141858, 3.318132  , 3.24345495, 3.50285598,\n        0.45825757, 0.96436508, 0.84261498, 0.82462113, 0.75498344,\n        0.43588989, 0.43588989, 0.34641016, 0.60827625, 0.64031242,\n        0.59160798, 0.        , 1.77763888, 2.33666429, 1.45945195],\n       [4.93254498, 4.66368953, 5.04678115, 4.92341345, 5.19711458,\n        1.49331845, 1.21243557, 2.36008474, 1.2489996 , 1.26095202,\n        1.55241747, 1.61554944, 1.56204994, 2.27815715, 2.12367606,\n        2.21133444, 1.77763888, 0.        , 1.02956301, 0.55677644],\n       [5.45985348, 5.27730992, 5.63293884, 5.50454358, 5.82666285,\n        2.05669638, 1.5       , 2.84780617, 2.07364414, 1.79164729,\n        2.0904545 , 2.06639783, 2.24053565, 2.9       , 2.82665881,\n        2.82665881, 2.33666429, 1.02956301, 0.        , 1.46628783],\n       [4.46989933, 4.23083916, 4.64112055, 4.48887514, 4.78121324,\n        1.13137085, 1.02956301, 2.13072758, 0.8660254 , 1.14017543,\n        1.34907376, 1.30384048, 1.23693169, 1.94422221, 1.76635217,\n        1.90262976, 1.45945195, 0.55677644, 1.46628783, 0.        ]])", "D_low": "array([[0.        , 0.61590148, 0.41909614, 0.04754149, 0.3274132 ,\n        6.14406834, 5.86638818, 6.25957514, 5.5527544 , 5.75000926,\n        6.12659276, 6.37444041, 5.33739046, 5.93963603, 6.07338998,\n        6.19959054, 5.37891213, 5.62032751, 5.75799805, 5.75212027],\n       [0.61590148, 0.        , 0.71191709, 0.64835405, 0.33734818,\n        6.35415414, 6.11735813, 6.44695381, 5.75032979, 5.9815347 ,\n        6.31412697, 6.59457244, 5.48958965, 6.12799147, 6.29133961,\n        6.39518914, 5.66516318, 5.88402995, 6.04960479, 6.03847992],\n       [0.41909614, 0.71191709, 0.        , 0.38810526, 0.39347215,\n        5.75946103, 5.49513606, 5.8685759 , 5.16389898, 5.3718378 ,\n        5.73552128, 5.99314916, 4.93693481, 5.54861732, 5.6911406 ,\n        5.81080509, 5.02104255, 5.25359441, 5.40285289, 5.39471428],\n       [0.04754149, 0.64835405, 0.38810526, 0.        , 0.34582373,\n        6.10073133, 5.82177234, 6.21703023, 5.50996417, 5.7060167 ,\n        6.08406428, 6.33073017, 5.29640964, 5.89711004, 6.02979571,\n        6.15675574, 5.33337549, 5.57537262, 5.71228119, 5.70653594],\n       [0.3274132 , 0.33734818, 0.39347215, 0.34582373, 0.        ,\n        6.12314779, 5.86908576, 6.22582701, 5.52397026, 5.74110118,\n        6.09278996, 6.35955163, 5.28282929, 5.90608699, 6.0569333 ,\n        6.1704405 , 5.40237896, 5.63037095, 5.78516497, 5.77605916],\n       [6.14406834, 6.35415414, 5.75946103, 6.10073133, 6.12314779,\n        0.        , 0.50809686, 0.26663842, 0.611804  , 0.44523616,\n        0.24288566, 0.26038616, 1.01349737, 0.31443354, 0.10782302,\n        0.16356133, 1.07709807, 0.7531309 , 0.94597067, 0.89462055],\n       [5.86638818, 6.11735813, 5.49513606, 5.82177234, 5.86908576,\n        0.50809686, 0.        , 0.77175661, 0.63992809, 0.23938133,\n        0.71073273, 0.5977142 , 1.12703546, 0.65568833, 0.40107443,\n        0.66684352, 0.59606429, 0.27462945, 0.44587295, 0.39158897],\n       [6.25957514, 6.44695381, 5.8685759 , 6.21703023, 6.22582701,\n        0.26663842, 0.77175661, 0.        , 0.71027799, 0.67429164,\n        0.13306001, 0.384796  , 1.00342026, 0.3199759 , 0.3711766 ,\n        0.10495654, 1.3245626 , 1.00521564, 1.21219233, 1.16039923],\n       [5.5527544 , 5.75032979, 5.16389898, 5.50996417, 5.52397026,\n        0.611804  , 0.63992809, 0.71027799, 0.        , 0.40077841,\n        0.57852982, 0.86657383, 0.48727586, 0.39366277, 0.5706006 ,\n        0.64693764, 0.88444841, 0.66789187, 0.99393782, 0.93746003],\n       [5.75000926, 5.9815347 , 5.3718378 , 5.7060167 , 5.74110118,\n        0.44523616, 0.23938133, 0.67429164, 0.40077841, 0.        ,\n        0.58009152, 0.63142195, 0.88803237, 0.47436578, 0.34753089,\n        0.57407125, 0.65501821, 0.35035552, 0.63526936, 0.5777884 ],\n       [6.12659276, 6.31412697, 5.73552128, 6.08406428, 6.09278996,\n        0.24288566, 0.71073273, 0.13306001, 0.57852982, 0.58009152,\n        0.        , 0.4436092 , 0.87902226, 0.1869571 , 0.32651242,\n        0.11567185, 1.23505598, 0.92301364, 1.15642381, 1.10231109],\n       [6.37444041, 6.59457244, 5.99314916, 6.33073017, 6.35955163,\n        0.26038616, 0.5977142 , 0.384796  , 0.86657383, 0.63142195,\n        0.4436092 , 0.        , 1.27276646, 0.56618128, 0.3034052 ,\n        0.32892578, 1.19377777, 0.87071906, 0.98045344, 0.93807535],\n       [5.33739046, 5.48958965, 4.93693481, 5.29640964, 5.28282929,\n        1.01349737, 1.12703546, 1.00342026, 0.48727586, 0.88803237,\n        0.87902226, 1.27276646, 0.        , 0.71253167, 1.00598048,\n        0.98346155, 1.27904765, 1.1260258 , 1.45813755, 1.4034438 ],\n       [5.93963603, 6.12799147, 5.54861732, 5.89711004, 5.90608699,\n        0.31443354, 0.65568833, 0.3199759 , 0.39366277, 0.47436578,\n        0.1869571 , 0.56618128, 0.71253167, 0.        , 0.34458564,\n        0.27467901, 1.11889933, 0.8246055 , 1.09478877, 1.03824815],\n       [6.07338998, 6.29133961, 5.6911406 , 6.02979571, 6.0569333 ,\n        0.10782302, 0.40107443, 0.3711766 , 0.5706006 , 0.34753089,\n        0.32651242, 0.3034052 , 1.00598048, 0.34458564, 0.        ,\n        0.26651901, 0.97032219, 0.64584617, 0.84133564, 0.78927214],\n       [6.19959054, 6.39518914, 5.81080509, 6.15675574, 6.1704405 ,\n        0.16356133, 0.66684352, 0.10495654, 0.64693764, 0.57407125,\n        0.11567185, 0.32892578, 0.98346155, 0.27467901, 0.26651901,\n        0.        , 1.22174673, 0.90136681, 1.10779303, 1.05578828],\n       [5.37891213, 5.66516318, 5.02104255, 5.33337549, 5.40237896,\n        1.07709807, 0.59606429, 1.3245626 , 0.88444841, 0.65501821,\n        1.23505598, 1.19377777, 1.27904765, 1.11889933, 0.97032219,\n        1.22174673, 0.        , 0.32594347, 0.38630801, 0.37369136],\n       [5.62032751, 5.88402995, 5.25359441, 5.57537262, 5.63037095,\n        0.7531309 , 0.27462945, 1.00521564, 0.66789187, 0.35035552,\n        0.92301364, 0.87071906, 1.1260258 , 0.8246055 , 0.64584617,\n        0.90136681, 0.32594347, 0.        , 0.33240615, 0.27897158],\n       [5.75799805, 6.04960479, 5.40285289, 5.71228119, 5.78516497,\n        0.94597067, 0.44587295, 1.21219233, 0.99393782, 0.63526936,\n        1.15642381, 0.98045344, 1.45813755, 1.09478877, 0.84133564,\n        1.10779303, 0.38630801, 0.33240615, 0.        , 0.05753039],\n       [5.75212027, 6.03847992, 5.39471428, 5.70653594, 5.77605916,\n        0.89462055, 0.39158897, 1.16039923, 0.93746003, 0.5777884 ,\n        1.10231109, 0.93807535, 1.4034438 , 1.03824815, 0.78927214,\n        1.05578828, 0.37369136, 0.27897158, 0.05753039, 0.        ]])"}}