{"duration": 0.006724834442138672, "input_args": {"D_high": "array([[0.        , 0.53851648, 0.50990195, ..., 4.27668096, 4.45982062,\n        4.65080638],\n       [0.53851648, 0.        , 0.3       , ..., 4.24970587, 4.49888875,\n        4.71805044],\n       [0.50990195, 0.3       , 0.        , ..., 4.43057558, 4.66154481,\n        4.84871117],\n       ...,\n       [4.27668096, 4.24970587, 4.43057558, ..., 0.        , 0.58309519,\n        1.06770783],\n       [4.45982062, 4.49888875, 4.66154481, ..., 0.58309519, 0.        ,\n        0.6164414 ],\n       [4.65080638, 4.71805044, 4.84871117, ..., 1.06770783, 0.6164414 ,\n        0.        ]])", "D_low": "array([[ 0.        ,  6.06089443,  5.60834615, ..., 37.7221175 ,\n        44.79531503, 47.40790549],\n       [ 6.06089443,  0.        ,  2.03573343, ..., 39.93615955,\n        41.70454924, 44.44170097],\n       [ 5.60834615,  2.03573343,  0.        , ..., 37.90352558,\n        40.41476164, 43.1170431 ],\n       ...,\n       [37.7221175 , 39.93615955, 37.90352558, ...,  0.        ,\n        36.2556566 , 36.86955835],\n       [44.79531503, 41.70454924, 40.41476164, ..., 36.2556566 ,\n         0.        ,  2.88040243],\n       [47.40790549, 44.44170097, 43.1170431 , ..., 36.86955835,\n         2.88040243,  0.        ]])"}}