{"duration": 0.034436941146850586, "input_args": {"D_high": "array([[  0.        ,  66.90348403,  54.29633528, ...,  50.39119964,\n         89.23943184,  61.27038404],\n       [ 66.90348403,   0.        , 102.51825711, ...,  26.11680932,\n         80.22894802,  38.63518149],\n       [ 54.29633528, 102.51825711,   0.        , ...,  85.13919448,\n         91.66838038,  76.41017076],\n       ...,\n       [ 50.39119964,  26.11680932,  85.13919448, ...,   0.        ,\n         86.1426327 ,  33.06672648],\n       [ 89.23943184,  80.22894802,  91.66838038, ...,  86.1426327 ,\n          0.        ,  65.05813008],\n       [ 61.27038404,  38.63518149,  76.41017076, ...,  33.06672648,\n         65.05813008,   0.        ]])", "D_low": "array([[ 0.        ,  8.86387112,  9.19744307, ...,  8.72903087,\n         8.4642948 , 17.93587339],\n       [ 8.86387112,  0.        ,  6.91225199, ...,  3.75385572,\n        11.69006834, 10.88866604],\n       [ 9.19744307,  6.91225199,  0.        , ..., 10.23566322,\n        15.99520145,  9.55664832],\n       ...,\n       [ 8.72903087,  3.75385572, 10.23566322, ...,  0.        ,\n         8.62469296, 14.36015943],\n       [ 8.4642948 , 11.69006834, 15.99520145, ...,  8.62469296,\n         0.        , 22.56719443],\n       [17.93587339, 10.88866604,  9.55664832, ..., 14.36015943,\n        22.56719443,  0.        ]])"}}