{"duration": 0.00561976432800293, "input_args": {"D_high": "array([[  0.        ,  84.1961696 ,  77.77817558, ..., 164.25094499,\n         96.7953527 , 143.21994847],\n       [ 84.1961696 ,   0.        , 123.13577912, ..., 226.59142528,\n         74.06281237, 214.02748194],\n       [ 77.77817558, 123.13577912,   0.        , ..., 111.20643942,\n         90.52153753, 101.51019271],\n       ...,\n       [164.25094499, 226.59142528, 111.20643942, ...,   0.        ,\n        189.87669905,  46.59966957],\n       [ 96.7953527 ,  74.06281237,  90.52153753, ..., 189.87669905,\n          0.        , 186.26121056],\n       [143.21994847, 214.02748194, 101.51019271, ...,  46.59966957,\n        186.26121056,   0.        ]])", "D_low": "array([[ 0.        ,  4.92403611,  6.47654177, ..., 15.88532323,\n        10.59802065, 12.43192942],\n       [ 4.92403611,  0.        , 10.09869114, ..., 20.2716137 ,\n         6.32177626, 11.43238023],\n       [ 6.47654177, 10.09869114,  0.        , ..., 10.38610809,\n        13.51076075, 10.46092577],\n       ...,\n       [15.88532323, 20.2716137 , 10.38610809, ...,  0.        ,\n        23.81124545, 18.81682495],\n       [10.59802065,  6.32177626, 13.51076075, ..., 23.81124545,\n         0.        ,  8.90522001],\n       [12.43192942, 11.43238023, 10.46092577, ..., 18.81682495,\n         8.90522001,  0.        ]])"}}