{"duration": 0.012212991714477539, "input_args": {"D_high": "array([[0.        , 1.25698051, 0.78740079, ..., 4.57602448, 4.79165942,\n        4.21781934],\n       [1.25698051, 0.        , 0.50990195, ..., 4.05215992, 4.25440948,\n        3.80657326],\n       [0.78740079, 0.50990195, 0.        , ..., 4.10609303, 4.32897216,\n        3.81182371],\n       ...,\n       [4.57602448, 4.05215992, 4.10609303, ..., 0.        , 0.6164414 ,\n        0.64031242],\n       [4.79165942, 4.25440948, 4.32897216, ..., 0.6164414 , 0.        ,\n        0.76811457],\n       [4.21781934, 3.80657326, 3.81182371, ..., 0.64031242, 0.76811457,\n        0.        ]])", "D_low": "array([[ 0.        , 13.96795924, 11.70654309, ..., 20.98489382,\n        19.19495117, 24.4919719 ],\n       [13.96795924,  0.        ,  2.33791911, ..., 23.04572026,\n        22.40920046, 21.2917645 ],\n       [11.70654309,  2.33791911,  0.        , ..., 21.62438246,\n        20.81824103, 20.68462974],\n       ...,\n       [20.98489382, 23.04572026, 21.62438246, ...,  0.        ,\n         2.20612126,  8.51206689],\n       [19.19495117, 22.40920046, 20.81824103, ...,  2.20612126,\n         0.        , 10.25984749],\n       [24.4919719 , 21.2917645 , 20.68462974, ...,  8.51206689,\n        10.25984749,  0.        ]])"}}