{"duration": 0.003448009490966797, "input_args": {"D_high": "array([[0.        , 1.25698051, 0.78740079, ..., 4.57602448, 4.79165942,\n        4.21781934],\n       [1.25698051, 0.        , 0.50990195, ..., 4.05215992, 4.25440948,\n        3.80657326],\n       [0.78740079, 0.50990195, 0.        , ..., 4.10609303, 4.32897216,\n        3.81182371],\n       ...,\n       [4.57602448, 4.05215992, 4.10609303, ..., 0.        , 0.6164414 ,\n        0.64031242],\n       [4.79165942, 4.25440948, 4.32897216, ..., 0.6164414 , 0.        ,\n        0.76811457],\n       [4.21781934, 3.80657326, 3.81182371, ..., 0.64031242, 0.76811457,\n        0.        ]])", "D_low": "array([[ 0.        , 11.78989213,  9.59169013, ..., 18.25951787,\n        15.5566918 , 16.39664246],\n       [11.78989213,  0.        ,  3.81572107, ..., 19.10595556,\n        19.45795629, 13.67665434],\n       [ 9.59169013,  3.81572107,  0.        , ..., 20.98156623,\n        20.46269051, 16.24359536],\n       ...,\n       [18.25951787, 19.10595556, 20.98156623, ...,  0.        ,\n         4.93355227,  6.40089323],\n       [15.5566918 , 19.45795629, 20.46269051, ...,  4.93355227,\n         0.        ,  9.4965132 ],\n       [16.39664246, 13.67665434, 16.24359536, ...,  6.40089323,\n         9.4965132 ,  0.        ]])"}}