{"duration": 0.004645824432373047, "input_args": {"D_high": "array([[ 0.        , 10.19803903, 12.489996  , ..., 14.38749457,\n        14.28285686, 13.52774926],\n       [10.19803903,  0.        , 14.2126704 , ..., 15.65247584,\n        17.3781472 , 15.96871942],\n       [12.489996  , 14.2126704 ,  0.        , ..., 18.46618531,\n        19.33907961, 17.17556404],\n       ...,\n       [14.38749457, 15.65247584, 18.46618531, ...,  0.        ,\n         4.12310563,  3.16227766],\n       [14.28285686, 17.3781472 , 19.33907961, ...,  4.12310563,\n         0.        ,  4.35889894],\n       [13.52774926, 15.96871942, 17.17556404, ...,  3.16227766,\n         4.35889894,  0.        ]])", "D_low": "array([[ 0.        ,  2.5456461 ,  6.53870048, ...,  8.53356202,\n         9.6029819 ,  5.8778706 ],\n       [ 2.5456461 ,  0.        ,  5.09957396, ..., 10.09486254,\n        12.087032  ,  7.37719554],\n       [ 6.53870048,  5.09957396,  0.        , ...,  9.371352  ,\n        14.06645091,  7.21593531],\n       ...,\n       [ 8.53356202, 10.09486254,  9.371352  , ...,  0.        ,\n         6.93174886,  2.72016202],\n       [ 9.6029819 , 12.087032  , 14.06645091, ...,  6.93174886,\n         0.        ,  7.28212724],\n       [ 5.8778706 ,  7.37719554,  7.21593531, ...,  2.72016202,\n         7.28212724,  0.        ]])"}}