{"duration": 0.041851043701171875, "input_args": {"D_high": "array([[  0.        ,  66.90348403,  54.29633528, ...,  50.39119964,\n         89.23943184,  61.27038404],\n       [ 66.90348403,   0.        , 102.51825711, ...,  26.11680932,\n         80.22894802,  38.63518149],\n       [ 54.29633528, 102.51825711,   0.        , ...,  85.13919448,\n         91.66838038,  76.41017076],\n       ...,\n       [ 50.39119964,  26.11680932,  85.13919448, ...,   0.        ,\n         86.1426327 ,  33.06672648],\n       [ 89.23943184,  80.22894802,  91.66838038, ...,  86.1426327 ,\n          0.        ,  65.05813008],\n       [ 61.27038404,  38.63518149,  76.41017076, ...,  33.06672648,\n         65.05813008,   0.        ]])", "D_low": "array([[ 0.        , 13.39234268,  4.4051111 , ..., 10.20240652,\n        24.69942755, 19.96352326],\n       [13.39234268,  0.        , 14.54113738, ...,  3.82346026,\n        15.06747228,  9.83189877],\n       [ 4.4051111 , 14.54113738,  0.        , ..., 12.20859516,\n        23.13906692, 18.94027099],\n       ...,\n       [10.20240652,  3.82346026, 12.20859516, ...,  0.        ,\n        18.44866412, 13.186322  ],\n       [24.69942755, 15.06747228, 23.13906692, ..., 18.44866412,\n         0.        ,  5.26426021],\n       [19.96352326,  9.83189877, 18.94027099, ..., 13.186322  ,\n         5.26426021,  0.        ]])"}}