{"duration": 0.0047070980072021484, "input_args": {"D_high": "array([[  0.        ,  99.03767478, 222.48737404, ...,  68.05106924,\n         70.4634419 ,  60.21040362],\n       [ 99.03767478,   0.        , 164.71032149, ...,  64.29096437,\n         79.46048483,  91.05102311],\n       [222.48737404, 164.71032149,   0.        , ..., 171.03618466,\n        234.92428202, 228.54251158],\n       ...,\n       [ 68.05106924,  64.29096437, 171.03618466, ...,   0.        ,\n         81.67068317,  66.23426945],\n       [ 70.4634419 ,  79.46048483, 234.92428202, ...,  81.67068317,\n          0.        ,  43.77778089],\n       [ 60.21040362,  91.05102311, 228.54251158, ...,  66.23426945,\n         43.77778089,   0.        ]])", "D_low": "array([[ 0.        ,  9.61988273, 15.81946959, ...,  9.37587799,\n         4.86160056, 12.89523991],\n       [ 9.61988273,  0.        , 12.10860786, ...,  0.30336401,\n         9.12115309,  5.80987887],\n       [15.81946959, 12.10860786,  0.        , ..., 11.94526442,\n        11.35272893, 17.58446982],\n       ...,\n       [ 9.37587799,  0.30336401, 11.94526442, ...,  0.        ,\n         8.81950545,  6.0662106 ],\n       [ 4.86160056,  9.12115309, 11.35272893, ...,  8.81950545,\n         0.        , 14.11303517],\n       [12.89523991,  5.80987887, 17.58446982, ...,  6.0662106 ,\n        14.11303517,  0.        ]])"}}