{"duration": 0.015144109725952148, "input_args": {"D_high": "array([[ 0.        , 11.87434209,  2.23606798, ..., 17.3781472 ,\n        12.9614814 , 13.89244399],\n       [11.87434209,  0.        , 11.3137085 , ..., 14.6628783 ,\n        11.78982612, 10.95445115],\n       [ 2.23606798, 11.3137085 ,  0.        , ..., 17.40689519,\n        12.76714533, 13.6381817 ],\n       ...,\n       [17.3781472 , 14.6628783 , 17.40689519, ...,  0.        ,\n         7.74596669,  8.18535277],\n       [12.9614814 , 11.78982612, 12.76714533, ...,  7.74596669,\n         0.        ,  3.31662479],\n       [13.89244399, 10.95445115, 13.6381817 , ...,  8.18535277,\n         3.31662479,  0.        ]])", "D_low": "array([[ 0.        ,  5.49172306,  5.31456286, ...,  7.61878428,\n         8.14186802,  8.2063111 ],\n       [ 5.49172306,  0.        ,  7.44957835, ...,  6.42877557,\n         7.78138567,  7.82542866],\n       [ 5.31456286,  7.44957835,  0.        , ..., 12.28943948,\n        13.11363518, 13.17554904],\n       ...,\n       [ 7.61878428,  6.42877557, 12.28943948, ...,  0.        ,\n         1.52041255,  1.54174813],\n       [ 8.14186802,  7.78138567, 13.11363518, ...,  1.52041255,\n         0.        ,  0.06495295],\n       [ 8.2063111 ,  7.82542866, 13.17554904, ...,  1.54174813,\n         0.06495295,  0.        ]])"}}