{"duration": 0.0016880035400390625, "input_args": {"D_high": "array([[0.        , 0.38729833, 0.52915026, 2.69443872, 2.65518361,\n        3.55246393, 5.17107339],\n       [0.38729833, 0.        , 0.33166248, 2.65518361, 2.64952826,\n        3.55387113, 5.25642464],\n       [0.52915026, 0.33166248, 0.        , 2.82488938, 2.75862284,\n        3.591657  , 5.2516664 ],\n       [2.69443872, 2.65518361, 2.82488938, 0.        , 0.67082039,\n        1.63707055, 3.51852242],\n       [2.65518361, 2.64952826, 2.75862284, 0.67082039, 0.        ,\n        1.10905365, 2.99499583],\n       [3.55246393, 3.55387113, 3.591657  , 1.63707055, 1.10905365,\n        0.        , 2.00499377],\n       [5.17107339, 5.25642464, 5.2516664 , 3.51852242, 2.99499583,\n        2.00499377, 0.        ]])", "D_low": "array([[0.        , 0.22640811, 0.10242447, 8.11569526, 7.57996813,\n        6.8178881 , 5.75325623],\n       [0.22640811, 0.        , 0.32565751, 8.1980904 , 7.65908754,\n        6.86677401, 5.77774086],\n       [0.10242447, 0.32565751, 0.        , 8.05330391, 7.51895907,\n        6.76920545, 5.71516821],\n       [8.11569526, 8.1980904 , 8.05330391, 0.        , 0.55110762,\n        1.75040217, 2.99697033],\n       [7.57996813, 7.65908754, 7.51895907, 0.55110762, 0.        ,\n        1.27082012, 2.47791669],\n       [6.8178881 , 6.86677401, 6.76920545, 1.75040217, 1.27082012,\n        0.        , 1.27693049],\n       [5.75325623, 5.77774086, 5.71516821, 2.99697033, 2.47791669,\n        1.27693049, 0.        ]])"}}