{"duration": 0.002061128616333008, "input_args": {"D_high": "array([[0.        , 0.5       , 0.2       , ..., 4.22018957, 4.45757782,\n        4.10609303],\n       [0.5       , 0.        , 0.55677644, ..., 4.23792402, 4.42040722,\n        4.1024383 ],\n       [0.2       , 0.55677644, 0.        , ..., 4.0484565 , 4.29534632,\n        3.95221457],\n       ...,\n       [4.22018957, 4.23792402, 4.0484565 , ..., 0.        , 0.58309519,\n        0.65574385],\n       [4.45757782, 4.42040722, 4.29534632, ..., 0.58309519, 0.        ,\n        0.64031242],\n       [4.10609303, 4.1024383 , 3.95221457, ..., 0.65574385, 0.64031242,\n        0.        ]])", "D_low": "array([[ 0.        , 11.47831838,  1.09718212, ..., 20.61547947,\n        19.8881713 , 23.37843937],\n       [11.47831838,  0.        , 12.25165427, ..., 21.14822803,\n        24.64525505, 24.06712527],\n       [ 1.09718212, 12.25165427,  0.        , ..., 20.02725544,\n        18.97524157, 22.74360681],\n       ...,\n       [20.61547947, 21.14822803, 20.02725544, ...,  0.        ,\n         8.2727603 ,  2.95566099],\n       [19.8881713 , 24.64525505, 18.97524157, ...,  8.2727603 ,\n         0.        ,  8.51206689],\n       [23.37843937, 24.06712527, 22.74360681, ...,  2.95566099,\n         8.51206689,  0.        ]])"}}