{"duration": 0.0022940635681152344, "input_args": {"D_high": "array([[0.        , 0.38729833, 0.52915026, 2.69443872, 2.65518361,\n        3.55246393, 5.17107339],\n       [0.38729833, 0.        , 0.33166248, 2.65518361, 2.64952826,\n        3.55387113, 5.25642464],\n       [0.52915026, 0.33166248, 0.        , 2.82488938, 2.75862284,\n        3.591657  , 5.2516664 ],\n       [2.69443872, 2.65518361, 2.82488938, 0.        , 0.67082039,\n        1.63707055, 3.51852242],\n       [2.65518361, 2.64952826, 2.75862284, 0.67082039, 0.        ,\n        1.10905365, 2.99499583],\n       [3.55246393, 3.55387113, 3.591657  , 1.63707055, 1.10905365,\n        0.        , 2.00499377],\n       [5.17107339, 5.25642464, 5.2516664 , 3.51852242, 2.99499583,\n        2.00499377, 0.        ]])", "D_low": "array([[ 0.        ,  1.30340498,  2.43321321, 12.65813529, 11.99483795,\n         5.11653109,  8.14823877],\n       [ 1.30340498,  0.        ,  1.13334007, 13.37038277, 12.88904319,\n         5.57742125,  9.44430085],\n       [ 2.43321321,  1.13334007,  0.        , 13.96021484, 13.63481139,\n         6.07527492, 10.57759674],\n       [12.65813529, 13.37038277, 13.96021484,  0.        ,  2.3314603 ,\n         7.89438181, 11.92806545],\n       [11.99483795, 12.88904319, 13.63481139,  2.3314603 ,  0.        ,\n         7.79532644,  9.9717763 ],\n       [ 5.11653109,  5.57742125,  6.07527492,  7.89438181,  7.79532644,\n         0.        ,  9.04128077],\n       [ 8.14823877,  9.44430085, 10.57759674, 11.92806545,  9.9717763 ,\n         9.04128077,  0.        ]])"}}