{"duration": 0.03319191932678223, "input_args": {"D_high": "array([[  0.        ,  66.90348403,  54.29633528, ...,  50.39119964,\n         89.23943184,  61.27038404],\n       [ 66.90348403,   0.        , 102.51825711, ...,  26.11680932,\n         80.22894802,  38.63518149],\n       [ 54.29633528, 102.51825711,   0.        , ...,  85.13919448,\n         91.66838038,  76.41017076],\n       ...,\n       [ 50.39119964,  26.11680932,  85.13919448, ...,   0.        ,\n         86.1426327 ,  33.06672648],\n       [ 89.23943184,  80.22894802,  91.66838038, ...,  86.1426327 ,\n          0.        ,  65.05813008],\n       [ 61.27038404,  38.63518149,  76.41017076, ...,  33.06672648,\n         65.05813008,   0.        ]])", "D_low": "array([[ 0.        , 13.54198845, 11.97894999, ..., 11.75437577,\n        11.60255043, 21.55527156],\n       [13.54198845,  0.        ,  8.44715146, ...,  4.45933563,\n        15.82204534,  9.07860101],\n       [11.97894999,  8.44715146,  0.        , ..., 11.26679277,\n        19.95586853, 11.62870115],\n       ...,\n       [11.75437577,  4.45933563, 11.26679277, ...,  0.        ,\n        11.48982735, 13.33132499],\n       [11.60255043, 15.82204534, 19.95586853, ..., 11.48982735,\n         0.        , 24.81813741],\n       [21.55527156,  9.07860101, 11.62870115, ..., 13.33132499,\n        24.81813741,  0.        ]])"}}