{"duration": 0.003144979476928711, "input_args": {"D_high": "array([[0.        , 0.53851648, 0.50990195, ..., 3.15277655, 4.69041576,\n        5.63914887],\n       [0.53851648, 0.        , 0.3       , ..., 3.10322413, 4.70850295,\n        5.74717322],\n       [0.50990195, 0.3       , 0.        , ..., 3.26802693, 4.86826458,\n        5.89406481],\n       ...,\n       [3.15277655, 3.10322413, 3.26802693, ..., 0.        , 1.65529454,\n        2.90172363],\n       [4.69041576, 4.70850295, 4.86826458, ..., 1.65529454, 0.        ,\n        1.42828569],\n       [5.63914887, 5.74717322, 5.89406481, ..., 2.90172363, 1.42828569,\n        0.        ]])", "D_low": "array([[ 0.        ,  0.31626283,  0.63971341, ..., 10.94581994,\n         5.81022328,  5.51786975],\n       [ 0.31626283,  0.        ,  0.6125457 , ..., 11.24107538,\n         5.59330357,  5.3393465 ],\n       [ 0.63971341,  0.6125457 ,  0.        , ..., 10.94275069,\n         6.11967015,  5.90740862],\n       ...,\n       [10.94581994, 11.24107538, 10.94275069, ...,  0.        ,\n        16.41761403, 15.86182257],\n       [ 5.81022328,  5.59330357,  6.11967015, ..., 16.41761403,\n         0.        ,  0.90902255],\n       [ 5.51786975,  5.3393465 ,  5.90740862, ..., 15.86182257,\n         0.90902255,  0.        ]])"}}