{"duration": 0.002395153045654297, "input_args": {"D_high": "array([[0.        , 0.5       , 0.74833148, 0.53851648, 3.49714169,\n        3.47275107, 2.88963666, 2.99499583, 3.18747549, 2.89482297],\n       [0.5       , 0.        , 0.75498344, 0.6       , 3.69052842,\n        3.69459064, 3.12729915, 3.30756708, 3.43074336, 3.19530906],\n       [0.74833148, 0.75498344, 0.        , 1.11803399, 4.14125585,\n        4.14004831, 3.51994318, 3.60138862, 3.84707681, 3.48998567],\n       [0.53851648, 0.6       , 1.11803399, 0.        , 3.38526218,\n        3.31209903, 2.78926514, 2.94957624, 3.02820079, 2.91376046],\n       [3.49714169, 3.69052842, 4.14125585, 3.38526218, 0.        ,\n        0.55677644, 0.74833148, 1.12249722, 0.79372539, 1.08166538],\n       [3.47275107, 3.69459064, 4.14004831, 3.31209903, 0.55677644,\n        0.        , 0.71414284, 0.97467943, 0.37416574, 1.17473401],\n       [2.88963666, 3.12729915, 3.51994318, 2.78926514, 0.74833148,\n        0.71414284, 0.        , 0.58309519, 0.51961524, 0.67082039],\n       [2.99499583, 3.30756708, 3.60138862, 2.94957624, 1.12249722,\n        0.97467943, 0.58309519, 0.        , 0.72801099, 0.51961524],\n       [3.18747549, 3.43074336, 3.84707681, 3.02820079, 0.79372539,\n        0.37416574, 0.51961524, 0.72801099, 0.        , 1.02956301],\n       [2.89482297, 3.19530906, 3.48998567, 2.91376046, 1.08166538,\n        1.17473401, 0.67082039, 0.51961524, 1.02956301, 0.        ]])", "D_low": "array([[0.        , 0.58780122, 0.19269615, 0.21958116, 4.75990074,\n        4.74339126, 4.51714091, 4.65335575, 4.80058837, 4.4546096 ],\n       [0.58780122, 0.        , 0.40638847, 0.72635581, 4.19613799,\n        4.19141314, 3.96131323, 4.08571324, 4.23890804, 3.88102299],\n       [0.19269615, 0.40638847, 0.        , 0.3843449 , 4.59698321,\n        4.58706002, 4.35867453, 4.48807599, 4.63889514, 4.28544929],\n       [0.21958116, 0.72635581, 0.3843449 , 0.        , 4.82441776,\n        4.79530003, 4.57340613, 4.72279821, 4.86262724, 4.53251451],\n       [4.75990074, 4.19613799, 4.59698321, 4.82441776, 0.        ,\n        0.28561192, 0.30702031, 0.15264801, 0.06908686, 0.42269153],\n       [4.74339126, 4.19141314, 4.58706002, 4.79530003, 0.28561192,\n        0.        , 0.24355346, 0.40121418, 0.23761953, 0.63666643],\n       [4.51714091, 3.96131323, 4.35867453, 4.57340613, 0.30702031,\n        0.24355346, 0.        , 0.32248121, 0.31368752, 0.4706475 ],\n       [4.65335575, 4.08571324, 4.48807599, 4.72279821, 0.15264801,\n        0.40121418, 0.32248121, 0.        , 0.2211248 , 0.27039367],\n       [4.80058837, 4.23890804, 4.63889514, 4.86262724, 0.06908686,\n        0.23761953, 0.31368752, 0.2211248 , 0.        , 0.49041701],\n       [4.4546096 , 3.88102299, 4.28544929, 4.53251451, 0.42269153,\n        0.63666643, 0.4706475 , 0.27039367, 0.49041701, 0.        ]])"}}