{"duration": 0.004646778106689453, "input_args": {"D_high": "array([[0.        , 1.25698051, 0.78740079, ..., 4.57602448, 4.79165942,\n        4.21781934],\n       [1.25698051, 0.        , 0.50990195, ..., 4.05215992, 4.25440948,\n        3.80657326],\n       [0.78740079, 0.50990195, 0.        , ..., 4.10609303, 4.32897216,\n        3.81182371],\n       ...,\n       [4.57602448, 4.05215992, 4.10609303, ..., 0.        , 0.6164414 ,\n        0.64031242],\n       [4.79165942, 4.25440948, 4.32897216, ..., 0.6164414 , 0.        ,\n        0.76811457],\n       [4.21781934, 3.80657326, 3.81182371, ..., 0.64031242, 0.76811457,\n        0.        ]])", "D_low": "array([[0.        , 0.52848214, 0.30294632, ..., 6.11254234, 6.06843259,\n        6.06967766],\n       [0.52848214, 0.        , 0.76102924, ..., 5.59182149, 5.54001778,\n        5.54918198],\n       [0.30294632, 0.76102924, 0.        , ..., 6.3473783 , 6.27291823,\n        6.30496788],\n       ...,\n       [6.11254234, 5.59182149, 6.3473783 , ..., 0.        , 0.90647194,\n        0.04512322],\n       [6.06843259, 5.54001778, 6.27291823, ..., 0.90647194, 0.        ,\n        0.91622531],\n       [6.06967766, 5.54918198, 6.30496788, ..., 0.04512322, 0.91622531,\n        0.        ]])"}}