{"duration": 0.01994490623474121, "input_args": {"D_high": "array([[  0.        ,  78.51486107,  69.20815273, ...,  69.73493016,\n         71.7084146 ,  59.3410676 ],\n       [ 78.51486107,   0.        ,  52.82187071, ..., 116.13798098,\n         25.56589605,  57.21757619],\n       [ 69.20815273,  52.82187071,   0.        , ..., 115.90542006,\n         47.68584545,  27.4294094 ],\n       ...,\n       [ 69.73493016, 116.13798098, 115.90542006, ...,   0.        ,\n        116.45694834, 116.0975663 ],\n       [ 71.7084146 ,  25.56589605,  47.68584545, ..., 116.45694834,\n          0.        ,  52.21198288],\n       [ 59.3410676 ,  57.21757619,  27.4294094 , ..., 116.0975663 ,\n         52.21198288,   0.        ]])", "D_low": "array([[ 0.        ,  6.83382265,  7.63354576, ...,  5.57202074,\n         6.9574877 ,  4.75339444],\n       [ 6.83382265,  0.        ,  7.31414387, ..., 12.02974207,\n         0.51809878,  5.33645328],\n       [ 7.63354576,  7.31414387,  0.        , ..., 12.70677784,\n         6.90458288,  3.04329281],\n       ...,\n       [ 5.57202074, 12.02974207, 12.70677784, ...,  0.        ,\n        12.25328102, 10.12586911],\n       [ 6.9574877 ,  0.51809878,  6.90458288, ..., 12.25328102,\n         0.        ,  5.07966792],\n       [ 4.75339444,  5.33645328,  3.04329281, ..., 10.12586911,\n         5.07966792,  0.        ]])"}}