{"duration": 0.003609895706176758, "input_args": {"D_high": "array([[  0.        , 136.88299559, 144.63509711, ...,  53.53524373,\n        141.87200429, 141.91977723],\n       [136.88299559,   0.        ,  31.11839599, ..., 184.18305812,\n         45.52624475,  35.90271834],\n       [144.63509711,  31.11839599,   0.        , ..., 189.98133079,\n         39.42516501,  34.06235871],\n       ...,\n       [ 53.53524373, 184.18305812, 189.98133079, ...,   0.        ,\n        183.80014255, 184.46368641],\n       [141.87200429,  45.52624475,  39.42516501, ..., 183.80014255,\n          0.        ,  20.60302427],\n       [141.91977723,  35.90271834,  34.06235871, ..., 184.46368641,\n         20.60302427,   0.        ]])", "D_low": "array([[ 0.        , 28.67863162, 26.06791175, ...,  5.92223547,\n        27.70089074, 26.20570063],\n       [28.67863162,  0.        ,  9.34894389, ..., 27.44601432,\n        14.37570036,  9.62620103],\n       [26.06791175,  9.34894389,  0.        , ..., 23.01700096,\n         5.21827268,  0.32326678],\n       ...,\n       [ 5.92223547, 27.44601432, 23.01700096, ...,  0.        ,\n        23.68713267, 23.09194443],\n       [27.70089074, 14.37570036,  5.21827268, ..., 23.68713267,\n         0.        ,  4.90258537],\n       [26.20570063,  9.62620103,  0.32326678, ..., 23.09194443,\n         4.90258537,  0.        ]])"}}