{"duration": 0.011934995651245117, "input_args": {"D_high": "array([[ 0.        , 11.87434209,  2.23606798, ...,  2.82842712,\n        16.91153453,  4.47213595],\n       [11.87434209,  0.        , 11.3137085 , ..., 12.20655562,\n        10.34408043, 12.68857754],\n       [ 2.23606798, 11.3137085 ,  0.        , ...,  2.23606798,\n        16.88194302,  3.        ],\n       ...,\n       [ 2.82842712, 12.20655562,  2.23606798, ...,  0.        ,\n        17.94435844,  2.        ],\n       [16.91153453, 10.34408043, 16.88194302, ..., 17.94435844,\n         0.        , 18.60107524],\n       [ 4.47213595, 12.68857754,  3.        , ...,  2.        ,\n        18.60107524,  0.        ]])", "D_low": "array([[ 0.        ,  7.47339724,  6.40862423, ...,  7.59315205,\n         9.42764188, 11.57849765],\n       [ 7.47339724,  0.        ,  8.61132932, ..., 14.74592045,\n         4.06487765, 18.16251872],\n       [ 6.40862423,  8.61132932,  0.        , ..., 12.56516401,\n        12.35005609, 10.90304855],\n       ...,\n       [ 7.59315205, 14.74592045, 12.56516401, ...,  0.        ,\n        15.55521651, 10.15033379],\n       [ 9.42764188,  4.06487765, 12.35005609, ..., 15.55521651,\n         0.        , 20.90138385],\n       [11.57849765, 18.16251872, 10.90304855, ..., 10.15033379,\n        20.90138385,  0.        ]])"}}