{"duration": 0.007052183151245117, "input_args": {"D_high": "array([[0.        , 0.53851648, 0.50990195, ..., 4.27668096, 4.45982062,\n        4.65080638],\n       [0.53851648, 0.        , 0.3       , ..., 4.24970587, 4.49888875,\n        4.71805044],\n       [0.50990195, 0.3       , 0.        , ..., 4.43057558, 4.66154481,\n        4.84871117],\n       ...,\n       [4.27668096, 4.24970587, 4.43057558, ..., 0.        , 0.58309519,\n        1.06770783],\n       [4.45982062, 4.49888875, 4.66154481, ..., 0.58309519, 0.        ,\n        0.6164414 ],\n       [4.65080638, 4.71805044, 4.84871117, ..., 1.06770783, 0.6164414 ,\n        0.        ]])", "D_low": "array([[ 0.        , 13.12876061,  9.11973534, ..., 17.27591991,\n        25.50496722, 23.47740962],\n       [13.12876061,  0.        ,  6.12896543, ..., 16.77851469,\n        19.86573064, 17.93867874],\n       [ 9.11973534,  6.12896543,  0.        , ..., 11.97345119,\n        17.74302912, 15.67957576],\n       ...,\n       [17.27591991, 16.77851469, 11.97345119, ...,  0.        ,\n         9.90349224,  8.36099927],\n       [25.50496722, 19.86573064, 17.74302912, ...,  9.90349224,\n         0.        ,  2.06546871],\n       [23.47740962, 17.93867874, 15.67957576, ...,  8.36099927,\n         2.06546871,  0.        ]])"}}