{"duration": 0.005692243576049805, "input_args": {"D_high": "array([[  0.        ,  77.93464827, 115.40589995, ..., 101.71684227,\n        201.12626702,  59.67790051],\n       [ 77.93464827,   0.        ,  83.43747073, ...,  38.98205746,\n        183.93333012,  21.17286036],\n       [115.40589995,  83.43747073,   0.        , ...,  68.4928943 ,\n        207.62569195,  85.47655366],\n       ...,\n       [101.71684227,  38.98205746,  68.4928943 , ...,   0.        ,\n        189.87669905,  46.59966957],\n       [201.12626702, 183.93333012, 207.62569195, ..., 189.87669905,\n          0.        , 186.26121056],\n       [ 59.67790051,  21.17286036,  85.47655366, ...,  46.59966957,\n        186.26121056,   0.        ]])", "D_low": "array([[ 0.        , 10.72160157, 17.53363879, ..., 22.56667846,\n        22.66758803,  6.28332517],\n       [10.72160157,  0.        , 20.12155691, ..., 11.99622291,\n        12.86191425,  4.83219963],\n       [17.53363879, 20.12155691,  0.        , ..., 26.15002356,\n        32.02976269, 19.69327815],\n       ...,\n       [22.56667846, 11.99622291, 26.15002356, ...,  0.        ,\n         9.63096153, 16.81893866],\n       [22.66758803, 12.86191425, 32.02976269, ...,  9.63096153,\n         0.        , 16.40779102],\n       [ 6.28332517,  4.83219963, 19.69327815, ..., 16.81893866,\n        16.40779102,  0.        ]])"}}