{"duration": 0.020003080368041992, "input_args": {"D_high": "array([[  0.        ,  78.51486107,  69.20815273, ...,  69.73493016,\n         71.7084146 ,  59.3410676 ],\n       [ 78.51486107,   0.        ,  52.82187071, ..., 116.13798098,\n         25.56589605,  57.21757619],\n       [ 69.20815273,  52.82187071,   0.        , ..., 115.90542006,\n         47.68584545,  27.4294094 ],\n       ...,\n       [ 69.73493016, 116.13798098, 115.90542006, ...,   0.        ,\n        116.45694834, 116.0975663 ],\n       [ 71.7084146 ,  25.56589605,  47.68584545, ..., 116.45694834,\n          0.        ,  52.21198288],\n       [ 59.3410676 ,  57.21757619,  27.4294094 , ..., 116.0975663 ,\n         52.21198288,   0.        ]])", "D_low": "array([[ 0.        , 18.56452836,  9.62048494, ..., 11.68184295,\n        18.9575373 ,  9.15559791],\n       [18.56452836,  0.        , 11.99944902, ..., 27.36937284,\n         0.41938241,  9.4155464 ],\n       [ 9.62048494, 11.99944902,  0.        , ..., 15.55855481,\n        12.41614587,  5.39487432],\n       ...,\n       [11.68184295, 27.36937284, 15.55855481, ...,  0.        ,\n        27.78868688, 18.65070382],\n       [18.9575373 ,  0.41938241, 12.41614587, ..., 27.78868688,\n         0.        ,  9.81269925],\n       [ 9.15559791,  9.4155464 ,  5.39487432, ..., 18.65070382,\n         9.81269925,  0.        ]])"}}