{"duration": 0.002026081085205078, "input_args": {"D_high": "array([[0.        , 0.53851648, 0.50990195, ..., 4.45982062, 4.65080638,\n        4.14004831],\n       [0.53851648, 0.        , 0.3       , ..., 4.49888875, 4.71805044,\n        4.15331193],\n       [0.50990195, 0.3       , 0.        , ..., 4.66154481, 4.84871117,\n        4.29883705],\n       ...,\n       [4.45982062, 4.49888875, 4.66154481, ..., 0.        , 0.6164414 ,\n        0.64031242],\n       [4.65080638, 4.71805044, 4.84871117, ..., 0.6164414 , 0.        ,\n        0.76811457],\n       [4.14004831, 4.15331193, 4.29883705, ..., 0.64031242, 0.76811457,\n        0.        ]])", "D_low": "array([[ 0.        , 11.7619264 , 13.10248358, ..., 25.46656286,\n        28.29631332, 27.63775452],\n       [11.7619264 ,  0.        ,  1.98589921, ..., 33.19871271,\n        22.30503636, 36.37727469],\n       [13.10248358,  1.98589921,  0.        , ..., 35.15438177,\n        23.43780479, 38.29331101],\n       ...,\n       [25.46656286, 33.19871271, 35.15438177, ...,  0.        ,\n        32.1741195 ,  4.5393892 ],\n       [28.29631332, 22.30503636, 23.43780479, ..., 32.1741195 ,\n         0.        , 36.67052031],\n       [27.63775452, 36.37727469, 38.29331101, ...,  4.5393892 ,\n        36.67052031,  0.        ]])"}}