{"duration": 0.017908811569213867, "input_args": {"D_high": "array([[  0.        ,  66.90348403,  54.29633528, ..., 117.7833007 ,\n         43.58127217,  61.71982942],\n       [ 66.90348403,   0.        , 102.51825711, ..., 118.02190998,\n         53.16248681,  12.74524602],\n       [ 54.29633528, 102.51825711,   0.        , ..., 130.39398885,\n         59.87774486,  96.3199743 ],\n       ...,\n       [117.7833007 , 118.02190998, 130.39398885, ...,   0.        ,\n        116.45694834, 116.0975663 ],\n       [ 43.58127217,  53.16248681,  59.87774486, ..., 116.45694834,\n          0.        ,  52.21198288],\n       [ 61.71982942,  12.74524602,  96.3199743 , ..., 116.0975663 ,\n         52.21198288,   0.        ]])", "D_low": "array([[ 0.        , 11.28110909,  8.02259103, ..., 17.5010173 ,\n         9.83416912,  9.1629332 ],\n       [11.28110909,  0.        , 15.16545276, ..., 13.99671746,\n         9.43416386,  2.12101066],\n       [ 8.02259103, 15.16545276,  0.        , ..., 25.01261997,\n         7.68267602, 13.45476118],\n       ...,\n       [17.5010173 , 13.99671746, 25.01261997, ...,  0.        ,\n        22.25236863, 13.94538566],\n       [ 9.83416912,  9.43416386,  7.68267602, ..., 22.25236863,\n         0.        ,  8.52000947],\n       [ 9.1629332 ,  2.12101066, 13.45476118, ..., 13.94538566,\n         8.52000947,  0.        ]])"}}