{"duration": 0.006417036056518555, "input_args": {"D_high": "array([[  0.        ,  63.23003439,  51.6526914 , ...,  66.22284519,\n         27.80260283, 159.45199265],\n       [ 63.23003439,   0.        ,  64.14069613, ...,  27.67658187,\n         52.44791055, 160.38731457],\n       [ 51.6526914 ,  64.14069613,   0.        , ...,  62.35925404,\n         42.98609637, 123.5982541 ],\n       ...,\n       [ 66.22284519,  27.67658187,  62.35925404, ...,   0.        ,\n         54.08764636, 159.7956386 ],\n       [ 27.80260283,  52.44791055,  42.98609637, ...,  54.08764636,\n          0.        , 157.90239317],\n       [159.45199265, 160.38731457, 123.5982541 , ..., 159.7956386 ,\n        157.90239317,   0.        ]])", "D_low": "array([[ 0.        , 11.47256365,  7.78715786, ...,  9.49139949,\n         2.75331586, 10.19991229],\n       [11.47256365,  0.        , 18.55795387, ...,  3.70785249,\n         9.13640578, 21.08142548],\n       [ 7.78715786, 18.55795387,  0.        , ..., 15.74471985,\n        10.5366258 ,  9.03734425],\n       ...,\n       [ 9.49139949,  3.70785249, 15.74471985, ...,  0.        ,\n         7.80734715, 19.62238953],\n       [ 2.75331586,  9.13640578, 10.5366258 , ...,  7.80734715,\n         0.        , 11.99397595],\n       [10.19991229, 21.08142548,  9.03734425, ..., 19.62238953,\n        11.99397595,  0.        ]])"}}