{"duration": 0.003159046173095703, "input_args": {"D_high": "array([[0.        , 0.33166248, 0.70710678, ..., 4.40227214, 4.71911009,\n        4.27317212],\n       [0.33166248, 0.        , 0.41231056, ..., 4.28835633, 4.63680925,\n        4.15331193],\n       [0.70710678, 0.41231056, 0.        , ..., 4.39317653, 4.77807493,\n        4.26380112],\n       ...,\n       [4.40227214, 4.28835633, 4.39317653, ..., 0.        , 0.57445626,\n        0.81240384],\n       [4.71911009, 4.63680925, 4.77807493, ..., 0.57445626, 0.        ,\n        1.13578167],\n       [4.27317212, 4.15331193, 4.26380112, ..., 0.81240384, 1.13578167,\n        0.        ]])", "D_low": "array([[ 0.        ,  7.06524925, 11.35402583, ..., 22.89930739,\n        21.12366177, 22.88272121],\n       [ 7.06524925,  0.        ,  5.29957643, ..., 22.94418642,\n        18.87810692, 25.13872981],\n       [11.35402583,  5.29957643,  0.        , ..., 20.12432134,\n        14.79966822, 23.7866187 ],\n       ...,\n       [22.89930739, 22.94418642, 20.12432134, ...,  0.        ,\n         7.62477252,  7.52260395],\n       [21.12366177, 18.87810692, 14.79966822, ...,  7.62477252,\n         0.        , 14.5401452 ],\n       [22.88272121, 25.13872981, 23.7866187 , ...,  7.52260395,\n        14.5401452 ,  0.        ]])"}}