{"duration": 0.0047931671142578125, "input_args": {"D_high": "array([[  0.        ,  99.03767478, 222.48737404, ...,  68.05106924,\n         70.4634419 ,  60.21040362],\n       [ 99.03767478,   0.        , 164.71032149, ...,  64.29096437,\n         79.46048483,  91.05102311],\n       [222.48737404, 164.71032149,   0.        , ..., 171.03618466,\n        234.92428202, 228.54251158],\n       ...,\n       [ 68.05106924,  64.29096437, 171.03618466, ...,   0.        ,\n         81.67068317,  66.23426945],\n       [ 70.4634419 ,  79.46048483, 234.92428202, ...,  81.67068317,\n          0.        ,  43.77778089],\n       [ 60.21040362,  91.05102311, 228.54251158, ...,  66.23426945,\n         43.77778089,   0.        ]])", "D_low": "array([[ 0.        ,  8.5152228 , 11.97338682, ...,  7.17182478,\n        16.83370359, 13.256891  ],\n       [ 8.5152228 ,  0.        , 10.78288813, ...,  2.19378028,\n         9.67603879,  7.23202203],\n       [11.97338682, 10.78288813,  0.        , ...,  8.93992438,\n        19.7154297 , 17.94758938],\n       ...,\n       [ 7.17182478,  2.19378028,  8.93992438, ...,  0.        ,\n        11.86921017,  9.32944344],\n       [16.83370359,  9.67603879, 19.7154297 , ..., 11.86921017,\n         0.        ,  3.8992443 ],\n       [13.256891  ,  7.23202203, 17.94758938, ...,  9.32944344,\n         3.8992443 ,  0.        ]])"}}