{"duration": 0.003889799118041992, "input_args": {"D_high": "array([[ 0.        , 10.19803903, 12.489996  , ..., 14.38749457,\n        14.28285686, 13.52774926],\n       [10.19803903,  0.        , 14.2126704 , ..., 15.65247584,\n        17.3781472 , 15.96871942],\n       [12.489996  , 14.2126704 ,  0.        , ..., 18.46618531,\n        19.33907961, 17.17556404],\n       ...,\n       [14.38749457, 15.65247584, 18.46618531, ...,  0.        ,\n         4.12310563,  3.16227766],\n       [14.28285686, 17.3781472 , 19.33907961, ...,  4.12310563,\n         0.        ,  4.35889894],\n       [13.52774926, 15.96871942, 17.17556404, ...,  3.16227766,\n         4.35889894,  0.        ]])", "D_low": "array([[ 0.        ,  4.58683414,  5.57823145, ...,  9.14990144,\n        13.50866487,  5.25333191],\n       [ 4.58683414,  0.        ,  6.34062732, ..., 12.52886855,\n        14.56008875,  7.74250234],\n       [ 5.57823145,  6.34062732,  0.        , ..., 14.40087581,\n        19.03168486, 10.83156158],\n       ...,\n       [ 9.14990144, 12.52886855, 14.40087581, ...,  0.        ,\n         7.91106503,  4.91062088],\n       [13.50866487, 14.56008875, 19.03168486, ...,  7.91106503,\n         0.        ,  8.37614174],\n       [ 5.25333191,  7.74250234, 10.83156158, ...,  4.91062088,\n         8.37614174,  0.        ]])"}}