{"duration": 0.002299070358276367, "input_args": {"D_high": "array([[0.        , 0.33166248, 0.70710678, ..., 4.40227214, 4.71911009,\n        4.27317212],\n       [0.33166248, 0.        , 0.41231056, ..., 4.28835633, 4.63680925,\n        4.15331193],\n       [0.70710678, 0.41231056, 0.        , ..., 4.39317653, 4.77807493,\n        4.26380112],\n       ...,\n       [4.40227214, 4.28835633, 4.39317653, ..., 0.        , 0.57445626,\n        0.81240384],\n       [4.71911009, 4.63680925, 4.77807493, ..., 0.57445626, 0.        ,\n        1.13578167],\n       [4.27317212, 4.15331193, 4.26380112, ..., 0.81240384, 1.13578167,\n        0.        ]])", "D_low": "array([[0.        , 0.43520547, 0.36007628, ..., 4.56860814, 4.29296921,\n        4.21442642],\n       [0.43520547, 0.        , 0.22891786, ..., 4.59051631, 4.31245962,\n        4.25420535],\n       [0.36007628, 0.22891786, 0.        , ..., 4.76850304, 4.49093663,\n        4.42587879],\n       ...,\n       [4.56860814, 4.59051631, 4.76850304, ..., 0.        , 0.27827762,\n        0.39031613],\n       [4.29296921, 4.31245962, 4.49093663, ..., 0.27827762, 0.        ,\n        0.21087747],\n       [4.21442642, 4.25420535, 4.42587879, ..., 0.39031613, 0.21087747,\n        0.        ]])"}}