{"duration": 0.004417896270751953, "input_args": {"D_high": "array([[ 0.        , 10.19803903, 12.489996  , ..., 14.38749457,\n        14.28285686, 13.52774926],\n       [10.19803903,  0.        , 14.2126704 , ..., 15.65247584,\n        17.3781472 , 15.96871942],\n       [12.489996  , 14.2126704 ,  0.        , ..., 18.46618531,\n        19.33907961, 17.17556404],\n       ...,\n       [14.38749457, 15.65247584, 18.46618531, ...,  0.        ,\n         4.12310563,  3.16227766],\n       [14.28285686, 17.3781472 , 19.33907961, ...,  4.12310563,\n         0.        ,  4.35889894],\n       [13.52774926, 15.96871942, 17.17556404, ...,  3.16227766,\n         4.35889894,  0.        ]])", "D_low": "array([[ 0.        ,  3.41832919,  4.63140552, ...,  5.02792689,\n        12.85057058,  4.43115963],\n       [ 3.41832919,  0.        ,  3.98733514, ...,  7.13070044,\n        14.08037635,  6.29468897],\n       [ 4.63140552,  3.98733514,  0.        , ...,  9.6285289 ,\n        17.29825155,  8.96220875],\n       ...,\n       [ 5.02792689,  7.13070044,  9.6285289 , ...,  0.        ,\n         7.93978242,  0.88333669],\n       [12.85057058, 14.08037635, 17.29825155, ...,  7.93978242,\n         0.        ,  8.42269372],\n       [ 4.43115963,  6.29468897,  8.96220875, ...,  0.88333669,\n         8.42269372,  0.        ]])"}}