{"duration": 0.013902902603149414, "input_args": {"D_high": "array([[ 0.        , 11.87434209,  2.23606798, ..., 17.3781472 ,\n        12.9614814 , 13.89244399],\n       [11.87434209,  0.        , 11.3137085 , ..., 14.6628783 ,\n        11.78982612, 10.95445115],\n       [ 2.23606798, 11.3137085 ,  0.        , ..., 17.40689519,\n        12.76714533, 13.6381817 ],\n       ...,\n       [17.3781472 , 14.6628783 , 17.40689519, ...,  0.        ,\n         7.74596669,  8.18535277],\n       [12.9614814 , 11.78982612, 12.76714533, ...,  7.74596669,\n         0.        ,  3.31662479],\n       [13.89244399, 10.95445115, 13.6381817 , ...,  8.18535277,\n         3.31662479,  0.        ]])", "D_low": "array([[ 0.        ,  6.75681908,  5.08503332, ..., 10.52901232,\n        10.46389211, 10.33730279],\n       [ 6.75681908,  0.        , 11.0768871 , ...,  8.4896548 ,\n         7.72595865,  7.47337763],\n       [ 5.08503332, 11.0768871 ,  0.        , ..., 11.24937592,\n        11.68234753, 11.67320997],\n       ...,\n       [10.52901232,  8.4896548 , 11.24937592, ...,  0.        ,\n         1.11084331,  1.35694548],\n       [10.46389211,  7.72595865, 11.68234753, ...,  1.11084331,\n         0.        ,  0.27204076],\n       [10.33730279,  7.47337763, 11.67320997, ...,  1.35694548,\n         0.27204076,  0.        ]])"}}