{"duration": 0.03749394416809082, "input_args": {"D_high": "array([[  0.        ,  77.93464827, 115.40589995, ..., 128.91608086,\n         71.42824327,  88.2669252 ],\n       [ 77.93464827,   0.        ,  83.43747073, ..., 114.70143766,\n         44.29446946,  17.10820975],\n       [115.40589995,  83.43747073,   0.        , ..., 138.70632141,\n         74.24292516,  83.46352557],\n       ...,\n       [128.91608086, 114.70143766, 138.70632141, ...,   0.        ,\n        116.45694834, 116.0975663 ],\n       [ 71.42824327,  44.29446946,  74.24292516, ..., 116.45694834,\n          0.        ,  52.21198288],\n       [ 88.2669252 ,  17.10820975,  83.46352557, ..., 116.0975663 ,\n         52.21198288,   0.        ]])", "D_low": "array([[ 0.        , 13.04108221, 20.7608286 , ..., 18.27971489,\n         6.80639228, 14.53596304],\n       [13.04108221,  0.        , 23.79119641, ..., 10.13864081,\n        11.38255262,  1.62761234],\n       [20.7608286 , 23.79119641,  0.        , ..., 17.75190013,\n        14.91337767, 23.98155038],\n       ...,\n       [18.27971489, 10.13864081, 17.75190013, ...,  0.        ,\n        12.6844274 ,  9.22429357],\n       [ 6.80639228, 11.38255262, 14.91337767, ..., 12.6844274 ,\n         0.        , 12.3641133 ],\n       [14.53596304,  1.62761234, 23.98155038, ...,  9.22429357,\n        12.3641133 ,  0.        ]])"}}