{"duration": 0.0391840934753418, "input_args": {"D_high": "array([[  0.        ,  77.93464827, 115.40589995, ..., 128.91608086,\n         71.42824327,  88.2669252 ],\n       [ 77.93464827,   0.        ,  83.43747073, ..., 114.70143766,\n         44.29446946,  17.10820975],\n       [115.40589995,  83.43747073,   0.        , ..., 138.70632141,\n         74.24292516,  83.46352557],\n       ...,\n       [128.91608086, 114.70143766, 138.70632141, ...,   0.        ,\n        116.45694834, 116.0975663 ],\n       [ 71.42824327,  44.29446946,  74.24292516, ..., 116.45694834,\n          0.        ,  52.21198288],\n       [ 88.2669252 ,  17.10820975,  83.46352557, ..., 116.0975663 ,\n         52.21198288,   0.        ]])", "D_low": "array([[ 0.        , 15.1227096 , 29.47228262, ..., 25.30364348,\n         9.53179758, 16.2534778 ],\n       [15.1227096 ,  0.        , 18.92484836, ..., 15.01045763,\n         8.52234806,  2.08399124],\n       [29.47228262, 18.92484836,  0.        , ..., 30.32681409,\n        19.9586066 , 16.84086166],\n       ...,\n       [25.30364348, 15.01045763, 30.32681409, ...,  0.        ,\n        22.76734245, 16.32744144],\n       [ 9.53179758,  8.52234806, 19.9586066 , ..., 22.76734245,\n         0.        ,  8.57154408],\n       [16.2534778 ,  2.08399124, 16.84086166, ..., 16.32744144,\n         8.57154408,  0.        ]])"}}