{"duration": 0.0022950172424316406, "input_args": {"D_high": "array([[0.        , 0.58309519, 1.47986486, 3.25115364, 3.77756535,\n        3.52987252, 3.29393382, 3.21403174, 3.18433667, 2.54754784,\n        2.97657521, 4.70956474, 4.29068759],\n       [0.58309519, 0.        , 1.3       , 3.70540146, 4.2626283 ,\n        3.92428337, 3.75099987, 3.69188299, 3.61109402, 2.97489496,\n        3.43511281, 5.13419906, 4.69574275],\n       [1.47986486, 1.3       , 0.        , 4.01248053, 4.5607017 ,\n        4.15571895, 3.89615195, 3.96484552, 3.78021163, 3.06920185,\n        3.64005494, 5.3244718 , 4.94165964],\n       [3.25115364, 3.70540146, 4.01248053, 0.        , 0.64807407,\n        0.65574385, 0.6164414 , 0.31622777, 0.5       , 1.02956301,\n        0.45825757, 1.49331845, 1.13137085],\n       [3.77756535, 4.2626283 , 4.5607017 , 0.64807407, 0.        ,\n        1.05356538, 0.92736185, 0.6       , 1.00498756, 1.56843871,\n        0.96436508, 1.21243557, 1.02956301],\n       [3.52987252, 3.92428337, 4.15571895, 0.65574385, 1.05356538,\n        0.        , 0.75498344, 0.92195445, 0.52915026, 1.19582607,\n        0.82462113, 1.2489996 , 0.8660254 ],\n       [3.29393382, 3.75099987, 3.89615195, 0.6164414 , 0.92736185,\n        0.75498344, 0.        , 0.64807407, 0.38729833, 0.86023253,\n        0.43588989, 1.55241747, 1.34907376],\n       [3.21403174, 3.69188299, 3.96484552, 0.31622777, 0.6       ,\n        0.92195445, 0.64807407, 0.        , 0.6244998 , 1.00995049,\n        0.43588989, 1.61554944, 1.30384048],\n       [3.18433667, 3.61109402, 3.78021163, 0.5       , 1.00498756,\n        0.52915026, 0.38729833, 0.6244998 , 0.        , 0.72801099,\n        0.34641016, 1.56204994, 1.23693169],\n       [2.54754784, 2.97489496, 3.06920185, 1.02956301, 1.56843871,\n        1.19582607, 0.86023253, 1.00995049, 0.72801099, 0.        ,\n        0.60827625, 2.27815715, 1.94422221],\n       [2.97657521, 3.43511281, 3.64005494, 0.45825757, 0.96436508,\n        0.82462113, 0.43588989, 0.43588989, 0.34641016, 0.60827625,\n        0.        , 1.77763888, 1.45945195],\n       [4.70956474, 5.13419906, 5.3244718 , 1.49331845, 1.21243557,\n        1.2489996 , 1.55241747, 1.61554944, 1.56204994, 2.27815715,\n        1.77763888, 0.        , 0.55677644],\n       [4.29068759, 4.69574275, 4.94165964, 1.13137085, 1.02956301,\n        0.8660254 , 1.34907376, 1.30384048, 1.23693169, 1.94422221,\n        1.45945195, 0.55677644, 0.        ]])", "D_low": "array([[0.        , 0.39031413, 0.22123094, 5.52332396, 5.05085248,\n        4.61217463, 6.02578953, 4.99729585, 4.59098249, 5.03656354,\n        4.99873746, 5.19740959, 5.230807  ],\n       [0.39031413, 0.        , 0.26349967, 5.85884849, 5.3657903 ,\n        4.94584424, 6.35596501, 5.32376863, 4.91316567, 5.35312242,\n        5.32232123, 5.51033779, 5.54237511],\n       [0.22123094, 0.26349967, 0.        , 5.59575215, 5.10248095,\n        4.68267062, 6.09256669, 5.06029395, 4.64966816, 5.08974876,\n        5.05882159, 5.24713163, 5.27924695],\n       [5.52332396, 5.85884849, 5.59575215, 0.        , 0.70998052,\n        0.91351408, 0.52356033, 0.58124758, 0.99557481, 0.69149347,\n        0.61436036, 0.66703246, 0.68120435],\n       [5.05085248, 5.3657903 , 5.10248095, 0.70998052, 0.        ,\n        0.60837281, 1.05879621, 0.27308184, 0.48352823, 0.03912819,\n        0.20525056, 0.15260226, 0.19407852],\n       [4.61217463, 4.94584424, 4.68267062, 0.91351408, 0.60837281,\n        0.        , 1.41514686, 0.41838605, 0.26006481, 0.57377222,\n        0.44967491, 0.7494657 , 0.79438682],\n       [6.02578953, 6.35596501, 6.09256669, 0.52356033, 1.05879621,\n        1.41514686, 0.        , 1.03528113, 1.45322182, 1.05708067,\n        1.04522683, 0.95013177, 0.93892808],\n       [4.99729585, 5.32376863, 5.06029395, 0.58124758, 0.27308184,\n        0.41838605, 1.03528113, 0.        , 0.4200943 , 0.23448974,\n        0.06895799, 0.37227716, 0.41640702],\n       [4.59098249, 4.91316567, 4.64966816, 0.99557481, 0.48352823,\n        0.26006481, 1.45322182, 0.4200943 , 0.        , 0.46004726,\n        0.4097766 , 0.6361216 , 0.67702048],\n       [5.03656354, 5.35312242, 5.08974876, 0.69149347, 0.03912819,\n        0.57377222, 1.05708067, 0.23448974, 0.46004726, 0.        ,\n        0.16636862, 0.17938316, 0.22305424],\n       [4.99873746, 5.32232123, 5.05882159, 0.61436036, 0.20525056,\n        0.44967491, 1.04522683, 0.06895799, 0.4097766 , 0.16636862,\n        0.        , 0.31440494, 0.35931395],\n       [5.19740959, 5.51033779, 5.24713163, 0.66703246, 0.15260226,\n        0.7494657 , 0.95013177, 0.37227716, 0.6361216 , 0.17938316,\n        0.31440494, 0.        , 0.04519744],\n       [5.230807  , 5.54237511, 5.27924695, 0.68120435, 0.19407852,\n        0.79438682, 0.93892808, 0.41640702, 0.67702048, 0.22305424,\n        0.35931395, 0.04519744, 0.        ]])"}}