{"duration": 0.07796788215637207, "input_args": {"D_high": "array([[  0.        ,  66.90348403,  54.29633528, ..., 117.7833007 ,\n         43.58127217,  61.71982942],\n       [ 66.90348403,   0.        , 102.51825711, ..., 118.02190998,\n         53.16248681,  12.74524602],\n       [ 54.29633528, 102.51825711,   0.        , ..., 130.39398885,\n         59.87774486,  96.3199743 ],\n       ...,\n       [117.7833007 , 118.02190998, 130.39398885, ...,   0.        ,\n        116.45694834, 116.0975663 ],\n       [ 43.58127217,  53.16248681,  59.87774486, ..., 116.45694834,\n          0.        ,  52.21198288],\n       [ 61.71982942,  12.74524602,  96.3199743 , ..., 116.0975663 ,\n         52.21198288,   0.        ]])", "D_low": "array([[ 0.        , 12.14358961,  4.35844237, ..., 19.42468966,\n         8.53532271, 11.28163067],\n       [12.14358961,  0.        , 14.62775834, ...,  7.87304443,\n         8.72402405,  0.88153127],\n       [ 4.35844237, 14.62775834,  0.        , ..., 21.01182856,\n         8.2045765 , 13.84878925],\n       ...,\n       [19.42468966,  7.87304443, 21.01182856, ...,  0.        ,\n        13.32852665,  8.72003917],\n       [ 8.53532271,  8.72402405,  8.2045765 , ..., 13.32852665,\n         0.        ,  8.26759798],\n       [11.28163067,  0.88153127, 13.84878925, ...,  8.72003917,\n         8.26759798,  0.        ]])"}}