{"duration": 0.0020151138305664062, "input_args": {"D_high": "array([[0.        , 0.5       , 0.2       , ..., 4.22018957, 4.45757782,\n        4.10609303],\n       [0.5       , 0.        , 0.55677644, ..., 4.23792402, 4.42040722,\n        4.1024383 ],\n       [0.2       , 0.55677644, 0.        , ..., 4.0484565 , 4.29534632,\n        3.95221457],\n       ...,\n       [4.22018957, 4.23792402, 4.0484565 , ..., 0.        , 0.58309519,\n        0.65574385],\n       [4.45757782, 4.42040722, 4.29534632, ..., 0.58309519, 0.        ,\n        0.64031242],\n       [4.10609303, 4.1024383 , 3.95221457, ..., 0.65574385, 0.64031242,\n        0.        ]])", "D_low": "array([[ 0.        ,  3.19380504,  0.60220657, ..., 11.91417755,\n         6.55826423, 12.94675629],\n       [ 3.19380504,  0.        ,  3.66255055, ..., 14.1448735 ,\n         8.83419641, 15.30322844],\n       [ 0.60220657,  3.66255055,  0.        , ..., 11.96217379,\n         6.64629366, 12.95228156],\n       ...,\n       [11.91417755, 14.1448735 , 11.96217379, ...,  0.        ,\n         5.37186673,  1.33935168],\n       [ 6.55826423,  8.83419641,  6.64629366, ...,  5.37186673,\n         0.        ,  6.47644173],\n       [12.94675629, 15.30322844, 12.95228156, ...,  1.33935168,\n         6.47644173,  0.        ]])"}}