{"duration": 0.0025479793548583984, "input_args": {"D_high": "array([[0.        , 0.53851648, 0.50990195, ..., 3.591657  , 5.63914887,\n        4.51995575],\n       [0.53851648, 0.        , 0.3       , ..., 3.47994253, 5.74717322,\n        4.52106182],\n       [0.50990195, 0.3       , 0.        , ..., 3.60832371, 5.89406481,\n        4.69361268],\n       ...,\n       [3.591657  , 3.47994253, 3.60832371, ..., 0.        , 3.1144823 ,\n        1.72336879],\n       [5.63914887, 5.74717322, 5.89406481, ..., 3.1144823 , 0.        ,\n        1.56524758],\n       [4.51995575, 4.52106182, 4.69361268, ..., 1.72336879, 1.56524758,\n        0.        ]])", "D_low": "array([[ 0.        , 11.7619264 , 13.10248358, ..., 34.58895206,\n        30.12009655, 27.02355666],\n       [11.7619264 ,  0.        ,  1.98589921, ..., 32.07707527,\n        23.75682608, 34.65524165],\n       [13.10248358,  1.98589921,  0.        , ..., 33.59690333,\n        24.79659566, 36.61613957],\n       ...,\n       [34.58895206, 32.07707527, 33.59690333, ...,  0.        ,\n        12.42828827, 28.58808436],\n       [30.12009655, 23.75682608, 24.79659566, ..., 12.42828827,\n         0.        , 34.59630591],\n       [27.02355666, 34.65524165, 36.61613957, ..., 28.58808436,\n        34.59630591,  0.        ]])"}}