{"duration": 0.039216041564941406, "input_args": {"D_high": "array([[  0.        ,  77.93464827, 115.40589995, ..., 128.91608086,\n         71.42824327,  88.2669252 ],\n       [ 77.93464827,   0.        ,  83.43747073, ..., 114.70143766,\n         44.29446946,  17.10820975],\n       [115.40589995,  83.43747073,   0.        , ..., 138.70632141,\n         74.24292516,  83.46352557],\n       ...,\n       [128.91608086, 114.70143766, 138.70632141, ...,   0.        ,\n        116.45694834, 116.0975663 ],\n       [ 71.42824327,  44.29446946,  74.24292516, ..., 116.45694834,\n          0.        ,  52.21198288],\n       [ 88.2669252 ,  17.10820975,  83.46352557, ..., 116.0975663 ,\n         52.21198288,   0.        ]])", "D_low": "array([[ 0.        ,  9.96253821, 24.70906268, ..., 17.22446425,\n         7.90209613, 10.60793281],\n       [ 9.96253821,  0.        , 23.66105548, ...,  8.67257778,\n         7.50070725,  1.21721512],\n       [24.70906268, 23.66105548,  0.        , ..., 19.40011409,\n        17.80710086, 22.67485183],\n       ...,\n       [17.22446425,  8.67257778, 19.40011409, ...,  0.        ,\n        10.80796251,  7.50943739],\n       [ 7.90209613,  7.50070725, 17.80710086, ..., 10.80796251,\n         0.        ,  7.12658308],\n       [10.60793281,  1.21721512, 22.67485183, ...,  7.50943739,\n         7.12658308,  0.        ]])"}}