{"duration": 0.002892017364501953, "input_args": {"D_high": "array([[ 0.        , 10.19803903, 12.489996  , ..., 14.38749457,\n        14.28285686, 13.52774926],\n       [10.19803903,  0.        , 14.2126704 , ..., 15.65247584,\n        17.3781472 , 15.96871942],\n       [12.489996  , 14.2126704 ,  0.        , ..., 18.46618531,\n        19.33907961, 17.17556404],\n       ...,\n       [14.38749457, 15.65247584, 18.46618531, ...,  0.        ,\n         4.12310563,  3.16227766],\n       [14.28285686, 17.3781472 , 19.33907961, ...,  4.12310563,\n         0.        ,  4.35889894],\n       [13.52774926, 15.96871942, 17.17556404, ...,  3.16227766,\n         4.35889894,  0.        ]])", "D_low": "array([[ 0.        ,  4.46416643,  6.69069282, ..., 10.71217682,\n        11.98131071,  8.74891685],\n       [ 4.46416643,  0.        ,  5.06409767, ...,  6.68194153,\n        12.79215302,  5.69971619],\n       [ 6.69069282,  5.06409767,  0.        , ..., 10.3884139 ,\n        17.60119513, 10.46135257],\n       ...,\n       [10.71217682,  6.68194153, 10.3884139 , ...,  0.        ,\n        13.1162138 ,  3.23716466],\n       [11.98131071, 12.79215302, 17.60119513, ..., 13.1162138 ,\n         0.        , 10.00487149],\n       [ 8.74891685,  5.69971619, 10.46135257, ...,  3.23716466,\n        10.00487149,  0.        ]])"}}