{"duration": 0.0022170543670654297, "input_args": {"D_high": "array([[0.        , 0.33166248, 0.70710678, ..., 4.40227214, 4.71911009,\n        4.27317212],\n       [0.33166248, 0.        , 0.41231056, ..., 4.28835633, 4.63680925,\n        4.15331193],\n       [0.70710678, 0.41231056, 0.        , ..., 4.39317653, 4.77807493,\n        4.26380112],\n       ...,\n       [4.40227214, 4.28835633, 4.39317653, ..., 0.        , 0.57445626,\n        0.81240384],\n       [4.71911009, 4.63680925, 4.77807493, ..., 0.57445626, 0.        ,\n        1.13578167],\n       [4.27317212, 4.15331193, 4.26380112, ..., 0.81240384, 1.13578167,\n        0.        ]])", "D_low": "array([[0.        , 0.6719146 , 0.8577661 , ..., 4.51338327, 5.98469858,\n        5.80938149],\n       [0.6719146 , 0.        , 0.8794705 , ..., 4.10594624, 5.4924795 ,\n        5.34543624],\n       [0.8577661 , 0.8794705 , 0.        , ..., 3.71749066, 5.24526307,\n        5.04560371],\n       ...,\n       [4.51338327, 4.10594624, 3.71749066, ..., 0.        , 1.66230318,\n        1.38020363],\n       [5.98469858, 5.4924795 , 5.24526307, ..., 1.66230318, 0.        ,\n        0.37511258],\n       [5.80938149, 5.34543624, 5.04560371, ..., 1.38020363, 0.37511258,\n        0.        ]])"}}