{"duration": 0.004960060119628906, "input_args": {"D_high": "array([[  0.        ,  77.93464827, 115.40589995, ..., 101.71684227,\n        201.12626702,  59.67790051],\n       [ 77.93464827,   0.        ,  83.43747073, ...,  38.98205746,\n        183.93333012,  21.17286036],\n       [115.40589995,  83.43747073,   0.        , ...,  68.4928943 ,\n        207.62569195,  85.47655366],\n       ...,\n       [101.71684227,  38.98205746,  68.4928943 , ...,   0.        ,\n        189.87669905,  46.59966957],\n       [201.12626702, 183.93333012, 207.62569195, ..., 189.87669905,\n          0.        , 186.26121056],\n       [ 59.67790051,  21.17286036,  85.47655366, ...,  46.59966957,\n        186.26121056,   0.        ]])", "D_low": "array([[ 0.        ,  9.60960139, 16.85548227, ..., 20.18908104,\n        20.16697906,  5.33307679],\n       [ 9.60960139,  0.        , 17.48068415, ..., 10.71270797,\n        11.98658561,  4.28032968],\n       [16.85548227, 17.48068415,  0.        , ..., 21.53439589,\n        28.6224069 , 16.66276638],\n       ...,\n       [20.18908104, 10.71270797, 21.53439589, ...,  0.        ,\n        10.60116047, 14.93312245],\n       [20.16697906, 11.98658561, 28.6224069 , ..., 10.60116047,\n         0.        , 15.35657654],\n       [ 5.33307679,  4.28032968, 16.66276638, ..., 14.93312245,\n        15.35657654,  0.        ]])"}}