{"duration": 0.0017879009246826172, "input_args": {"D_high": "array([[0.        , 0.53851648, 0.50990195, ..., 4.45982062, 4.65080638,\n        4.14004831],\n       [0.53851648, 0.        , 0.3       , ..., 4.49888875, 4.71805044,\n        4.15331193],\n       [0.50990195, 0.3       , 0.        , ..., 4.66154481, 4.84871117,\n        4.29883705],\n       ...,\n       [4.45982062, 4.49888875, 4.66154481, ..., 0.        , 0.6164414 ,\n        0.64031242],\n       [4.65080638, 4.71805044, 4.84871117, ..., 0.6164414 , 0.        ,\n        0.76811457],\n       [4.14004831, 4.15331193, 4.29883705, ..., 0.64031242, 0.76811457,\n        0.        ]])", "D_low": "array([[0.        , 0.15110963, 0.17949172, ..., 5.01777197, 5.11332161,\n        5.74539338],\n       [0.15110963, 0.        , 0.32902833, ..., 4.96624863, 5.05562021,\n        5.70296462],\n       [0.17949172, 0.32902833, 0.        , ..., 5.1150842 , 5.21697703,\n        5.83250979],\n       ...,\n       [5.01777197, 4.96624863, 5.1150842 , ..., 0.        , 0.2394863 ,\n        0.80669587],\n       [5.11332161, 5.05562021, 5.21697703, ..., 0.2394863 , 0.        ,\n        0.86219127],\n       [5.74539338, 5.70296462, 5.83250979, ..., 0.80669587, 0.86219127,\n        0.        ]])"}}