{"duration": 0.14868497848510742, "input_args": {"D_high": "array([[  0.        ,  66.90348403,  54.29633528, ..., 117.7833007 ,\n         43.58127217,  61.71982942],\n       [ 66.90348403,   0.        , 102.51825711, ..., 118.02190998,\n         53.16248681,  12.74524602],\n       [ 54.29633528, 102.51825711,   0.        , ..., 130.39398885,\n         59.87774486,  96.3199743 ],\n       ...,\n       [117.7833007 , 118.02190998, 130.39398885, ...,   0.        ,\n        116.45694834, 116.0975663 ],\n       [ 43.58127217,  53.16248681,  59.87774486, ..., 116.45694834,\n          0.        ,  52.21198288],\n       [ 61.71982942,  12.74524602,  96.3199743 , ..., 116.0975663 ,\n         52.21198288,   0.        ]])", "D_low": "array([[ 0.        , 12.19835828,  4.47456335, ..., 18.98475675,\n         5.02291065, 11.33679306],\n       [12.19835828,  0.        , 12.84765211, ..., 12.75352452,\n         8.15807995,  0.91454026],\n       [ 4.47456335, 12.84765211,  0.        , ..., 16.23024678,\n         4.72353484, 12.15303909],\n       ...,\n       [18.98475675, 12.75352452, 16.23024678, ...,  0.        ,\n        14.13181088, 13.20647266],\n       [ 5.02291065,  8.15807995,  4.72353484, ..., 14.13181088,\n         0.        ,  7.43835443],\n       [11.33679306,  0.91454026, 12.15303909, ..., 13.20647266,\n         7.43835443,  0.        ]])", "k": "35"}}