{"duration": 0.002187013626098633, "input_args": {"D_high": "array([[0.        , 0.33166248, 0.70710678, ..., 4.40227214, 4.71911009,\n        4.27317212],\n       [0.33166248, 0.        , 0.41231056, ..., 4.28835633, 4.63680925,\n        4.15331193],\n       [0.70710678, 0.41231056, 0.        , ..., 4.39317653, 4.77807493,\n        4.26380112],\n       ...,\n       [4.40227214, 4.28835633, 4.39317653, ..., 0.        , 0.57445626,\n        0.81240384],\n       [4.71911009, 4.63680925, 4.77807493, ..., 0.57445626, 0.        ,\n        1.13578167],\n       [4.27317212, 4.15331193, 4.26380112, ..., 0.81240384, 1.13578167,\n        0.        ]])", "D_low": "array([[0.        , 0.13233709, 0.21385543, ..., 5.50388747, 1.88531253,\n        5.36260632],\n       [0.13233709, 0.        , 0.32299938, ..., 5.44826281, 1.82376019,\n        5.31219024],\n       [0.21385543, 0.32299938, 0.        , ..., 5.70398496, 2.09073716,\n        5.55939864],\n       ...,\n       [5.50388747, 5.44826281, 5.70398496, ..., 0.        , 3.625663  ,\n        0.27050211],\n       [1.88531253, 1.82376019, 2.09073716, ..., 3.625663  , 0.        ,\n        3.4957299 ],\n       [5.36260632, 5.31219024, 5.55939864, ..., 0.27050211, 3.4957299 ,\n        0.        ]])"}}