{"duration": 0.0022547245025634766, "input_args": {"D_high": "array([[0.        , 0.53851648, 0.50990195, ..., 3.591657  , 5.63914887,\n        4.51995575],\n       [0.53851648, 0.        , 0.3       , ..., 3.47994253, 5.74717322,\n        4.52106182],\n       [0.50990195, 0.3       , 0.        , ..., 3.60832371, 5.89406481,\n        4.69361268],\n       ...,\n       [3.591657  , 3.47994253, 3.60832371, ..., 0.        , 3.1144823 ,\n        1.72336879],\n       [5.63914887, 5.74717322, 5.89406481, ..., 3.1144823 , 0.        ,\n        1.56524758],\n       [4.51995575, 4.52106182, 4.69361268, ..., 1.72336879, 1.56524758,\n        0.        ]])", "D_low": "array([[ 0.        ,  7.62518248,  5.03281971, ..., 12.04294824,\n        15.90046543, 17.45834548],\n       [ 7.62518248,  0.        ,  2.60781356, ..., 15.92095238,\n        12.49307649, 17.27777685],\n       [ 5.03281971,  2.60781356,  0.        , ..., 14.45199092,\n        13.4782017 , 17.18870095],\n       ...,\n       [12.04294824, 15.92095238, 14.45199092, ...,  0.        ,\n        13.47065073,  9.23489263],\n       [15.90046543, 12.49307649, 13.4782017 , ..., 13.47065073,\n         0.        ,  7.57236948],\n       [17.45834548, 17.27777685, 17.18870095, ...,  9.23489263,\n         7.57236948,  0.        ]])"}}