{"duration": 0.0020499229431152344, "input_args": {"D_high": "array([[0.        , 0.5       , 0.74833148, 0.53851648, 3.49714169,\n        3.47275107, 2.88963666, 2.99499583, 3.18747549, 2.89482297],\n       [0.5       , 0.        , 0.75498344, 0.6       , 3.69052842,\n        3.69459064, 3.12729915, 3.30756708, 3.43074336, 3.19530906],\n       [0.74833148, 0.75498344, 0.        , 1.11803399, 4.14125585,\n        4.14004831, 3.51994318, 3.60138862, 3.84707681, 3.48998567],\n       [0.53851648, 0.6       , 1.11803399, 0.        , 3.38526218,\n        3.31209903, 2.78926514, 2.94957624, 3.02820079, 2.91376046],\n       [3.49714169, 3.69052842, 4.14125585, 3.38526218, 0.        ,\n        0.55677644, 0.74833148, 1.12249722, 0.79372539, 1.08166538],\n       [3.47275107, 3.69459064, 4.14004831, 3.31209903, 0.55677644,\n        0.        , 0.71414284, 0.97467943, 0.37416574, 1.17473401],\n       [2.88963666, 3.12729915, 3.51994318, 2.78926514, 0.74833148,\n        0.71414284, 0.        , 0.58309519, 0.51961524, 0.67082039],\n       [2.99499583, 3.30756708, 3.60138862, 2.94957624, 1.12249722,\n        0.97467943, 0.58309519, 0.        , 0.72801099, 0.51961524],\n       [3.18747549, 3.43074336, 3.84707681, 3.02820079, 0.79372539,\n        0.37416574, 0.51961524, 0.72801099, 0.        , 1.02956301],\n       [2.89482297, 3.19530906, 3.48998567, 2.91376046, 1.08166538,\n        1.17473401, 0.67082039, 0.51961524, 1.02956301, 0.        ]])", "D_low": "array([[0.        , 1.47528783, 0.17874008, 0.19686672, 5.20074414,\n        5.55420408, 5.62320574, 5.22756478, 5.47011337, 5.60679495],\n       [1.47528783, 0.        , 1.35355692, 1.30354069, 5.88951606,\n        6.20653667, 6.3380727 , 5.88698757, 6.13215235, 6.28029255],\n       [0.17874008, 1.35355692, 0.        , 0.05878119, 5.13172724,\n        5.48139083, 5.55905874, 5.15468251, 5.39833891, 5.53695247],\n       [0.19686672, 1.30354069, 0.05878119, 0.        , 5.18221197,\n        5.53112644, 5.61036544, 5.20443969, 5.44828142, 5.58724355],\n       [5.20074414, 5.88951606, 5.13172724, 5.18221197, 0.        ,\n        0.37267498, 0.45329575, 0.12452816, 0.28239129, 0.40657618],\n       [5.55420408, 6.20653667, 5.48139083, 5.53112644, 0.37267498,\n        0.        , 0.30064547, 0.32671963, 0.09053484, 0.11413298],\n       [5.62320574, 6.3380727 , 5.55905874, 5.61036544, 0.45329575,\n        0.30064547, 0.        , 0.49123623, 0.29884475, 0.19280304],\n       [5.22756478, 5.88698757, 5.15468251, 5.20443969, 0.12452816,\n        0.32671963, 0.49123623, 0.        , 0.24578161, 0.39364472],\n       [5.47011337, 6.13215235, 5.39833891, 5.44828142, 0.28239129,\n        0.09053484, 0.29884475, 0.24578161, 0.        , 0.15214125],\n       [5.60679495, 6.28029255, 5.53695247, 5.58724355, 0.40657618,\n        0.11413298, 0.19280304, 0.39364472, 0.15214125, 0.        ]])"}}