{"duration": 0.0036950111389160156, "input_args": {"D_high": "array([[0.        , 1.25698051, 0.78740079, ..., 4.57602448, 4.79165942,\n        4.21781934],\n       [1.25698051, 0.        , 0.50990195, ..., 4.05215992, 4.25440948,\n        3.80657326],\n       [0.78740079, 0.50990195, 0.        , ..., 4.10609303, 4.32897216,\n        3.81182371],\n       ...,\n       [4.57602448, 4.05215992, 4.10609303, ..., 0.        , 0.6164414 ,\n        0.64031242],\n       [4.79165942, 4.25440948, 4.32897216, ..., 0.6164414 , 0.        ,\n        0.76811457],\n       [4.21781934, 3.80657326, 3.81182371, ..., 0.64031242, 0.76811457,\n        0.        ]])", "D_low": "array([[ 0.        ,  3.58568579,  3.40998855, ...,  6.20299496,\n         4.59197132, 11.58655677],\n       [ 3.58568579,  0.        ,  1.79854479, ...,  9.6496739 ,\n         8.13439208, 15.02930758],\n       [ 3.40998855,  1.79854479,  0.        , ...,  8.80052102,\n         7.49359552, 14.09029552],\n       ...,\n       [ 6.20299496,  9.6496739 ,  8.80052102, ...,  0.        ,\n         1.78222449,  5.38827494],\n       [ 4.59197132,  8.13439208,  7.49359552, ...,  1.78222449,\n         0.        ,  7.04582941],\n       [11.58655677, 15.02930758, 14.09029552, ...,  5.38827494,\n         7.04582941,  0.        ]])"}}