{"duration": 0.007270097732543945, "input_args": {"D_high": "array([[  0.        , 136.88299559, 144.63509711, ...,  53.53524373,\n        141.87200429, 141.91977723],\n       [136.88299559,   0.        ,  31.11839599, ..., 184.18305812,\n         45.52624475,  35.90271834],\n       [144.63509711,  31.11839599,   0.        , ..., 189.98133079,\n         39.42516501,  34.06235871],\n       ...,\n       [ 53.53524373, 184.18305812, 189.98133079, ...,   0.        ,\n        183.80014255, 184.46368641],\n       [141.87200429,  45.52624475,  39.42516501, ..., 183.80014255,\n          0.        ,  20.60302427],\n       [141.91977723,  35.90271834,  34.06235871, ..., 184.46368641,\n         20.60302427,   0.        ]])", "D_low": "array([[ 0.        , 13.94860659, 13.44834528, ...,  5.13367382,\n        15.82312789, 14.76420768],\n       [13.94860659,  0.        ,  4.17883379, ..., 19.05758691,\n         1.87676187,  0.93294279],\n       [13.44834528,  4.17883379,  0.        , ..., 18.25805423,\n         5.09501929,  4.04802226],\n       ...,\n       [ 5.13367382, 19.05758691, 18.25805423, ...,  0.        ,\n        20.93396469, 19.85714052],\n       [15.82312789,  1.87676187,  5.09501929, ..., 20.93396469,\n         0.        ,  1.2057992 ],\n       [14.76420768,  0.93294279,  4.04802226, ..., 19.85714052,\n         1.2057992 ,  0.        ]])"}}