{"duration": 0.035440921783447266, "input_args": {"D_high": "array([[  0.        ,  66.90348403,  54.29633528, ...,  50.39119964,\n         89.23943184,  61.27038404],\n       [ 66.90348403,   0.        , 102.51825711, ...,  26.11680932,\n         80.22894802,  38.63518149],\n       [ 54.29633528, 102.51825711,   0.        , ...,  85.13919448,\n         91.66838038,  76.41017076],\n       ...,\n       [ 50.39119964,  26.11680932,  85.13919448, ...,   0.        ,\n         86.1426327 ,  33.06672648],\n       [ 89.23943184,  80.22894802,  91.66838038, ...,  86.1426327 ,\n          0.        ,  65.05813008],\n       [ 61.27038404,  38.63518149,  76.41017076, ...,  33.06672648,\n         65.05813008,   0.        ]])", "D_low": "array([[ 0.        ,  8.9075502 ,  2.72080139, ...,  8.61520879,\n         8.28011588,  5.51417039],\n       [ 8.9075502 ,  0.        ,  8.35382408, ...,  1.8536722 ,\n        10.53521541,  3.7937417 ],\n       [ 2.72080139,  8.35382408,  0.        , ...,  8.64320029,\n         5.58139656,  5.86262111],\n       ...,\n       [ 8.61520879,  1.8536722 ,  8.64320029, ...,  0.        ,\n        11.68606302,  3.10951812],\n       [ 8.28011588, 10.53521541,  5.58139656, ..., 11.68606302,\n         0.        ,  9.90079798],\n       [ 5.51417039,  3.7937417 ,  5.86262111, ...,  3.10951812,\n         9.90079798,  0.        ]])"}}