{"duration": 0.017249107360839844, "input_args": {"D_high": "array([[0.        , 0.53851648, 0.50990195, ..., 4.45982062, 4.65080638,\n        4.14004831],\n       [0.53851648, 0.        , 0.3       , ..., 4.49888875, 4.71805044,\n        4.15331193],\n       [0.50990195, 0.3       , 0.        , ..., 4.66154481, 4.84871117,\n        4.29883705],\n       ...,\n       [4.45982062, 4.49888875, 4.66154481, ..., 0.        , 0.6164414 ,\n        0.64031242],\n       [4.65080638, 4.71805044, 4.84871117, ..., 0.6164414 , 0.        ,\n        0.76811457],\n       [4.14004831, 4.15331193, 4.29883705, ..., 0.64031242, 0.76811457,\n        0.        ]])", "D_low": "array([[0.        , 0.83879163, 1.2789668 , ..., 5.7490181 , 5.60312454,\n        6.05394475],\n       [0.83879163, 0.        , 0.4584379 , ..., 5.43648146, 5.3503131 ,\n        5.73563064],\n       [1.2789668 , 0.4584379 , 0.        , ..., 5.16705923, 5.11194941,\n        5.4612501 ],\n       ...,\n       [5.7490181 , 5.43648146, 5.16705923, ..., 0.        , 0.43432634,\n        0.30572431],\n       [5.60312454, 5.3503131 , 5.11194941, ..., 0.43432634, 0.        ,\n        0.63105053],\n       [6.05394475, 5.73563064, 5.4612501 , ..., 0.30572431, 0.63105053,\n        0.        ]])", "k": "28"}}