{"duration": 0.03346991539001465, "input_args": {"D_high": "array([[0.        , 0.53851648, 0.50990195, ..., 4.45982062, 4.65080638,\n        4.14004831],\n       [0.53851648, 0.        , 0.3       , ..., 4.49888875, 4.71805044,\n        4.15331193],\n       [0.50990195, 0.3       , 0.        , ..., 4.66154481, 4.84871117,\n        4.29883705],\n       ...,\n       [4.45982062, 4.49888875, 4.66154481, ..., 0.        , 0.6164414 ,\n        0.64031242],\n       [4.65080638, 4.71805044, 4.84871117, ..., 0.6164414 , 0.        ,\n        0.76811457],\n       [4.14004831, 4.15331193, 4.29883705, ..., 0.64031242, 0.76811457,\n        0.        ]])", "D_low": "array([[0.        , 2.92152984, 2.84851611, ..., 6.28369177, 6.32132165,\n        5.96076734],\n       [2.92152984, 0.        , 0.19882241, ..., 5.71380481, 5.59985427,\n        5.29744543],\n       [2.84851611, 0.19882241, 0.        , ..., 5.89272635, 5.78305573,\n        5.47778954],\n       ...,\n       [6.28369177, 5.71380481, 5.89272635, ..., 0.        , 0.32007588,\n        0.42601202],\n       [6.32132165, 5.59985427, 5.78305573, ..., 0.32007588, 0.        ,\n        0.36187591],\n       [5.96076734, 5.29744543, 5.47778954, ..., 0.42601202, 0.36187591,\n        0.        ]])", "k": "32"}}