{"duration": 0.0024597644805908203, "input_args": {"D_high": "array([[0.        , 0.33166248, 0.70710678, ..., 4.40227214, 4.71911009,\n        4.27317212],\n       [0.33166248, 0.        , 0.41231056, ..., 4.28835633, 4.63680925,\n        4.15331193],\n       [0.70710678, 0.41231056, 0.        , ..., 4.39317653, 4.77807493,\n        4.26380112],\n       ...,\n       [4.40227214, 4.28835633, 4.39317653, ..., 0.        , 0.57445626,\n        0.81240384],\n       [4.71911009, 4.63680925, 4.77807493, ..., 0.57445626, 0.        ,\n        1.13578167],\n       [4.27317212, 4.15331193, 4.26380112, ..., 0.81240384, 1.13578167,\n        0.        ]])", "D_low": "array([[0.        , 0.77813848, 0.64706222, ..., 4.87410207, 5.82392674,\n        5.48115919],\n       [0.77813848, 0.        , 0.1621358 , ..., 4.41251123, 5.41857494,\n        5.09660924],\n       [0.64706222, 0.1621358 , 0.        , ..., 4.55973168, 5.56002243,\n        5.23519054],\n       ...,\n       [4.87410207, 4.41251123, 4.55973168, ..., 0.        , 1.07596745,\n        0.87189573],\n       [5.82392674, 5.41857494, 5.56002243, ..., 1.07596745, 0.        ,\n        0.37345843],\n       [5.48115919, 5.09660924, 5.23519054, ..., 0.87189573, 0.37345843,\n        0.        ]])"}}