{"duration": 0.10439419746398926, "input_args": {"D_high": "array([[  0.        ,  66.90348403,  54.29633528, ..., 117.7833007 ,\n         43.58127217,  61.71982942],\n       [ 66.90348403,   0.        , 102.51825711, ..., 118.02190998,\n         53.16248681,  12.74524602],\n       [ 54.29633528, 102.51825711,   0.        , ..., 130.39398885,\n         59.87774486,  96.3199743 ],\n       ...,\n       [117.7833007 , 118.02190998, 130.39398885, ...,   0.        ,\n        116.45694834, 116.0975663 ],\n       [ 43.58127217,  53.16248681,  59.87774486, ..., 116.45694834,\n          0.        ,  52.21198288],\n       [ 61.71982942,  12.74524602,  96.3199743 , ..., 116.0975663 ,\n         52.21198288,   0.        ]])", "D_low": "array([[ 0.        , 17.26916642,  3.05384196, ..., 25.19912718,\n         9.62651119, 16.27137527],\n       [17.26916642,  0.        , 16.7330941 , ..., 15.61188322,\n         9.70632324,  1.13495736],\n       [ 3.05384196, 16.7330941 ,  0.        , ..., 26.51661744,\n         7.91649825, 15.65377433],\n       ...,\n       [25.19912718, 15.61188322, 26.51661744, ...,  0.        ,\n        22.76734245, 16.32744144],\n       [ 9.62651119,  9.70632324,  7.91649825, ..., 22.76734245,\n         0.        ,  8.57154408],\n       [16.27137527,  1.13495736, 15.65377433, ..., 16.32744144,\n         8.57154408,  0.        ]])"}}