{"duration": 0.0033121109008789062, "input_args": {"D_high": "array([[  0.        ,  63.23003439,  51.6526914 , ...,  66.22284519,\n         27.80260283, 159.45199265],\n       [ 63.23003439,   0.        ,  64.14069613, ...,  27.67658187,\n         52.44791055, 160.38731457],\n       [ 51.6526914 ,  64.14069613,   0.        , ...,  62.35925404,\n         42.98609637, 123.5982541 ],\n       ...,\n       [ 66.22284519,  27.67658187,  62.35925404, ...,   0.        ,\n         54.08764636, 159.7956386 ],\n       [ 27.80260283,  52.44791055,  42.98609637, ...,  54.08764636,\n          0.        , 157.90239317],\n       [159.45199265, 160.38731457, 123.5982541 , ..., 159.7956386 ,\n        157.90239317,   0.        ]])", "D_low": "array([[ 0.        , 15.82804464, 12.06568125, ..., 13.02631155,\n         2.08160585,  9.73447033],\n       [15.82804464,  0.        ,  6.68128285, ...,  3.47912793,\n        15.2987112 , 17.84405938],\n       [12.06568125,  6.68128285,  0.        , ...,  6.82839313,\n        10.80085451, 11.39641931],\n       ...,\n       [13.02631155,  3.47912793,  6.82839313, ...,  0.        ,\n        12.82346125, 16.6958747 ],\n       [ 2.08160585, 15.2987112 , 10.80085451, ..., 12.82346125,\n         0.        ,  7.72466889],\n       [ 9.73447033, 17.84405938, 11.39641931, ..., 16.6958747 ,\n         7.72466889,  0.        ]])"}}