{"duration": 0.0020017623901367188, "input_args": {"D_high": "array([[0.        , 0.5       , 0.2       , ..., 4.22018957, 4.45757782,\n        4.10609303],\n       [0.5       , 0.        , 0.55677644, ..., 4.23792402, 4.42040722,\n        4.1024383 ],\n       [0.2       , 0.55677644, 0.        , ..., 4.0484565 , 4.29534632,\n        3.95221457],\n       ...,\n       [4.22018957, 4.23792402, 4.0484565 , ..., 0.        , 0.58309519,\n        0.65574385],\n       [4.45757782, 4.42040722, 4.29534632, ..., 0.58309519, 0.        ,\n        0.64031242],\n       [4.10609303, 4.1024383 , 3.95221457, ..., 0.65574385, 0.64031242,\n        0.        ]])", "D_low": "array([[ 0.        ,  2.28499598,  0.88276723, ..., 10.01538658,\n         6.35321413, 11.72944363],\n       [ 2.28499598,  0.        ,  2.0608233 , ..., 11.72751824,\n         8.1556092 , 13.52616658],\n       [ 0.88276723,  2.0608233 ,  0.        , ...,  9.75077134,\n         6.1364192 , 11.52162569],\n       ...,\n       [10.01538658, 11.72751824,  9.75077134, ...,  0.        ,\n         3.67033343,  1.88500053],\n       [ 6.35321413,  8.1556092 ,  6.1364192 , ...,  3.67033343,\n         0.        ,  5.38827494],\n       [11.72944363, 13.52616658, 11.52162569, ...,  1.88500053,\n         5.38827494,  0.        ]])"}}