{"duration": 0.20238685607910156, "input_args": {"D_high": "array([[ 0.        , 11.87434209,  2.23606798, ..., 17.3781472 ,\n        12.9614814 , 13.89244399],\n       [11.87434209,  0.        , 11.3137085 , ..., 14.6628783 ,\n        11.78982612, 10.95445115],\n       [ 2.23606798, 11.3137085 ,  0.        , ..., 17.40689519,\n        12.76714533, 13.6381817 ],\n       ...,\n       [17.3781472 , 14.6628783 , 17.40689519, ...,  0.        ,\n         7.74596669,  8.18535277],\n       [12.9614814 , 11.78982612, 12.76714533, ...,  7.74596669,\n         0.        ,  3.31662479],\n       [13.89244399, 10.95445115, 13.6381817 , ...,  8.18535277,\n         3.31662479,  0.        ]])", "D_low": "array([[ 0.        ,  6.37440133,  2.61969412, ...,  7.50456887,\n         7.74752137,  7.85420773],\n       [ 6.37440133,  0.        ,  7.3368386 , ...,  7.40300049,\n         6.9900141 ,  6.95090044],\n       [ 2.61969412,  7.3368386 ,  0.        , ..., 10.05604695,\n        10.24008909, 10.33364112],\n       ...,\n       [ 7.50456887,  7.40300049, 10.05604695, ...,  0.        ,\n         0.76981678,  0.93837241],\n       [ 7.74752137,  6.9900141 , 10.24008909, ...,  0.76981678,\n         0.        ,  0.1741739 ],\n       [ 7.85420773,  6.95090044, 10.33364112, ...,  0.93837241,\n         0.1741739 ,  0.        ]])", "k": "50"}}