{"duration": 0.0022211074829101562, "input_args": {"D_high": "array([[0.        , 0.33166248, 0.70710678, ..., 4.40227214, 4.71911009,\n        4.27317212],\n       [0.33166248, 0.        , 0.41231056, ..., 4.28835633, 4.63680925,\n        4.15331193],\n       [0.70710678, 0.41231056, 0.        , ..., 4.39317653, 4.77807493,\n        4.26380112],\n       ...,\n       [4.40227214, 4.28835633, 4.39317653, ..., 0.        , 0.57445626,\n        0.81240384],\n       [4.71911009, 4.63680925, 4.77807493, ..., 0.57445626, 0.        ,\n        1.13578167],\n       [4.27317212, 4.15331193, 4.26380112, ..., 0.81240384, 1.13578167,\n        0.        ]])", "D_low": "array([[ 0.        ,  9.54490668, 15.25735612, ..., 14.81554522,\n        23.96590361, 17.51127784],\n       [ 9.54490668,  0.        , 12.62919515, ..., 18.64173602,\n        28.7413247 , 24.09949101],\n       [15.25735612, 12.62919515,  0.        , ..., 10.75104869,\n        19.66654061, 18.3158436 ],\n       ...,\n       [14.81554522, 18.64173602, 10.75104869, ...,  0.        ,\n        10.10312901,  7.65477723],\n       [23.96590361, 28.7413247 , 19.66654061, ..., 10.10312901,\n         0.        ,  7.8760336 ],\n       [17.51127784, 24.09949101, 18.3158436 , ...,  7.65477723,\n         7.8760336 ,  0.        ]])"}}