{"duration": 0.0024771690368652344, "input_args": {"D_high": "array([[0.        , 0.38729833, 0.52915026, 2.69443872, 2.65518361,\n        3.55246393, 5.17107339],\n       [0.38729833, 0.        , 0.33166248, 2.65518361, 2.64952826,\n        3.55387113, 5.25642464],\n       [0.52915026, 0.33166248, 0.        , 2.82488938, 2.75862284,\n        3.591657  , 5.2516664 ],\n       [2.69443872, 2.65518361, 2.82488938, 0.        , 0.67082039,\n        1.63707055, 3.51852242],\n       [2.65518361, 2.64952826, 2.75862284, 0.67082039, 0.        ,\n        1.10905365, 2.99499583],\n       [3.55246393, 3.55387113, 3.591657  , 1.63707055, 1.10905365,\n        0.        , 2.00499377],\n       [5.17107339, 5.25642464, 5.2516664 , 3.51852242, 2.99499583,\n        2.00499377, 0.        ]])", "D_low": "array([[ 0.        ,  0.98593155,  1.49069954, 20.90291585, 21.17746659,\n        14.89003868,  7.5318819 ],\n       [ 0.98593155,  0.        ,  1.97452851, 20.14045826, 20.46536977,\n        14.22358354,  6.60518231],\n       [ 1.49069954,  1.97452851,  0.        , 22.10192595, 22.43827903,\n        16.19727299,  8.4272726 ],\n       [20.90291585, 20.14045826, 22.10192595,  0.        ,  1.61955991,\n         6.44891848, 14.05267293],\n       [21.17746659, 20.46536977, 22.43827903,  1.61955991,  0.        ,\n         6.36652513, 14.63600026],\n       [14.89003868, 14.22358354, 16.19727299,  6.44891848,  6.36652513,\n         0.        ,  8.90716205],\n       [ 7.5318819 ,  6.60518231,  8.4272726 , 14.05267293, 14.63600026,\n         8.90716205,  0.        ]])"}}