{"duration": 0.03599691390991211, "input_args": {"D_high": "array([[  0.        ,  66.90348403,  54.29633528, ...,  50.39119964,\n         89.23943184,  61.27038404],\n       [ 66.90348403,   0.        , 102.51825711, ...,  26.11680932,\n         80.22894802,  38.63518149],\n       [ 54.29633528, 102.51825711,   0.        , ...,  85.13919448,\n         91.66838038,  76.41017076],\n       ...,\n       [ 50.39119964,  26.11680932,  85.13919448, ...,   0.        ,\n         86.1426327 ,  33.06672648],\n       [ 89.23943184,  80.22894802,  91.66838038, ...,  86.1426327 ,\n          0.        ,  65.05813008],\n       [ 61.27038404,  38.63518149,  76.41017076, ...,  33.06672648,\n         65.05813008,   0.        ]])", "D_low": "array([[ 0.        , 13.4212615 , 10.34615651, ...,  7.77615412,\n        20.34441357, 19.45069131],\n       [13.4212615 ,  0.        , 18.02393847, ...,  5.91975989,\n        23.48165285,  6.0539435 ],\n       [10.34615651, 18.02393847,  0.        , ..., 12.70081639,\n        10.46869309, 22.94628549],\n       ...,\n       [ 7.77615412,  5.91975989, 12.70081639, ...,  0.        ,\n        19.88004607, 11.80239233],\n       [20.34441357, 23.48165285, 10.46869309, ..., 19.88004607,\n         0.        , 26.53099499],\n       [19.45069131,  6.0539435 , 22.94628549, ..., 11.80239233,\n        26.53099499,  0.        ]])"}}