{"duration": 0.0021638870239257812, "input_args": {"D_high": "array([[0.        , 0.33166248, 0.70710678, ..., 4.40227214, 4.71911009,\n        4.27317212],\n       [0.33166248, 0.        , 0.41231056, ..., 4.28835633, 4.63680925,\n        4.15331193],\n       [0.70710678, 0.41231056, 0.        , ..., 4.39317653, 4.77807493,\n        4.26380112],\n       ...,\n       [4.40227214, 4.28835633, 4.39317653, ..., 0.        , 0.57445626,\n        0.81240384],\n       [4.71911009, 4.63680925, 4.77807493, ..., 0.57445626, 0.        ,\n        1.13578167],\n       [4.27317212, 4.15331193, 4.26380112, ..., 0.81240384, 1.13578167,\n        0.        ]])", "D_low": "array([[ 0.        ,  0.89486919, 33.55587458, ..., 37.65416977,\n        41.83135805, 22.95758815],\n       [ 0.89486919,  0.        , 32.66112683, ..., 37.03248051,\n        41.19103945, 22.96018131],\n       [33.55587458, 32.66112683,  0.        , ..., 27.26970674,\n        28.65384718, 40.0306161 ],\n       ...,\n       [37.65416977, 37.03248051, 27.26970674, ...,  0.        ,\n         4.32535545, 26.30124109],\n       [41.83135805, 41.19103945, 28.65384718, ...,  4.32535545,\n         0.        , 30.37663494],\n       [22.95758815, 22.96018131, 40.0306161 , ..., 26.30124109,\n        30.37663494,  0.        ]])"}}