{"duration": 0.020714998245239258, "input_args": {"D_high": "array([[  0.        ,  78.51486107,  69.20815273, ...,  69.73493016,\n         71.7084146 ,  59.3410676 ],\n       [ 78.51486107,   0.        ,  52.82187071, ..., 116.13798098,\n         25.56589605,  57.21757619],\n       [ 69.20815273,  52.82187071,   0.        , ..., 115.90542006,\n         47.68584545,  27.4294094 ],\n       ...,\n       [ 69.73493016, 116.13798098, 115.90542006, ...,   0.        ,\n        116.45694834, 116.0975663 ],\n       [ 71.7084146 ,  25.56589605,  47.68584545, ..., 116.45694834,\n          0.        ,  52.21198288],\n       [ 59.3410676 ,  57.21757619,  27.4294094 , ..., 116.0975663 ,\n         52.21198288,   0.        ]])", "D_low": "array([[ 0.        , 18.01232748,  8.39016152, ..., 10.18037352,\n        17.02559613,  8.65969835],\n       [18.01232748,  0.        , 11.47615454, ..., 24.7457374 ,\n         2.93505416,  9.35277322],\n       [ 8.39016152, 11.47615454,  0.        , ..., 13.26978035,\n         9.6189196 ,  4.31070488],\n       ...,\n       [10.18037352, 24.7457374 , 13.26978035, ...,  0.        ,\n        22.76734245, 16.32744144],\n       [17.02559613,  2.93505416,  9.6189196 , ..., 22.76734245,\n         0.        ,  8.57154408],\n       [ 8.65969835,  9.35277322,  4.31070488, ..., 16.32744144,\n         8.57154408,  0.        ]])"}}