{"duration": 0.013870716094970703, "input_args": {"D_high": "array([[ 0.        , 11.87434209,  2.23606798, ...,  2.82842712,\n        16.91153453,  4.47213595],\n       [11.87434209,  0.        , 11.3137085 , ..., 12.20655562,\n        10.34408043, 12.68857754],\n       [ 2.23606798, 11.3137085 ,  0.        , ...,  2.23606798,\n        16.88194302,  3.        ],\n       ...,\n       [ 2.82842712, 12.20655562,  2.23606798, ...,  0.        ,\n        17.94435844,  2.        ],\n       [16.91153453, 10.34408043, 16.88194302, ..., 17.94435844,\n         0.        , 18.60107524],\n       [ 4.47213595, 12.68857754,  3.        , ...,  2.        ,\n        18.60107524,  0.        ]])", "D_low": "array([[ 0.        ,  8.01675324,  7.52641471, ..., 10.19858149,\n        10.7155836 , 14.75932166],\n       [ 8.01675324,  0.        ,  9.85995616, ..., 17.58494125,\n         3.97068727, 21.96836174],\n       [ 7.52641471,  9.85995616,  0.        , ..., 16.21577727,\n        13.80010983, 13.99073596],\n       ...,\n       [10.19858149, 17.58494125, 16.21577727, ...,  0.        ,\n        19.06697341, 13.52925956],\n       [10.7155836 ,  3.97068727, 13.80010983, ..., 19.06697341,\n         0.        , 25.28972312],\n       [14.75932166, 21.96836174, 13.99073596, ..., 13.52925956,\n        25.28972312,  0.        ]])"}}