{"duration": 0.04083395004272461, "input_args": {"D_high": "array([[  0.        ,  66.90348403,  54.29633528, ...,  50.39119964,\n         89.23943184,  61.27038404],\n       [ 66.90348403,   0.        , 102.51825711, ...,  26.11680932,\n         80.22894802,  38.63518149],\n       [ 54.29633528, 102.51825711,   0.        , ...,  85.13919448,\n         91.66838038,  76.41017076],\n       ...,\n       [ 50.39119964,  26.11680932,  85.13919448, ...,   0.        ,\n         86.1426327 ,  33.06672648],\n       [ 89.23943184,  80.22894802,  91.66838038, ...,  86.1426327 ,\n          0.        ,  65.05813008],\n       [ 61.27038404,  38.63518149,  76.41017076, ...,  33.06672648,\n         65.05813008,   0.        ]])", "D_low": "array([[ 0.        , 14.89571714, 13.75834053, ...,  6.45357466,\n         8.92128102, 18.18894988],\n       [14.89571714,  0.        , 18.41285418, ...,  9.51487357,\n        22.47240035,  6.40473192],\n       [13.75834053, 18.41285418,  0.        , ..., 16.70579465,\n        12.10673985, 16.57792265],\n       ...,\n       [ 6.45357466,  9.51487357, 16.70579465, ...,  0.        ,\n        15.26076522, 14.37732273],\n       [ 8.92128102, 22.47240035, 12.10673985, ..., 15.26076522,\n         0.        , 24.00941896],\n       [18.18894988,  6.40473192, 16.57792265, ..., 14.37732273,\n        24.00941896,  0.        ]])"}}