{"duration": 0.002418994903564453, "input_args": {"D_high": "array([[  0.        , 136.88299559, 144.63509711, ...,  53.53524373,\n        141.87200429, 141.91977723],\n       [136.88299559,   0.        ,  31.11839599, ..., 184.18305812,\n         45.52624475,  35.90271834],\n       [144.63509711,  31.11839599,   0.        , ..., 189.98133079,\n         39.42516501,  34.06235871],\n       ...,\n       [ 53.53524373, 184.18305812, 189.98133079, ...,   0.        ,\n        183.80014255, 184.46368641],\n       [141.87200429,  45.52624475,  39.42516501, ..., 183.80014255,\n          0.        ,  20.60302427],\n       [141.91977723,  35.90271834,  34.06235871, ..., 184.46368641,\n         20.60302427,   0.        ]])", "D_low": "array([[ 0.        , 13.78999475, 12.63280619, ...,  5.00450131,\n        16.67924914, 16.07191062],\n       [13.78999475,  0.        ,  1.73588705, ..., 18.72217034,\n         6.59125522,  6.65040027],\n       [12.63280619,  1.73588705,  0.        , ..., 17.48000054,\n         5.88115043,  5.74815001],\n       ...,\n       [ 5.00450131, 18.72217034, 17.48000054, ...,  0.        ,\n        21.01897317, 20.35063921],\n       [16.67924914,  6.59125522,  5.88115043, ..., 21.01897317,\n         0.        ,  0.77679972],\n       [16.07191062,  6.65040027,  5.74815001, ..., 20.35063921,\n         0.77679972,  0.        ]])"}}