{"duration": 0.004861116409301758, "input_args": {"D_high": "array([[ 0.        , 10.19803903, 12.489996  , ..., 14.38749457,\n        14.28285686, 13.52774926],\n       [10.19803903,  0.        , 14.2126704 , ..., 15.65247584,\n        17.3781472 , 15.96871942],\n       [12.489996  , 14.2126704 ,  0.        , ..., 18.46618531,\n        19.33907961, 17.17556404],\n       ...,\n       [14.38749457, 15.65247584, 18.46618531, ...,  0.        ,\n         4.12310563,  3.16227766],\n       [14.28285686, 17.3781472 , 19.33907961, ...,  4.12310563,\n         0.        ,  4.35889894],\n       [13.52774926, 15.96871942, 17.17556404, ...,  3.16227766,\n         4.35889894,  0.        ]])", "D_low": "array([[ 0.        ,  3.02205044,  6.35407654, ...,  6.78921701,\n        15.98163608,  6.41440103],\n       [ 3.02205044,  0.        ,  7.77308389, ...,  7.6075539 ,\n        18.38178671,  9.11147745],\n       [ 6.35407654,  7.77308389,  0.        , ..., 12.93962864,\n        19.45963051, 10.18863662],\n       ...,\n       [ 6.78921701,  7.6075539 , 12.93962864, ...,  0.        ,\n        12.24547413,  5.99546565],\n       [15.98163608, 18.38178671, 19.45963051, ..., 12.24547413,\n         0.        ,  9.67664914],\n       [ 6.41440103,  9.11147745, 10.18863662, ...,  5.99546565,\n         9.67664914,  0.        ]])"}}