{"duration": 0.004967212677001953, "input_args": {"D_high": "array([[  0.        ,  77.93464827, 115.40589995, ..., 101.71684227,\n        201.12626702,  59.67790051],\n       [ 77.93464827,   0.        ,  83.43747073, ...,  38.98205746,\n        183.93333012,  21.17286036],\n       [115.40589995,  83.43747073,   0.        , ...,  68.4928943 ,\n        207.62569195,  85.47655366],\n       ...,\n       [101.71684227,  38.98205746,  68.4928943 , ...,   0.        ,\n        189.87669905,  46.59966957],\n       [201.12626702, 183.93333012, 207.62569195, ..., 189.87669905,\n          0.        , 186.26121056],\n       [ 59.67790051,  21.17286036,  85.47655366, ...,  46.59966957,\n        186.26121056,   0.        ]])", "D_low": "array([[ 0.        , 11.75396588, 19.28875072, ..., 13.15520477,\n        19.76704702, 10.06171908],\n       [11.75396588,  0.        , 21.73850599, ..., 16.96377112,\n         8.80761656,  2.18150465],\n       [19.28875072, 21.73850599,  0.        , ...,  6.13462977,\n        22.81126062, 22.14031119],\n       ...,\n       [13.15520477, 16.96377112,  6.13462977, ...,  0.        ,\n        20.05050624, 16.96282242],\n       [19.76704702,  8.80761656, 22.81126062, ..., 20.05050624,\n         0.        , 10.98615255],\n       [10.06171908,  2.18150465, 22.14031119, ..., 16.96282242,\n        10.98615255,  0.        ]])"}}