{"duration": 0.012207269668579102, "input_args": {"D_high": "array([[ 0.        , 11.87434209,  2.23606798, ...,  2.82842712,\n        16.91153453,  4.47213595],\n       [11.87434209,  0.        , 11.3137085 , ..., 12.20655562,\n        10.34408043, 12.68857754],\n       [ 2.23606798, 11.3137085 ,  0.        , ...,  2.23606798,\n        16.88194302,  3.        ],\n       ...,\n       [ 2.82842712, 12.20655562,  2.23606798, ...,  0.        ,\n        17.94435844,  2.        ],\n       [16.91153453, 10.34408043, 16.88194302, ..., 17.94435844,\n         0.        , 18.60107524],\n       [ 4.47213595, 12.68857754,  3.        , ...,  2.        ,\n        18.60107524,  0.        ]])", "D_low": "array([[ 0.        ,  4.81909803,  4.35878888, ...,  4.76599709,\n         6.3946388 ,  9.23327867],\n       [ 4.81909803,  0.        ,  9.05398392, ...,  8.59969855,\n         3.58915418, 13.52048265],\n       [ 4.35878888,  9.05398392,  0.        , ...,  5.32798737,\n        10.66595829,  7.41353838],\n       ...,\n       [ 4.76599709,  8.59969855,  5.32798737, ...,  0.        ,\n         8.22544162,  4.9778191 ],\n       [ 6.3946388 ,  3.58915418, 10.66595829, ...,  8.22544162,\n         0.        , 13.11601291],\n       [ 9.23327867, 13.52048265,  7.41353838, ...,  4.9778191 ,\n        13.11601291,  0.        ]])"}}