{"duration": 0.0016140937805175781, "input_args": {"D_high": "array([[0.        , 0.58309519, 1.47986486, 3.25115364, 3.77756535,\n        3.52987252, 3.29393382, 3.21403174, 3.18433667, 2.54754784,\n        2.97657521, 4.70956474, 4.29068759],\n       [0.58309519, 0.        , 1.3       , 3.70540146, 4.2626283 ,\n        3.92428337, 3.75099987, 3.69188299, 3.61109402, 2.97489496,\n        3.43511281, 5.13419906, 4.69574275],\n       [1.47986486, 1.3       , 0.        , 4.01248053, 4.5607017 ,\n        4.15571895, 3.89615195, 3.96484552, 3.78021163, 3.06920185,\n        3.64005494, 5.3244718 , 4.94165964],\n       [3.25115364, 3.70540146, 4.01248053, 0.        , 0.64807407,\n        0.65574385, 0.6164414 , 0.31622777, 0.5       , 1.02956301,\n        0.45825757, 1.49331845, 1.13137085],\n       [3.77756535, 4.2626283 , 4.5607017 , 0.64807407, 0.        ,\n        1.05356538, 0.92736185, 0.6       , 1.00498756, 1.56843871,\n        0.96436508, 1.21243557, 1.02956301],\n       [3.52987252, 3.92428337, 4.15571895, 0.65574385, 1.05356538,\n        0.        , 0.75498344, 0.92195445, 0.52915026, 1.19582607,\n        0.82462113, 1.2489996 , 0.8660254 ],\n       [3.29393382, 3.75099987, 3.89615195, 0.6164414 , 0.92736185,\n        0.75498344, 0.        , 0.64807407, 0.38729833, 0.86023253,\n        0.43588989, 1.55241747, 1.34907376],\n       [3.21403174, 3.69188299, 3.96484552, 0.31622777, 0.6       ,\n        0.92195445, 0.64807407, 0.        , 0.6244998 , 1.00995049,\n        0.43588989, 1.61554944, 1.30384048],\n       [3.18433667, 3.61109402, 3.78021163, 0.5       , 1.00498756,\n        0.52915026, 0.38729833, 0.6244998 , 0.        , 0.72801099,\n        0.34641016, 1.56204994, 1.23693169],\n       [2.54754784, 2.97489496, 3.06920185, 1.02956301, 1.56843871,\n        1.19582607, 0.86023253, 1.00995049, 0.72801099, 0.        ,\n        0.60827625, 2.27815715, 1.94422221],\n       [2.97657521, 3.43511281, 3.64005494, 0.45825757, 0.96436508,\n        0.82462113, 0.43588989, 0.43588989, 0.34641016, 0.60827625,\n        0.        , 1.77763888, 1.45945195],\n       [4.70956474, 5.13419906, 5.3244718 , 1.49331845, 1.21243557,\n        1.2489996 , 1.55241747, 1.61554944, 1.56204994, 2.27815715,\n        1.77763888, 0.        , 0.55677644],\n       [4.29068759, 4.69574275, 4.94165964, 1.13137085, 1.02956301,\n        0.8660254 , 1.34907376, 1.30384048, 1.23693169, 1.94422221,\n        1.45945195, 0.55677644, 0.        ]])", "D_low": "array([[0.        , 0.44405752, 0.5522789 , 6.06315748, 5.83728374,\n        5.45725006, 6.01807829, 6.30570822, 5.18748309, 5.83234436,\n        5.39656684, 5.6080256 , 5.76919165],\n       [0.44405752, 0.        , 0.95603777, 5.88419942, 5.69091295,\n        5.27378117, 5.82306775, 6.13253915, 4.9739454 , 5.63923291,\n        5.28217148, 5.4735559 , 5.651485  ],\n       [0.5522789 , 0.95603777, 0.        , 6.01891373, 5.75186512,\n        5.42393754, 5.99584174, 6.25204573, 5.19772411, 5.80892625,\n        5.27414085, 5.50917106, 5.64774114],\n       [6.06315748, 5.88419942, 6.01891373, 0.        , 0.50809686,\n        0.611804  , 0.24288566, 0.26038616, 1.01349737, 0.31443354,\n        1.07709807, 0.7531309 , 0.89462055],\n       [5.83728374, 5.69091295, 5.75186512, 0.50809686, 0.        ,\n        0.63992809, 0.71073273, 0.5977142 , 1.12703546, 0.65568833,\n        0.59606429, 0.27462945, 0.39158897],\n       [5.45725006, 5.27378117, 5.42393754, 0.611804  , 0.63992809,\n        0.        , 0.57852982, 0.86657383, 0.48727586, 0.39366277,\n        0.88444841, 0.66789187, 0.93746003],\n       [6.01807829, 5.82306775, 5.99584174, 0.24288566, 0.71073273,\n        0.57852982, 0.        , 0.4436092 , 0.87902226, 0.1869571 ,\n        1.23505598, 0.92301364, 1.10231109],\n       [6.30570822, 6.13253915, 6.25204573, 0.26038616, 0.5977142 ,\n        0.86657383, 0.4436092 , 0.        , 1.27276646, 0.56618128,\n        1.19377777, 0.87071906, 0.93807535],\n       [5.18748309, 4.9739454 , 5.19772411, 1.01349737, 1.12703546,\n        0.48727586, 0.87902226, 1.27276646, 0.        , 0.71253167,\n        1.27904765, 1.1260258 , 1.4034438 ],\n       [5.83234436, 5.63923291, 5.80892625, 0.31443354, 0.65568833,\n        0.39366277, 0.1869571 , 0.56618128, 0.71253167, 0.        ,\n        1.11889933, 0.8246055 , 1.03824815],\n       [5.39656684, 5.28217148, 5.27414085, 1.07709807, 0.59606429,\n        0.88444841, 1.23505598, 1.19377777, 1.27904765, 1.11889933,\n        0.        , 0.32594347, 0.37369136],\n       [5.6080256 , 5.4735559 , 5.50917106, 0.7531309 , 0.27462945,\n        0.66789187, 0.92301364, 0.87071906, 1.1260258 , 0.8246055 ,\n        0.32594347, 0.        , 0.27897158],\n       [5.76919165, 5.651485  , 5.64774114, 0.89462055, 0.39158897,\n        0.93746003, 1.10231109, 0.93807535, 1.4034438 , 1.03824815,\n        0.37369136, 0.27897158, 0.        ]])"}}