{"duration": 0.006937980651855469, "input_args": {"D_high": "array([[  0.        ,  99.03767478, 222.48737404, ...,  68.05106924,\n         70.4634419 ,  60.21040362],\n       [ 99.03767478,   0.        , 164.71032149, ...,  64.29096437,\n         79.46048483,  91.05102311],\n       [222.48737404, 164.71032149,   0.        , ..., 171.03618466,\n        234.92428202, 228.54251158],\n       ...,\n       [ 68.05106924,  64.29096437, 171.03618466, ...,   0.        ,\n         81.67068317,  66.23426945],\n       [ 70.4634419 ,  79.46048483, 234.92428202, ...,  81.67068317,\n          0.        ,  43.77778089],\n       [ 60.21040362,  91.05102311, 228.54251158, ...,  66.23426945,\n         43.77778089,   0.        ]])", "D_low": "array([[ 0.        , 13.24967351, 10.3724599 , ...,  6.34966585,\n        13.6984678 , 12.61879492],\n       [13.24967351,  0.        , 16.46387896, ...,  8.370468  ,\n         9.91244928, 12.98179781],\n       [10.3724599 , 16.46387896,  0.        , ...,  8.78693548,\n        21.91314972, 22.09086118],\n       ...,\n       [ 6.34966585,  8.370468  ,  8.78693548, ...,  0.        ,\n        13.31504613, 14.13861845],\n       [13.6984678 ,  9.91244928, 21.91314972, ..., 13.31504613,\n         0.        ,  4.04709705],\n       [12.61879492, 12.98179781, 22.09086118, ..., 14.13861845,\n         4.04709705,  0.        ]])"}}