{"duration": 0.0021390914916992188, "input_args": {"D_high": "array([[0.        , 0.53851648, 0.50990195, ..., 3.591657  , 5.63914887,\n        4.51995575],\n       [0.53851648, 0.        , 0.3       , ..., 3.47994253, 5.74717322,\n        4.52106182],\n       [0.50990195, 0.3       , 0.        , ..., 3.60832371, 5.89406481,\n        4.69361268],\n       ...,\n       [3.591657  , 3.47994253, 3.60832371, ..., 0.        , 3.1144823 ,\n        1.72336879],\n       [5.63914887, 5.74717322, 5.89406481, ..., 3.1144823 , 0.        ,\n        1.56524758],\n       [4.51995575, 4.52106182, 4.69361268, ..., 1.72336879, 1.56524758,\n        0.        ]])", "D_low": "array([[0.        , 0.42292203, 0.36972847, ..., 7.97656262, 7.13922103,\n        6.99483485],\n       [0.42292203, 0.        , 0.65902528, ..., 8.26497707, 7.52847148,\n        7.33389823],\n       [0.36972847, 0.65902528, 0.        , ..., 7.62921783, 6.87810789,\n        6.6770468 ],\n       ...,\n       [7.97656262, 8.26497707, 7.62921783, ..., 0.        , 3.30148236,\n        1.66987238],\n       [7.13922103, 7.52847148, 6.87810789, ..., 3.30148236, 0.        ,\n        1.73531735],\n       [6.99483485, 7.33389823, 6.6770468 , ..., 1.66987238, 1.73531735,\n        0.        ]])"}}