{"duration": 0.002249002456665039, "input_args": {"D_high": "array([[0.        , 0.5       , 0.74833148, 0.53851648, 3.49714169,\n        3.47275107, 2.88963666, 2.99499583, 3.18747549, 2.89482297],\n       [0.5       , 0.        , 0.75498344, 0.6       , 3.69052842,\n        3.69459064, 3.12729915, 3.30756708, 3.43074336, 3.19530906],\n       [0.74833148, 0.75498344, 0.        , 1.11803399, 4.14125585,\n        4.14004831, 3.51994318, 3.60138862, 3.84707681, 3.48998567],\n       [0.53851648, 0.6       , 1.11803399, 0.        , 3.38526218,\n        3.31209903, 2.78926514, 2.94957624, 3.02820079, 2.91376046],\n       [3.49714169, 3.69052842, 4.14125585, 3.38526218, 0.        ,\n        0.55677644, 0.74833148, 1.12249722, 0.79372539, 1.08166538],\n       [3.47275107, 3.69459064, 4.14004831, 3.31209903, 0.55677644,\n        0.        , 0.71414284, 0.97467943, 0.37416574, 1.17473401],\n       [2.88963666, 3.12729915, 3.51994318, 2.78926514, 0.74833148,\n        0.71414284, 0.        , 0.58309519, 0.51961524, 0.67082039],\n       [2.99499583, 3.30756708, 3.60138862, 2.94957624, 1.12249722,\n        0.97467943, 0.58309519, 0.        , 0.72801099, 0.51961524],\n       [3.18747549, 3.43074336, 3.84707681, 3.02820079, 0.79372539,\n        0.37416574, 0.51961524, 0.72801099, 0.        , 1.02956301],\n       [2.89482297, 3.19530906, 3.48998567, 2.91376046, 1.08166538,\n        1.17473401, 0.67082039, 0.51961524, 1.02956301, 0.        ]])", "D_low": "array([[ 0.        ,  4.76453593,  3.40682657,  8.90785225, 15.19460759,\n        16.66552418, 21.87543984, 26.44345484, 16.5096814 , 23.9438115 ],\n       [ 4.76453593,  0.        ,  3.79082369,  4.27203797, 10.50843049,\n        11.91368867, 18.5641261 , 22.64135945, 11.77711892, 20.34332889],\n       [ 3.40682657,  3.79082369,  0.        ,  7.86039049, 12.93663342,\n        15.00904399, 18.54013549, 23.2332312 , 14.96973675, 20.67341056],\n       [ 8.90785225,  4.27203797,  7.86039049,  0.        ,  7.24414103,\n         7.84932781, 17.60064349, 20.83281518,  7.6390405 , 18.90363529],\n       [15.19460759, 10.50843049, 12.93663342,  7.24414103,  0.        ,\n         3.68051046, 12.23794285, 14.24707586,  4.14024849, 12.80916758],\n       [16.66552418, 11.91368867, 15.00904399,  7.84932781,  3.68051046,\n         0.        , 15.46647373, 16.62746708,  0.61859758, 15.64467707],\n       [21.87543984, 18.5641261 , 18.54013549, 17.60064349, 12.23794285,\n        15.46647373,  0.        ,  5.53950489, 16.04952575,  2.68101736],\n       [26.44345484, 22.64135945, 23.2332312 , 20.83281518, 14.24707586,\n        16.62746708,  5.53950489,  0.        , 17.24604614,  2.86727108],\n       [16.5096814 , 11.77711892, 14.96973675,  7.6390405 ,  4.14024849,\n         0.61859758, 16.04952575, 17.24604614,  0.        , 16.25417486],\n       [23.9438115 , 20.34332889, 20.67341056, 18.90363529, 12.80916758,\n        15.64467707,  2.68101736,  2.86727108, 16.25417486,  0.        ]])"}}