{"duration": 0.012164115905761719, "input_args": {"D_high": "array([[ 0.        , 11.87434209,  2.23606798, ...,  2.82842712,\n        16.91153453,  4.47213595],\n       [11.87434209,  0.        , 11.3137085 , ..., 12.20655562,\n        10.34408043, 12.68857754],\n       [ 2.23606798, 11.3137085 ,  0.        , ...,  2.23606798,\n        16.88194302,  3.        ],\n       ...,\n       [ 2.82842712, 12.20655562,  2.23606798, ...,  0.        ,\n        17.94435844,  2.        ],\n       [16.91153453, 10.34408043, 16.88194302, ..., 17.94435844,\n         0.        , 18.60107524],\n       [ 4.47213595, 12.68857754,  3.        , ...,  2.        ,\n        18.60107524,  0.        ]])", "D_low": "array([[ 0.        ,  6.90425187,  0.87523346, ...,  7.35630368,\n         5.35332941,  7.40560437],\n       [ 6.90425187,  0.        ,  6.23012418, ..., 14.24180015,\n         4.46696431, 13.68641944],\n       [ 0.87523346,  6.23012418,  0.        , ...,  8.11640539,\n         5.23495119,  7.73189521],\n       ...,\n       [ 7.35630368, 14.24180015,  8.11640539, ...,  0.        ,\n        11.71756481,  5.03114699],\n       [ 5.35332941,  4.46696431,  5.23495119, ..., 11.71756481,\n         0.        , 12.73995085],\n       [ 7.40560437, 13.68641944,  7.73189521, ...,  5.03114699,\n        12.73995085,  0.        ]])"}}