{"duration": 0.0063419342041015625, "input_args": {"D_high": "array([[  0.        ,  84.1961696 ,  77.77817558, ..., 164.25094499,\n         96.7953527 , 143.21994847],\n       [ 84.1961696 ,   0.        , 123.13577912, ..., 226.59142528,\n         74.06281237, 214.02748194],\n       [ 77.77817558, 123.13577912,   0.        , ..., 111.20643942,\n         90.52153753, 101.51019271],\n       ...,\n       [164.25094499, 226.59142528, 111.20643942, ...,   0.        ,\n        189.87669905,  46.59966957],\n       [ 96.7953527 ,  74.06281237,  90.52153753, ..., 189.87669905,\n          0.        , 186.26121056],\n       [143.21994847, 214.02748194, 101.51019271, ...,  46.59966957,\n        186.26121056,   0.        ]])", "D_low": "array([[ 0.        , 14.75931402,  8.66974415, ..., 27.0599716 ,\n        11.89762862, 17.89743687],\n       [14.75931402,  0.        , 18.51463427, ..., 25.74169534,\n         2.96616769,  8.88061209],\n       [ 8.66974415, 18.51463427,  0.        , ..., 20.26940139,\n        16.39193011, 17.249425  ],\n       ...,\n       [27.0599716 , 25.74169534, 20.26940139, ...,  0.        ,\n        26.0354888 , 17.40511223],\n       [11.89762862,  2.96616769, 16.39193011, ..., 26.0354888 ,\n         0.        , 10.23048796],\n       [17.89743687,  8.88061209, 17.249425  , ..., 17.40511223,\n        10.23048796,  0.        ]])"}}