{"duration": 0.0018999576568603516, "input_args": {"D_high": "array([[0.        , 0.38729833, 0.52915026, 2.69443872, 2.65518361,\n        3.55246393, 5.17107339],\n       [0.38729833, 0.        , 0.33166248, 2.65518361, 2.64952826,\n        3.55387113, 5.25642464],\n       [0.52915026, 0.33166248, 0.        , 2.82488938, 2.75862284,\n        3.591657  , 5.2516664 ],\n       [2.69443872, 2.65518361, 2.82488938, 0.        , 0.67082039,\n        1.63707055, 3.51852242],\n       [2.65518361, 2.64952826, 2.75862284, 0.67082039, 0.        ,\n        1.10905365, 2.99499583],\n       [3.55246393, 3.55387113, 3.591657  , 1.63707055, 1.10905365,\n        0.        , 2.00499377],\n       [5.17107339, 5.25642464, 5.2516664 , 3.51852242, 2.99499583,\n        2.00499377, 0.        ]])", "D_low": "array([[0.        , 0.90712435, 0.6806712 , 4.40523351, 4.41332391,\n        4.48227367, 5.11237565],\n       [0.90712435, 0.        , 0.85977945, 5.24919967, 5.25659332,\n        5.32277333, 5.96971626],\n       [0.6806712 , 0.85977945, 0.        , 4.94513117, 4.95405579,\n        5.02600549, 5.62904575],\n       [4.40523351, 5.24919967, 4.94513117, 0.        , 0.01269424,\n        0.09035922, 0.74703281],\n       [4.41332391, 5.25659332, 4.95405579, 0.01269424, 0.        ,\n        0.07843752, 0.74295217],\n       [4.48227367, 5.32277333, 5.02600549, 0.09035922, 0.07843752,\n        0.        , 0.69522866],\n       [5.11237565, 5.96971626, 5.62904575, 0.74703281, 0.74295217,\n        0.69522866, 0.        ]])"}}