{"duration": 0.0022499561309814453, "input_args": {"D_high": "array([[  0.        , 136.88299559, 144.63509711, ...,  53.53524373,\n        141.87200429, 141.91977723],\n       [136.88299559,   0.        ,  31.11839599, ..., 184.18305812,\n         45.52624475,  35.90271834],\n       [144.63509711,  31.11839599,   0.        , ..., 189.98133079,\n         39.42516501,  34.06235871],\n       ...,\n       [ 53.53524373, 184.18305812, 189.98133079, ...,   0.        ,\n        183.80014255, 184.46368641],\n       [141.87200429,  45.52624475,  39.42516501, ..., 183.80014255,\n          0.        ,  20.60302427],\n       [141.91977723,  35.90271834,  34.06235871, ..., 184.46368641,\n         20.60302427,   0.        ]])", "D_low": "array([[ 0.        , 12.90559611, 13.7649965 , ...,  2.42706634,\n        16.62172743, 15.82200698],\n       [12.90559611,  0.        ,  2.33721084, ..., 14.80774629,\n         3.79237312,  2.92905437],\n       [13.7649965 ,  2.33721084,  0.        , ..., 15.87004745,\n         4.32300096,  2.95868131],\n       ...,\n       [ 2.42706634, 14.80774629, 15.87004745, ...,  0.        ,\n        18.42908624, 17.73675432],\n       [16.62172743,  3.79237312,  4.32300096, ..., 18.42908624,\n         0.        ,  1.39756292],\n       [15.82200698,  2.92905437,  2.95868131, ..., 17.73675432,\n         1.39756292,  0.        ]])"}}