{"duration": 0.03732490539550781, "input_args": {"D_high": "array([[  0.        ,  77.93464827, 115.40589995, ..., 128.91608086,\n         71.42824327,  88.2669252 ],\n       [ 77.93464827,   0.        ,  83.43747073, ..., 114.70143766,\n         44.29446946,  17.10820975],\n       [115.40589995,  83.43747073,   0.        , ..., 138.70632141,\n         74.24292516,  83.46352557],\n       ...,\n       [128.91608086, 114.70143766, 138.70632141, ...,   0.        ,\n        116.45694834, 116.0975663 ],\n       [ 71.42824327,  44.29446946,  74.24292516, ..., 116.45694834,\n          0.        ,  52.21198288],\n       [ 88.2669252 ,  17.10820975,  83.46352557, ..., 116.0975663 ,\n         52.21198288,   0.        ]])", "D_low": "array([[ 0.        , 12.0102673 , 24.66524629, ..., 21.29382833,\n        11.20986005, 12.58415303],\n       [12.0102673 ,  0.        , 16.99640471, ..., 12.84480106,\n         5.81293184,  1.44004322],\n       [24.66524629, 16.99640471,  0.        , ..., 26.73794818,\n        13.74950403, 15.56246742],\n       ...,\n       [21.29382833, 12.84480106, 26.73794818, ...,  0.        ,\n        18.63701662, 13.84575595],\n       [11.20986005,  5.81293184, 13.74950403, ..., 18.63701662,\n         0.        ,  4.84779666],\n       [12.58415303,  1.44004322, 15.56246742, ..., 13.84575595,\n         4.84779666,  0.        ]])"}}