{"duration": 0.0020329952239990234, "input_args": {"D_high": "array([[0.        , 0.33166248, 0.70710678, ..., 4.40227214, 4.71911009,\n        4.27317212],\n       [0.33166248, 0.        , 0.41231056, ..., 4.28835633, 4.63680925,\n        4.15331193],\n       [0.70710678, 0.41231056, 0.        , ..., 4.39317653, 4.77807493,\n        4.26380112],\n       ...,\n       [4.40227214, 4.28835633, 4.39317653, ..., 0.        , 0.57445626,\n        0.81240384],\n       [4.71911009, 4.63680925, 4.77807493, ..., 0.57445626, 0.        ,\n        1.13578167],\n       [4.27317212, 4.15331193, 4.26380112, ..., 0.81240384, 1.13578167,\n        0.        ]])", "D_low": "array([[ 0.        ,  7.25079185,  9.99282359, ..., 24.43490685,\n        21.47047192, 25.37541245],\n       [ 7.25079185,  0.        ,  5.53886708, ..., 25.4390103 ,\n        21.70544206, 29.19194091],\n       [ 9.99282359,  5.53886708,  0.        , ..., 20.71716931,\n        16.76820002, 25.97751126],\n       ...,\n       [24.43490685, 25.4390103 , 20.71716931, ...,  0.        ,\n         4.19460201, 11.00259518],\n       [21.47047192, 21.70544206, 16.76820002, ...,  4.19460201,\n         0.        , 13.76960564],\n       [25.37541245, 29.19194091, 25.97751126, ..., 11.00259518,\n        13.76960564,  0.        ]])"}}