{"duration": 0.004204988479614258, "input_args": {"D_high": "array([[0.        , 0.53851648, 0.50990195, ..., 4.45982062, 4.65080638,\n        4.14004831],\n       [0.53851648, 0.        , 0.3       , ..., 4.49888875, 4.71805044,\n        4.15331193],\n       [0.50990195, 0.3       , 0.        , ..., 4.66154481, 4.84871117,\n        4.29883705],\n       ...,\n       [4.45982062, 4.49888875, 4.66154481, ..., 0.        , 0.6164414 ,\n        0.64031242],\n       [4.65080638, 4.71805044, 4.84871117, ..., 0.6164414 , 0.        ,\n        0.76811457],\n       [4.14004831, 4.15331193, 4.29883705, ..., 0.64031242, 0.76811457,\n        0.        ]])", "D_low": "array([[ 0.        ,  8.07106405,  7.88017935, ...,  4.12499672,\n         3.76115068,  9.45091173],\n       [ 8.07106405,  0.        ,  0.32191666, ...,  8.22803085,\n        10.53979065, 12.2439249 ],\n       [ 7.88017935,  0.32191666,  0.        , ...,  7.9336374 ,\n        10.27778155, 11.92225508],\n       ...,\n       [ 4.12499672,  8.22803085,  7.9336374 , ...,  0.        ,\n         2.98127862,  5.45476736],\n       [ 3.76115068, 10.53979065, 10.27778155, ...,  2.98127862,\n         0.        ,  6.63637622],\n       [ 9.45091173, 12.2439249 , 11.92225508, ...,  5.45476736,\n         6.63637622,  0.        ]])"}}