{"duration": 0.0021479129791259766, "input_args": {"D_high": "array([[0.        , 0.53851648, 0.50990195, ..., 3.15277655, 4.69041576,\n        5.63914887],\n       [0.53851648, 0.        , 0.3       , ..., 3.10322413, 4.70850295,\n        5.74717322],\n       [0.50990195, 0.3       , 0.        , ..., 3.26802693, 4.86826458,\n        5.89406481],\n       ...,\n       [3.15277655, 3.10322413, 3.26802693, ..., 0.        , 1.65529454,\n        2.90172363],\n       [4.69041576, 4.70850295, 4.86826458, ..., 1.65529454, 0.        ,\n        1.42828569],\n       [5.63914887, 5.74717322, 5.89406481, ..., 2.90172363, 1.42828569,\n        0.        ]])", "D_low": "array([[ 0.        ,  0.26220386,  0.54800742, ..., 13.9699382 ,\n         4.54861903,  4.60255612],\n       [ 0.26220386,  0.        ,  0.42104678, ..., 14.22386247,\n         4.37044043,  4.41910281],\n       [ 0.54800742,  0.42104678,  0.        , ..., 14.22955466,\n         4.62029944,  4.65930281],\n       ...,\n       [13.9699382 , 14.22386247, 14.22955466, ...,  0.        ,\n        18.00908757, 18.10731229],\n       [ 4.54861903,  4.37044043,  4.62029944, ..., 18.00908757,\n         0.        ,  0.13472833],\n       [ 4.60255612,  4.41910281,  4.65930281, ..., 18.10731229,\n         0.13472833,  0.        ]])"}}