{"duration": 0.003345966339111328, "input_args": {"D_high": "array([[0.        , 1.27279221, 1.55563492, 0.87749644, 1.64316767,\n        3.48425028, 3.98748041, 3.39705755, 3.78549865, 4.09145451,\n        3.68781778, 3.48998567, 3.54259792, 3.04959014, 3.08868904,\n        3.18433667, 3.33916157, 4.93254498, 5.45985348, 4.46989933],\n       [1.27279221, 0.        , 0.52915026, 0.59160798, 0.66332496,\n        3.24653662, 3.81051178, 2.74954542, 3.4568772 , 3.64965752,\n        3.27719392, 3.23109888, 3.13209195, 2.48596058, 2.596151  ,\n        2.6       , 2.96141858, 4.66368953, 5.27730992, 4.23083916],\n       [1.55563492, 0.52915026, 0.        , 0.74161985, 0.34641016,\n        3.63593179, 4.18568991, 3.01330383, 3.8457769 , 3.97994975,\n        3.60277671, 3.60555128, 3.49428104, 2.81780056, 2.94957624,\n        2.9189039 , 3.318132  , 5.04678115, 5.63293884, 4.64112055],\n       [0.87749644, 0.59160798, 0.74161985, 0.        , 0.80622577,\n        3.48568501, 4.0385641 , 3.12569992, 3.71483512, 3.96358424,\n        3.55105618, 3.48855271, 3.42344855, 2.82665881, 2.88963666,\n        2.94788059, 3.24345495, 4.92341345, 5.50454358, 4.48887514],\n       [1.64316767, 0.66332496, 0.34641016, 0.80622577, 0.        ,\n        3.81313519, 4.38634244, 3.21869539, 3.97617907, 4.16173041,\n        3.78153408, 3.80525952, 3.65376518, 2.98998328, 3.08868904,\n        3.09192497, 3.50285598, 5.19711458, 5.82666285, 4.78121324],\n       [3.48425028, 3.24653662, 3.63593179, 3.48568501, 3.81313519,\n        0.        , 0.64807407, 1.28840987, 0.65574385, 0.81240384,\n        0.6164414 , 0.31622777, 0.5       , 1.02956301, 0.93808315,\n        1.02956301, 0.45825757, 1.49331845, 2.05669638, 1.13137085],\n       [3.98748041, 3.81051178, 4.18568991, 4.0385641 , 4.38634244,\n        0.64807407, 0.        , 1.63707055, 1.05356538, 0.84852814,\n        0.92736185, 0.6       , 1.00498756, 1.56843871, 1.54272486,\n        1.53622915, 0.96436508, 1.21243557, 1.5       , 1.02956301],\n       [3.39705755, 2.74954542, 3.01330383, 3.12569992, 3.21869539,\n        1.28840987, 1.63707055, 0.        , 1.5132746 , 1.11355287,\n        0.9486833 , 1.14891253, 0.99498744, 0.58309519, 0.9486833 ,\n        0.48989795, 0.84261498, 2.36008474, 2.84780617, 2.13072758],\n       [3.78549865, 3.4568772 , 3.8457769 , 3.71483512, 3.97617907,\n        0.65574385, 1.05356538, 1.5132746 , 0.        , 0.8660254 ,\n        0.75498344, 0.92195445, 0.52915026, 1.19582607, 0.93273791,\n        1.17046999, 0.82462113, 1.2489996 , 2.07364414, 0.8660254 ],\n       [4.09145451, 3.64965752, 3.97994975, 3.96358424, 4.16173041,\n        0.81240384, 0.84852814, 1.11355287, 0.8660254 , 0.        ,\n        0.50990195, 0.77459667, 0.64031242, 1.17473401, 1.19163753,\n        1.07703296, 0.75498344, 1.26095202, 1.79164729, 1.14017543],\n       [3.68781778, 3.27719392, 3.60277671, 3.55105618, 3.78153408,\n        0.6164414 , 0.92736185, 0.9486833 , 0.75498344, 0.50990195,\n        0.        , 0.64807407, 0.38729833, 0.86023253, 0.81240384,\n        0.78740079, 0.43588989, 1.55241747, 2.0904545 , 1.34907376],\n       [3.48998567, 3.23109888, 3.60555128, 3.48855271, 3.80525952,\n        0.31622777, 0.6       , 1.14891253, 0.92195445, 0.77459667,\n        0.64807407, 0.        , 0.6244998 , 1.00995049, 1.04880885,\n        1.        , 0.43588989, 1.61554944, 2.06639783, 1.30384048],\n       [3.54259792, 3.13209195, 3.49428104, 3.42344855, 3.65376518,\n        0.5       , 1.00498756, 0.99498744, 0.52915026, 0.64031242,\n        0.38729833, 0.6244998 , 0.        , 0.72801099, 0.60827625,\n        0.68556546, 0.34641016, 1.56204994, 2.24053565, 1.23693169],\n       [3.04959014, 2.48596058, 2.81780056, 2.82665881, 2.98998328,\n        1.02956301, 1.56843871, 0.58309519, 1.19582607, 1.17473401,\n        0.86023253, 1.00995049, 0.72801099, 0.        , 0.42426407,\n        0.14142136, 0.60827625, 2.27815715, 2.9       , 1.94422221],\n       [3.08868904, 2.596151  , 2.94957624, 2.88963666, 3.08868904,\n        0.93808315, 1.54272486, 0.9486833 , 0.93273791, 1.19163753,\n        0.81240384, 1.04880885, 0.60827625, 0.42426407, 0.        ,\n        0.46904158, 0.64031242, 2.12367606, 2.82665881, 1.76635217],\n       [3.18433667, 2.6       , 2.9189039 , 2.94788059, 3.09192497,\n        1.02956301, 1.53622915, 0.48989795, 1.17046999, 1.07703296,\n        0.78740079, 1.        , 0.68556546, 0.14142136, 0.46904158,\n        0.        , 0.59160798, 2.21133444, 2.82665881, 1.90262976],\n       [3.33916157, 2.96141858, 3.318132  , 3.24345495, 3.50285598,\n        0.45825757, 0.96436508, 0.84261498, 0.82462113, 0.75498344,\n        0.43588989, 0.43588989, 0.34641016, 0.60827625, 0.64031242,\n        0.59160798, 0.        , 1.77763888, 2.33666429, 1.45945195],\n       [4.93254498, 4.66368953, 5.04678115, 4.92341345, 5.19711458,\n        1.49331845, 1.21243557, 2.36008474, 1.2489996 , 1.26095202,\n        1.55241747, 1.61554944, 1.56204994, 2.27815715, 2.12367606,\n        2.21133444, 1.77763888, 0.        , 1.02956301, 0.55677644],\n       [5.45985348, 5.27730992, 5.63293884, 5.50454358, 5.82666285,\n        2.05669638, 1.5       , 2.84780617, 2.07364414, 1.79164729,\n        2.0904545 , 2.06639783, 2.24053565, 2.9       , 2.82665881,\n        2.82665881, 2.33666429, 1.02956301, 0.        , 1.46628783],\n       [4.46989933, 4.23083916, 4.64112055, 4.48887514, 4.78121324,\n        1.13137085, 1.02956301, 2.13072758, 0.8660254 , 1.14017543,\n        1.34907376, 1.30384048, 1.23693169, 1.94422221, 1.76635217,\n        1.90262976, 1.45945195, 0.55677644, 1.46628783, 0.        ]])", "D_low": "array([[0.00000000e+00, 4.64326275e-01, 6.48717460e-02, 1.25750407e-01,\n        8.16795643e-01, 4.95288404e+00, 5.13326424e+00, 5.03134658e+00,\n        4.89135146e+00, 5.31084957e+00, 5.24262450e+00, 5.09394664e+00,\n        1.80660351e+01, 5.18732696e+00, 4.71029489e+00, 4.94041661e+00,\n        5.06363850e+00, 5.21076340e+00, 5.07783723e+00, 5.23205679e+00],\n       [4.64326275e-01, 0.00000000e+00, 4.58933123e-01, 3.38609513e-01,\n        1.19005271e+00, 4.55418134e+00, 4.72377370e+00, 4.63591152e+00,\n        4.48514892e+00, 4.93092288e+00, 4.82968641e+00, 4.70284269e+00,\n        1.80264055e+01, 4.82903246e+00, 4.30207552e+00, 4.53613965e+00,\n        4.66219213e+00, 4.80503338e+00, 4.66588378e+00, 4.81961813e+00],\n       [6.48717460e-02, 4.58933123e-01, 0.00000000e+00, 1.31206987e-01,\n        7.79920536e-01, 4.97613679e+00, 5.15379563e+00, 5.05540260e+00,\n        4.91270282e+00, 5.33843882e+00, 5.26223147e+00, 5.11902669e+00,\n        1.81288753e+01, 5.21915024e+00, 4.73107528e+00, 4.96227566e+00,\n        5.08623963e+00, 5.23230423e+00, 5.09768672e+00, 5.25180086e+00],\n       [1.25750407e-01, 3.38609513e-01, 1.31206987e-01, 0.00000000e+00,\n        9.08037503e-01, 4.84502122e+00, 5.02259279e+00, 4.92436401e+00,\n        4.78149808e+00, 5.20802908e+00, 5.13105985e+00, 4.98812137e+00,\n        1.80566077e+01, 5.09017298e+00, 4.59986902e+00, 4.83108186e+00,\n        4.95507813e+00, 5.10110208e+00, 4.96650358e+00, 5.12062271e+00],\n       [8.16795643e-01, 1.19005271e+00, 7.79920536e-01, 9.08037503e-01,\n        0.00000000e+00, 5.74285824e+00, 5.91381918e+00, 5.82379356e+00,\n        5.67500285e+00, 6.11296379e+00, 6.01965534e+00, 5.88941470e+00,\n        1.87073235e+01, 5.99813164e+00, 5.49205976e+00, 5.72579159e+00,\n        5.85143673e+00, 5.99487290e+00, 5.85590846e+00, 6.00961561e+00],\n       [4.95288404e+00, 4.55418134e+00, 4.97613679e+00, 4.84502122e+00,\n        5.74285824e+00, 0.00000000e+00, 2.87687061e-01, 1.03186138e-01,\n        1.66173143e-01, 5.18927574e-01, 4.18754890e-01, 2.08600959e-01,\n        1.57518444e+01, 7.79497915e-01, 3.12932210e-01, 1.14364213e-01,\n        1.22881053e-01, 2.94208838e-01, 3.05512560e-01, 4.03102953e-01],\n       [5.13326424e+00, 4.72377370e+00, 5.15379563e+00, 5.02259279e+00,\n        5.91381918e+00, 2.87687061e-01, 0.00000000e+00, 3.11243727e-01,\n        2.50644713e-01, 6.39449441e-01, 1.33887166e-01, 3.85673953e-01,\n        1.59074865e+01, 9.86856578e-01, 4.23323539e-01, 2.21084032e-01,\n        1.85953878e-01, 1.15550933e-01, 7.94464905e-02, 1.18648802e-01],\n       [5.03134658e+00, 4.63591152e+00, 5.05540260e+00, 4.92436401e+00,\n        5.82379356e+00, 1.03186138e-01, 3.11243727e-01, 0.00000000e+00,\n        2.62594068e-01, 4.16881156e-01, 4.29229139e-01, 1.07122826e-01,\n        1.56616504e+01, 6.98495686e-01, 4.16021075e-01, 2.03006520e-01,\n        1.25626936e-01, 2.77324888e-01, 3.51898030e-01, 4.13848577e-01],\n       [4.89135146e+00, 4.48514892e+00, 4.91270282e+00, 4.78149808e+00,\n        5.67500285e+00, 1.66173143e-01, 2.50644713e-01, 2.62594068e-01,\n        0.00000000e+00, 6.78316006e-01, 3.78765984e-01, 3.69680395e-01,\n        1.59178626e+01, 9.43837829e-01, 1.86789412e-01, 6.40662812e-02,\n        2.00823356e-01, 3.19895893e-01, 2.22184340e-01, 3.64788762e-01],\n       [5.31084957e+00, 4.93092288e+00, 5.33843882e+00, 5.20802908e+00,\n        6.11296379e+00, 5.18927574e-01, 6.39449441e-01, 4.16881156e-01,\n        6.78316006e-01, 0.00000000e+00, 7.02537247e-01, 3.10328477e-01,\n        1.52696571e+01, 4.05127871e-01, 8.28583173e-01, 6.16529636e-01,\n        5.00292550e-01, 5.41202041e-01, 7.08185391e-01, 6.91389970e-01],\n       [5.24262450e+00, 4.82968641e+00, 5.26223147e+00, 5.13105985e+00,\n        6.01965534e+00, 4.18754890e-01, 1.33887166e-01, 4.29229139e-01,\n        3.78765984e-01, 7.02537247e-01, 0.00000000e+00, 4.87818416e-01,\n        1.59514521e+01, 1.07450340e+00, 5.40133800e-01, 3.54349764e-01,\n        3.08242660e-01, 1.67491089e-01, 1.65913914e-01, 1.56742723e-02],\n       [5.09394664e+00, 4.70284269e+00, 5.11902669e+00, 4.98812137e+00,\n        5.88941470e+00, 2.08600959e-01, 3.85673953e-01, 1.07122826e-01,\n        3.69680395e-01, 3.10328477e-01, 4.87818416e-01, 0.00000000e+00,\n        1.55579804e+01, 6.04244163e-01, 5.19506345e-01, 3.09509964e-01,\n        2.11537187e-01, 3.23075962e-01, 4.38536802e-01, 4.73338120e-01],\n       [1.80660351e+01, 1.80264055e+01, 1.81288753e+01, 1.80566077e+01,\n        1.87073235e+01, 1.57518444e+01, 1.59074865e+01, 1.56616504e+01,\n        1.59178626e+01, 1.52696571e+01, 1.59514521e+01, 1.55579804e+01,\n        0.00000000e+00, 1.49782723e+01, 1.60185381e+01, 1.58631969e+01,\n        1.57648063e+01, 1.58027727e+01, 1.59777811e+01, 1.59431208e+01],\n       [5.18732696e+00, 4.82903246e+00, 5.21915024e+00, 5.09017298e+00,\n        5.99813164e+00, 7.79497915e-01, 9.86856578e-01, 6.98495686e-01,\n        9.43837829e-01, 4.05127871e-01, 1.07450340e+00, 6.04244163e-01,\n        1.49782723e+01, 0.00000000e+00, 1.04216562e+00, 8.93253361e-01,\n        8.15423892e-01, 9.07288971e-01, 1.04274428e+00, 1.06148590e+00],\n       [4.71029489e+00, 4.30207552e+00, 4.73107528e+00, 4.59986902e+00,\n        5.49205976e+00, 3.12932210e-01, 4.23323539e-01, 4.16021075e-01,\n        1.86789412e-01, 8.28583173e-01, 5.40133800e-01, 5.19506345e-01,\n        1.60185381e+01, 1.04216562e+00, 0.00000000e+00, 2.45868969e-01,\n        3.83078303e-01, 5.04627986e-01, 3.74478544e-01, 5.27923390e-01],\n       [4.94041661e+00, 4.53613965e+00, 4.96227566e+00, 4.83108186e+00,\n        5.72579159e+00, 1.14364213e-01, 2.21084032e-01, 2.03006520e-01,\n        6.40662812e-02, 6.16529636e-01, 3.54349764e-01, 3.09509964e-01,\n        1.58631969e+01, 8.93253361e-01, 2.45868969e-01, 0.00000000e+00,\n        1.37845410e-01, 2.71485755e-01, 2.13472429e-01, 3.39399144e-01],\n       [5.06363850e+00, 4.66219213e+00, 5.08623963e+00, 4.95507813e+00,\n        5.85143673e+00, 1.22881053e-01, 1.85953878e-01, 1.25626936e-01,\n        2.00823356e-01, 5.00292550e-01, 3.08242660e-01, 2.11537187e-01,\n        1.57648063e+01, 8.15423892e-01, 3.83078303e-01, 1.37845410e-01,\n        0.00000000e+00, 1.71745713e-01, 2.28454658e-01, 2.92646496e-01],\n       [5.21076340e+00, 4.80503338e+00, 5.23230423e+00, 5.10110208e+00,\n        5.99487290e+00, 2.94208838e-01, 1.15550933e-01, 2.77324888e-01,\n        3.19895893e-01, 5.41202041e-01, 1.67491089e-01, 3.23075962e-01,\n        1.58027727e+01, 9.07288971e-01, 5.04627986e-01, 2.71485755e-01,\n        1.71745713e-01, 0.00000000e+00, 1.94936521e-01, 1.54204638e-01],\n       [5.07783723e+00, 4.66588378e+00, 5.09768672e+00, 4.96650358e+00,\n        5.85590846e+00, 3.05512560e-01, 7.94464905e-02, 3.51898030e-01,\n        2.22184340e-01, 7.08185391e-01, 1.65913914e-01, 4.38536802e-01,\n        1.59777811e+01, 1.04274428e+00, 3.74478544e-01, 2.13472429e-01,\n        2.28454658e-01, 1.94936521e-01, 0.00000000e+00, 1.54421266e-01],\n       [5.23205679e+00, 4.81961813e+00, 5.25180086e+00, 5.12062271e+00,\n        6.00961561e+00, 4.03102953e-01, 1.18648802e-01, 4.13848577e-01,\n        3.64788762e-01, 6.91389970e-01, 1.56742723e-02, 4.73338120e-01,\n        1.59431208e+01, 1.06148590e+00, 5.27923390e-01, 3.39399144e-01,\n        2.92646496e-01, 1.54204638e-01, 1.54421266e-01, 0.00000000e+00]])"}}