{"duration": 0.0018863677978515625, "input_args": {"D_high": "array([[0.        , 0.53851648, 0.50990195, ..., 4.45982062, 4.65080638,\n        4.14004831],\n       [0.53851648, 0.        , 0.3       , ..., 4.49888875, 4.71805044,\n        4.15331193],\n       [0.50990195, 0.3       , 0.        , ..., 4.66154481, 4.84871117,\n        4.29883705],\n       ...,\n       [4.45982062, 4.49888875, 4.66154481, ..., 0.        , 0.6164414 ,\n        0.64031242],\n       [4.65080638, 4.71805044, 4.84871117, ..., 0.6164414 , 0.        ,\n        0.76811457],\n       [4.14004831, 4.15331193, 4.29883705, ..., 0.64031242, 0.76811457,\n        0.        ]])", "D_low": "array([[0.        , 0.26220386, 0.54800742, ..., 2.80227332, 4.70887212,\n        4.53278136],\n       [0.26220386, 0.        , 0.42104678, ..., 2.54657104, 4.52866048,\n        4.34635589],\n       [0.54800742, 0.42104678, 0.        , ..., 2.38054342, 4.77424431,\n        4.58136597],\n       ...,\n       [2.80227332, 2.54657104, 2.38054342, ..., 0.        , 3.98522272,\n        3.75198534],\n       [4.70887212, 4.52866048, 4.77424431, ..., 3.98522272, 0.        ,\n        0.23377368],\n       [4.53278136, 4.34635589, 4.58136597, ..., 3.75198534, 0.23377368,\n        0.        ]])"}}