{"duration": 0.0135040283203125, "input_args": {"D_high": "array([[  0.        ,  63.23003439,  51.6526914 , ...,  66.22284519,\n         27.80260283, 159.45199265],\n       [ 63.23003439,   0.        ,  64.14069613, ...,  27.67658187,\n         52.44791055, 160.38731457],\n       [ 51.6526914 ,  64.14069613,   0.        , ...,  62.35925404,\n         42.98609637, 123.5982541 ],\n       ...,\n       [ 66.22284519,  27.67658187,  62.35925404, ...,   0.        ,\n         54.08764636, 159.7956386 ],\n       [ 27.80260283,  52.44791055,  42.98609637, ...,  54.08764636,\n          0.        , 157.90239317],\n       [159.45199265, 160.38731457, 123.5982541 , ..., 159.7956386 ,\n        157.90239317,   0.        ]])", "D_low": "array([[ 0.        , 15.59393213,  5.76750397, ..., 14.27473513,\n         4.57162255, 10.53375639],\n       [15.59393213,  0.        , 16.53478812, ...,  3.60356639,\n        12.646944  , 25.60245664],\n       [ 5.76750397, 16.53478812,  0.        , ..., 16.46490944,\n         4.18271892, 13.94571542],\n       ...,\n       [14.27473513,  3.60356639, 16.46490944, ...,  0.        ,\n        12.31551214, 23.59821261],\n       [ 4.57162255, 12.646944  ,  4.18271892, ..., 12.31551214,\n         0.        , 14.91908644],\n       [10.53375639, 25.60245664, 13.94571542, ..., 23.59821261,\n        14.91908644,  0.        ]])"}}