{"duration": 0.0034749507904052734, "input_args": {"D_high": "array([[0.        , 1.25698051, 0.78740079, ..., 4.57602448, 4.79165942,\n        4.21781934],\n       [1.25698051, 0.        , 0.50990195, ..., 4.05215992, 4.25440948,\n        3.80657326],\n       [0.78740079, 0.50990195, 0.        , ..., 4.10609303, 4.32897216,\n        3.81182371],\n       ...,\n       [4.57602448, 4.05215992, 4.10609303, ..., 0.        , 0.6164414 ,\n        0.64031242],\n       [4.79165942, 4.25440948, 4.32897216, ..., 0.6164414 , 0.        ,\n        0.76811457],\n       [4.21781934, 3.80657326, 3.81182371, ..., 0.64031242, 0.76811457,\n        0.        ]])", "D_low": "array([[0.        , 0.22891182, 0.12259574, ..., 5.48019687, 5.79363517,\n        5.33715903],\n       [0.22891182, 0.        , 0.10887371, ..., 5.44140397, 5.70162731,\n        5.26040822],\n       [0.12259574, 0.10887371, 0.        , ..., 5.47534654, 5.75958348,\n        5.31150857],\n       ...,\n       [5.48019687, 5.44140397, 5.47534654, ..., 0.        , 1.3898388 ,\n        0.9361607 ],\n       [5.79363517, 5.70162731, 5.75958348, ..., 1.3898388 , 0.        ,\n        0.5984363 ],\n       [5.33715903, 5.26040822, 5.31150857, ..., 0.9361607 , 0.5984363 ,\n        0.        ]])"}}