{"duration": 0.0026369094848632812, "input_args": {"D_high": "array([[0.        , 1.27279221, 1.55563492, 0.87749644, 1.64316767,\n        3.48425028, 3.98748041, 3.39705755, 3.78549865, 4.09145451,\n        3.68781778, 3.48998567, 3.54259792, 3.04959014, 3.08868904,\n        3.18433667, 3.33916157, 4.93254498, 5.45985348, 4.46989933],\n       [1.27279221, 0.        , 0.52915026, 0.59160798, 0.66332496,\n        3.24653662, 3.81051178, 2.74954542, 3.4568772 , 3.64965752,\n        3.27719392, 3.23109888, 3.13209195, 2.48596058, 2.596151  ,\n        2.6       , 2.96141858, 4.66368953, 5.27730992, 4.23083916],\n       [1.55563492, 0.52915026, 0.        , 0.74161985, 0.34641016,\n        3.63593179, 4.18568991, 3.01330383, 3.8457769 , 3.97994975,\n        3.60277671, 3.60555128, 3.49428104, 2.81780056, 2.94957624,\n        2.9189039 , 3.318132  , 5.04678115, 5.63293884, 4.64112055],\n       [0.87749644, 0.59160798, 0.74161985, 0.        , 0.80622577,\n        3.48568501, 4.0385641 , 3.12569992, 3.71483512, 3.96358424,\n        3.55105618, 3.48855271, 3.42344855, 2.82665881, 2.88963666,\n        2.94788059, 3.24345495, 4.92341345, 5.50454358, 4.48887514],\n       [1.64316767, 0.66332496, 0.34641016, 0.80622577, 0.        ,\n        3.81313519, 4.38634244, 3.21869539, 3.97617907, 4.16173041,\n        3.78153408, 3.80525952, 3.65376518, 2.98998328, 3.08868904,\n        3.09192497, 3.50285598, 5.19711458, 5.82666285, 4.78121324],\n       [3.48425028, 3.24653662, 3.63593179, 3.48568501, 3.81313519,\n        0.        , 0.64807407, 1.28840987, 0.65574385, 0.81240384,\n        0.6164414 , 0.31622777, 0.5       , 1.02956301, 0.93808315,\n        1.02956301, 0.45825757, 1.49331845, 2.05669638, 1.13137085],\n       [3.98748041, 3.81051178, 4.18568991, 4.0385641 , 4.38634244,\n        0.64807407, 0.        , 1.63707055, 1.05356538, 0.84852814,\n        0.92736185, 0.6       , 1.00498756, 1.56843871, 1.54272486,\n        1.53622915, 0.96436508, 1.21243557, 1.5       , 1.02956301],\n       [3.39705755, 2.74954542, 3.01330383, 3.12569992, 3.21869539,\n        1.28840987, 1.63707055, 0.        , 1.5132746 , 1.11355287,\n        0.9486833 , 1.14891253, 0.99498744, 0.58309519, 0.9486833 ,\n        0.48989795, 0.84261498, 2.36008474, 2.84780617, 2.13072758],\n       [3.78549865, 3.4568772 , 3.8457769 , 3.71483512, 3.97617907,\n        0.65574385, 1.05356538, 1.5132746 , 0.        , 0.8660254 ,\n        0.75498344, 0.92195445, 0.52915026, 1.19582607, 0.93273791,\n        1.17046999, 0.82462113, 1.2489996 , 2.07364414, 0.8660254 ],\n       [4.09145451, 3.64965752, 3.97994975, 3.96358424, 4.16173041,\n        0.81240384, 0.84852814, 1.11355287, 0.8660254 , 0.        ,\n        0.50990195, 0.77459667, 0.64031242, 1.17473401, 1.19163753,\n        1.07703296, 0.75498344, 1.26095202, 1.79164729, 1.14017543],\n       [3.68781778, 3.27719392, 3.60277671, 3.55105618, 3.78153408,\n        0.6164414 , 0.92736185, 0.9486833 , 0.75498344, 0.50990195,\n        0.        , 0.64807407, 0.38729833, 0.86023253, 0.81240384,\n        0.78740079, 0.43588989, 1.55241747, 2.0904545 , 1.34907376],\n       [3.48998567, 3.23109888, 3.60555128, 3.48855271, 3.80525952,\n        0.31622777, 0.6       , 1.14891253, 0.92195445, 0.77459667,\n        0.64807407, 0.        , 0.6244998 , 1.00995049, 1.04880885,\n        1.        , 0.43588989, 1.61554944, 2.06639783, 1.30384048],\n       [3.54259792, 3.13209195, 3.49428104, 3.42344855, 3.65376518,\n        0.5       , 1.00498756, 0.99498744, 0.52915026, 0.64031242,\n        0.38729833, 0.6244998 , 0.        , 0.72801099, 0.60827625,\n        0.68556546, 0.34641016, 1.56204994, 2.24053565, 1.23693169],\n       [3.04959014, 2.48596058, 2.81780056, 2.82665881, 2.98998328,\n        1.02956301, 1.56843871, 0.58309519, 1.19582607, 1.17473401,\n        0.86023253, 1.00995049, 0.72801099, 0.        , 0.42426407,\n        0.14142136, 0.60827625, 2.27815715, 2.9       , 1.94422221],\n       [3.08868904, 2.596151  , 2.94957624, 2.88963666, 3.08868904,\n        0.93808315, 1.54272486, 0.9486833 , 0.93273791, 1.19163753,\n        0.81240384, 1.04880885, 0.60827625, 0.42426407, 0.        ,\n        0.46904158, 0.64031242, 2.12367606, 2.82665881, 1.76635217],\n       [3.18433667, 2.6       , 2.9189039 , 2.94788059, 3.09192497,\n        1.02956301, 1.53622915, 0.48989795, 1.17046999, 1.07703296,\n        0.78740079, 1.        , 0.68556546, 0.14142136, 0.46904158,\n        0.        , 0.59160798, 2.21133444, 2.82665881, 1.90262976],\n       [3.33916157, 2.96141858, 3.318132  , 3.24345495, 3.50285598,\n        0.45825757, 0.96436508, 0.84261498, 0.82462113, 0.75498344,\n        0.43588989, 0.43588989, 0.34641016, 0.60827625, 0.64031242,\n        0.59160798, 0.        , 1.77763888, 2.33666429, 1.45945195],\n       [4.93254498, 4.66368953, 5.04678115, 4.92341345, 5.19711458,\n        1.49331845, 1.21243557, 2.36008474, 1.2489996 , 1.26095202,\n        1.55241747, 1.61554944, 1.56204994, 2.27815715, 2.12367606,\n        2.21133444, 1.77763888, 0.        , 1.02956301, 0.55677644],\n       [5.45985348, 5.27730992, 5.63293884, 5.50454358, 5.82666285,\n        2.05669638, 1.5       , 2.84780617, 2.07364414, 1.79164729,\n        2.0904545 , 2.06639783, 2.24053565, 2.9       , 2.82665881,\n        2.82665881, 2.33666429, 1.02956301, 0.        , 1.46628783],\n       [4.46989933, 4.23083916, 4.64112055, 4.48887514, 4.78121324,\n        1.13137085, 1.02956301, 2.13072758, 0.8660254 , 1.14017543,\n        1.34907376, 1.30384048, 1.23693169, 1.94422221, 1.76635217,\n        1.90262976, 1.45945195, 0.55677644, 1.46628783, 0.        ]])", "D_low": "array([[ 0.        , 10.3060744 , 16.16263993,  2.68603446, 12.50971036,\n         4.429833  ,  7.83253901,  9.50658194, 17.10063079, 18.44308769,\n        14.00644633,  5.90358631, 15.07212779, 10.12833574, 14.82117297,\n        10.15350667,  9.18800503, 19.46733439, 20.96634294, 23.49470242],\n       [10.3060744 ,  0.        ,  7.29830917,  7.69399489,  6.2441204 ,\n        14.04918223, 17.15306013, 15.97395955, 19.26767644, 21.79424025,\n        18.43414375, 14.46432408, 19.74118505, 16.65743221, 20.74162558,\n        16.64742347, 15.14583738, 17.88043673, 17.31178863, 21.46155697],\n       [16.16263993,  7.29830917,  0.        , 13.93011422,  4.46926702,\n        18.89625146, 21.39389735, 18.45825658, 18.16143894, 21.11857396,\n        19.06416662, 18.55509872, 20.30650479, 19.04065416, 22.03270001,\n        19.00975071, 17.50107519, 14.31058753, 12.31025528, 17.03968965],\n       [ 2.68603446,  7.69399489, 13.93011422,  0.        , 10.6450615 ,\n         6.93382134, 10.30291816, 11.06124901, 17.6374783 , 19.3533255 ,\n        15.09842756,  8.04688984, 16.2723041 , 11.73325069, 16.38829676,\n        11.74769466, 10.54761065, 19.05562411, 20.06499357, 23.06409414],\n       [12.50971036,  6.2441204 ,  4.46926702, 10.6450615 ,  0.        ,\n        14.73825373, 17.05343368, 13.98938097, 14.42133561, 17.26282546,\n        14.80919191, 14.22225066, 16.08087193, 14.57432669, 17.68461553,\n        14.54391952, 13.03279498, 11.85627863, 11.06788667, 15.28202057],\n       [ 4.429833  , 14.04918223, 18.89625146,  6.93382134, 14.73825373,\n         0.        ,  3.40272063,  6.35048127, 15.0806457 , 15.77609878,\n        11.25802531,  2.14461631, 12.09222386,  6.81351327, 11.29008658,\n         6.85523146,  6.44031704, 18.88641574, 21.14740123, 22.80553664],\n       [ 7.83253901, 17.15306013, 21.39389735, 10.30291816, 17.05343368,\n         3.40272063,  0.        ,  5.35536044, 14.30108463, 14.34555971,\n        10.01581923,  2.8390412 , 10.53369188,  5.48470803,  9.13791007,\n         5.54072688,  5.94142603, 19.15033027, 21.91520976, 22.86565479],\n       [ 9.50658194, 15.97395955, 18.45825658, 11.06124901, 13.98938097,\n         6.35048127,  5.35536044,  0.        ,  9.00181718,  9.43145812,\n         4.92455045,  4.20667707,  5.75145866,  0.69478573,  5.34130684,\n         0.69724795,  0.96453157, 13.89994078, 16.88568865, 17.5412117 ],\n       [17.10063079, 19.26767644, 18.16143894, 17.6374783 , 14.42133561,\n        15.0806457 , 14.30108463,  9.00181718,  0.        ,  3.03143901,\n         4.45874353, 13.01177315,  4.6325209 ,  8.8169472 ,  7.11156252,\n         8.76070464,  8.67140051,  6.73393023, 10.61193436,  9.35733371],\n       [18.44308769, 21.79424025, 21.11857396, 19.3533255 , 17.26282546,\n        15.77609878, 14.34555971,  9.43145812,  3.03143901,  0.        ,\n         4.52261708, 13.6353112 ,  3.81315578,  9.03731909,  5.77822075,\n         8.98875255,  9.41007986,  9.44000708, 13.37864591, 11.39448334],\n       [14.00644633, 18.43414375, 19.06416662, 15.09842756, 14.80919191,\n        11.25802531, 10.01581923,  4.92455045,  4.45874353,  4.52261708,\n         0.        ,  9.12003694,  1.3091546 ,  4.58168652,  3.24644875,\n         4.52973325,  4.89521435, 10.56873282, 14.15648601, 13.6821082 ],\n       [ 5.90358631, 14.46432408, 18.55509872,  8.04688984, 14.22225066,\n         2.14461631,  2.8390412 ,  4.20667707, 13.01177315, 13.6353112 ,\n         9.12003694,  0.        ,  9.94793041,  4.67386577,  9.20802391,\n         4.71459582,  4.34326913, 17.13006493, 19.61650023, 20.98655236],\n       [15.07212779, 19.74118505, 20.30650479, 16.2723041 , 16.08087193,\n        12.09222386, 10.53369188,  5.75145866,  4.6325209 ,  3.81315578,\n         1.3091546 ,  9.94793041,  0.        ,  5.29157806,  2.49391827,\n         5.24655846,  5.89078508, 11.14840643, 14.86961822, 13.98964011],\n       [10.12833574, 16.65743221, 19.04065416, 11.73325069, 14.57432669,\n         6.81351327,  5.48470803,  0.69478573,  8.8169472 ,  9.03731909,\n         4.58168652,  4.67386577,  5.29157806,  0.        ,  4.69568751,\n         0.05777965,  1.55945848, 13.99283995, 17.08923354, 17.55422735],\n       [14.82117297, 20.74162558, 22.03270001, 16.38829676, 17.68461553,\n        11.29008658,  9.13791007,  5.34130684,  7.11156252,  5.77822075,\n         3.24644875,  9.20802391,  2.49391827,  4.69568751,  0.        ,\n         4.67316828,  5.8727687 , 13.63181807, 17.3196556 , 16.46633208],\n       [10.15350667, 16.64742347, 19.00975071, 11.74769466, 14.54391952,\n         6.85523146,  5.54072688,  0.69724795,  8.76070464,  8.98875255,\n         4.52973325,  4.71459582,  5.24655846,  0.05777965,  4.67316828,\n         0.        ,  1.53721023, 13.93580011, 17.03435906, 17.49649323],\n       [ 9.18800503, 15.14583738, 17.50107519, 10.54761065, 13.03279498,\n         6.44031704,  5.94142603,  0.96453157,  8.67140051,  9.41007986,\n         4.89521435,  4.34326913,  5.89078508,  1.55945848,  5.8727687 ,\n         1.53721023,  0.        , 13.2134951 , 16.09086001, 16.9312402 ],\n       [19.46733439, 17.88043673, 14.31058753, 19.05562411, 11.85627863,\n        18.88641574, 19.15033027, 13.89994078,  6.73393023,  9.44000708,\n        10.56873282, 17.13006493, 11.14840643, 13.99283995, 13.63181807,\n        13.93580011, 13.2134951 ,  0.        ,  3.94326209,  4.02865062],\n       [20.96634294, 17.31178863, 12.31025528, 20.06499357, 11.06788667,\n        21.14740123, 21.91520976, 16.88568865, 10.61193436, 13.37864591,\n        14.15648601, 19.61650023, 14.86961822, 17.08923354, 17.3196556 ,\n        17.03435906, 16.09086001,  3.94326209,  0.        ,  4.82697541],\n       [23.49470242, 21.46155697, 17.03968965, 23.06409414, 15.28202057,\n        22.80553664, 22.86565479, 17.5412117 ,  9.35733371, 11.39448334,\n        13.6821082 , 20.98655236, 13.98964011, 17.55422735, 16.46633208,\n        17.49649323, 16.9312402 ,  4.02865062,  4.82697541,  0.        ]])"}}