{"duration": 0.13702917098999023, "input_args": {"D_high": "array([[  0.        ,  66.90348403,  54.29633528, ..., 117.7833007 ,\n         43.58127217,  61.71982942],\n       [ 66.90348403,   0.        , 102.51825711, ..., 118.02190998,\n         53.16248681,  12.74524602],\n       [ 54.29633528, 102.51825711,   0.        , ..., 130.39398885,\n         59.87774486,  96.3199743 ],\n       ...,\n       [117.7833007 , 118.02190998, 130.39398885, ...,   0.        ,\n        116.45694834, 116.0975663 ],\n       [ 43.58127217,  53.16248681,  59.87774486, ..., 116.45694834,\n          0.        ,  52.21198288],\n       [ 61.71982942,  12.74524602,  96.3199743 , ..., 116.0975663 ,\n         52.21198288,   0.        ]])", "D_low": "array([[ 0.        , 13.96111096, 16.71963999, ..., 19.71775741,\n        15.31030718, 10.17072157],\n       [13.96111096,  0.        , 19.66223761, ..., 19.85955493,\n        10.64576827,  6.75266252],\n       [16.71963999, 19.66223761,  0.        , ..., 35.12491131,\n        10.20147115, 21.87031865],\n       ...,\n       [19.71775741, 19.85955493, 35.12491131, ...,  0.        ,\n        29.18253785, 14.06351056],\n       [15.31030718, 10.64576827, 10.20147115, ..., 29.18253785,\n         0.        , 15.11954978],\n       [10.17072157,  6.75266252, 21.87031865, ..., 14.06351056,\n        15.11954978,  0.        ]])"}}