{"duration": 0.035807132720947266, "input_args": {"D_high": "array([[  0.        ,  66.90348403,  54.29633528, ...,  50.39119964,\n         89.23943184,  61.27038404],\n       [ 66.90348403,   0.        , 102.51825711, ...,  26.11680932,\n         80.22894802,  38.63518149],\n       [ 54.29633528, 102.51825711,   0.        , ...,  85.13919448,\n         91.66838038,  76.41017076],\n       ...,\n       [ 50.39119964,  26.11680932,  85.13919448, ...,   0.        ,\n         86.1426327 ,  33.06672648],\n       [ 89.23943184,  80.22894802,  91.66838038, ...,  86.1426327 ,\n          0.        ,  65.05813008],\n       [ 61.27038404,  38.63518149,  76.41017076, ...,  33.06672648,\n         65.05813008,   0.        ]])", "D_low": "array([[ 0.        , 12.19835828,  4.47456335, ...,  9.35901182,\n        26.89598074,  7.73148721],\n       [12.19835828,  0.        , 12.84765211, ...,  3.14918725,\n        27.48618335,  9.4882996 ],\n       [ 4.47456335, 12.84765211,  0.        , ..., 10.74250555,\n        22.47718036,  4.95124434],\n       ...,\n       [ 9.35901182,  3.14918725, 10.74250555, ...,  0.        ,\n        28.02148272,  8.45417695],\n       [26.89598074, 27.48618335, 22.47718036, ..., 28.02148272,\n         0.        , 20.45363822],\n       [ 7.73148721,  9.4882996 ,  4.95124434, ...,  8.45417695,\n        20.45363822,  0.        ]])"}}