{"duration": 0.011580944061279297, "input_args": {"D_high": "array([[0.        , 0.53851648, 0.50990195, ..., 4.45982062, 4.65080638,\n        4.14004831],\n       [0.53851648, 0.        , 0.3       , ..., 4.49888875, 4.71805044,\n        4.15331193],\n       [0.50990195, 0.3       , 0.        , ..., 4.66154481, 4.84871117,\n        4.29883705],\n       ...,\n       [4.45982062, 4.49888875, 4.66154481, ..., 0.        , 0.6164414 ,\n        0.64031242],\n       [4.65080638, 4.71805044, 4.84871117, ..., 0.6164414 , 0.        ,\n        0.76811457],\n       [4.14004831, 4.15331193, 4.29883705, ..., 0.64031242, 0.76811457,\n        0.        ]])", "D_low": "array([[ 0.        ,  7.62518248,  5.03281971, ..., 16.8356262 ,\n        13.6686431 , 13.97852996],\n       [ 7.62518248,  0.        ,  2.60781356, ..., 16.56643985,\n         8.95040677, 15.97944583],\n       [ 5.03281971,  2.60781356,  0.        , ..., 16.49198287,\n        10.35909591, 15.11130476],\n       ...,\n       [16.8356262 , 16.56643985, 16.49198287, ...,  0.        ,\n        10.1611533 ,  5.05901394],\n       [13.6686431 ,  8.95040677, 10.35909591, ..., 10.1611533 ,\n         0.        , 12.28607745],\n       [13.97852996, 15.97944583, 15.11130476, ...,  5.05901394,\n        12.28607745,  0.        ]])", "k": "10"}}