{"duration": 0.0032796859741210938, "input_args": {"D_high": "array([[0.        , 0.33166248, 0.70710678, ..., 4.40227214, 4.71911009,\n        4.27317212],\n       [0.33166248, 0.        , 0.41231056, ..., 4.28835633, 4.63680925,\n        4.15331193],\n       [0.70710678, 0.41231056, 0.        , ..., 4.39317653, 4.77807493,\n        4.26380112],\n       ...,\n       [4.40227214, 4.28835633, 4.39317653, ..., 0.        , 0.57445626,\n        0.81240384],\n       [4.71911009, 4.63680925, 4.77807493, ..., 0.57445626, 0.        ,\n        1.13578167],\n       [4.27317212, 4.15331193, 4.26380112, ..., 0.81240384, 1.13578167,\n        0.        ]])", "D_low": "array([[ 0.        ,  3.55019216,  2.84579899, ...,  9.68712039,\n         9.15532653, 15.180837  ],\n       [ 3.55019216,  0.        ,  3.44251023, ...,  8.05879166,\n         7.34563804, 13.42934196],\n       [ 2.84579899,  3.44251023,  0.        , ...,  6.91669943,\n         6.44519568, 12.38397355],\n       ...,\n       [ 9.68712039,  8.05879166,  6.91669943, ...,  0.        ,\n         0.8049158 ,  5.50327277],\n       [ 9.15532653,  7.34563804,  6.44519568, ...,  0.8049158 ,\n         0.        ,  6.12000728],\n       [15.180837  , 13.42934196, 12.38397355, ...,  5.50327277,\n         6.12000728,  0.        ]])"}}