{"duration": 0.005690097808837891, "input_args": {"D_high": "array([[  0.        ,  77.93464827, 115.40589995, ..., 101.71684227,\n        201.12626702,  59.67790051],\n       [ 77.93464827,   0.        ,  83.43747073, ...,  38.98205746,\n        183.93333012,  21.17286036],\n       [115.40589995,  83.43747073,   0.        , ...,  68.4928943 ,\n        207.62569195,  85.47655366],\n       ...,\n       [101.71684227,  38.98205746,  68.4928943 , ...,   0.        ,\n        189.87669905,  46.59966957],\n       [201.12626702, 183.93333012, 207.62569195, ..., 189.87669905,\n          0.        , 186.26121056],\n       [ 59.67790051,  21.17286036,  85.47655366, ...,  46.59966957,\n        186.26121056,   0.        ]])", "D_low": "array([[ 0.        , 13.18247442,  6.71834853, ..., 22.46904474,\n        15.89340696,  8.92185409],\n       [13.18247442,  0.        , 19.82626898, ..., 13.75836723,\n        17.03734307,  7.20587595],\n       [ 6.71834853, 19.82626898,  0.        , ..., 28.74371471,\n        18.142809  , 14.6429858 ],\n       ...,\n       [22.46904474, 13.75836723, 28.74371471, ...,  0.        ,\n        30.76588447, 20.43235788],\n       [15.89340696, 17.03734307, 18.142809  , ..., 30.76588447,\n         0.        , 10.71612432],\n       [ 8.92185409,  7.20587595, 14.6429858 , ..., 20.43235788,\n        10.71612432,  0.        ]])"}}