{"duration": 0.002062082290649414, "input_args": {"D_high": "array([[0.        , 0.5       , 0.2       , ..., 4.22018957, 4.45757782,\n        4.10609303],\n       [0.5       , 0.        , 0.55677644, ..., 4.23792402, 4.42040722,\n        4.1024383 ],\n       [0.2       , 0.55677644, 0.        , ..., 4.0484565 , 4.29534632,\n        3.95221457],\n       ...,\n       [4.22018957, 4.23792402, 4.0484565 , ..., 0.        , 0.58309519,\n        0.65574385],\n       [4.45757782, 4.42040722, 4.29534632, ..., 0.58309519, 0.        ,\n        0.64031242],\n       [4.10609303, 4.1024383 , 3.95221457, ..., 0.65574385, 0.64031242,\n        0.        ]])", "D_low": "array([[ 0.        , 21.76240384,  0.87934705, ..., 36.73502396,\n        35.46608112, 38.55448813],\n       [21.76240384,  0.        , 21.0925551 , ..., 25.24403298,\n        24.02818185, 24.70580652],\n       [ 0.87934705, 21.0925551 ,  0.        , ..., 35.85653679,\n        34.58727741, 37.67651569],\n       ...,\n       [36.73502396, 25.24403298, 35.85653679, ...,  0.        ,\n         1.30966579,  4.14409155],\n       [35.46608112, 24.02818185, 34.58727741, ...,  1.30966579,\n         0.        ,  4.5393892 ],\n       [38.55448813, 24.70580652, 37.67651569, ...,  4.14409155,\n         4.5393892 ,  0.        ]])"}}