{"duration": 0.006005048751831055, "input_args": {"D_high": "array([[  0.        ,  99.03767478, 222.48737404, ...,  68.05106924,\n         70.4634419 ,  60.21040362],\n       [ 99.03767478,   0.        , 164.71032149, ...,  64.29096437,\n         79.46048483,  91.05102311],\n       [222.48737404, 164.71032149,   0.        , ..., 171.03618466,\n        234.92428202, 228.54251158],\n       ...,\n       [ 68.05106924,  64.29096437, 171.03618466, ...,   0.        ,\n         81.67068317,  66.23426945],\n       [ 70.4634419 ,  79.46048483, 234.92428202, ...,  81.67068317,\n          0.        ,  43.77778089],\n       [ 60.21040362,  91.05102311, 228.54251158, ...,  66.23426945,\n         43.77778089,   0.        ]])", "D_low": "array([[ 0.        , 11.8501011 ,  9.2604685 , ...,  7.41688711,\n        10.52765088, 12.33895614],\n       [11.8501011 ,  0.        , 15.49165122, ...,  5.51898384,\n        12.79479675, 18.28390396],\n       [ 9.2604685 , 15.49165122,  0.        , ..., 10.07733486,\n        19.57333211, 21.4875074 ],\n       ...,\n       [ 7.41688711,  5.51898384, 10.07733486, ...,  0.        ,\n        12.84113734, 17.15379815],\n       [10.52765088, 12.79479675, 19.57333211, ..., 12.84113734,\n         0.        ,  5.93744333],\n       [12.33895614, 18.28390396, 21.4875074 , ..., 17.15379815,\n         5.93744333,  0.        ]])"}}