{"duration": 0.0018889904022216797, "input_args": {"D_high": "array([[0.        , 0.5       , 0.74833148, 0.53851648, 3.49714169,\n        3.47275107, 2.88963666, 2.99499583, 3.18747549, 2.89482297],\n       [0.5       , 0.        , 0.75498344, 0.6       , 3.69052842,\n        3.69459064, 3.12729915, 3.30756708, 3.43074336, 3.19530906],\n       [0.74833148, 0.75498344, 0.        , 1.11803399, 4.14125585,\n        4.14004831, 3.51994318, 3.60138862, 3.84707681, 3.48998567],\n       [0.53851648, 0.6       , 1.11803399, 0.        , 3.38526218,\n        3.31209903, 2.78926514, 2.94957624, 3.02820079, 2.91376046],\n       [3.49714169, 3.69052842, 4.14125585, 3.38526218, 0.        ,\n        0.55677644, 0.74833148, 1.12249722, 0.79372539, 1.08166538],\n       [3.47275107, 3.69459064, 4.14004831, 3.31209903, 0.55677644,\n        0.        , 0.71414284, 0.97467943, 0.37416574, 1.17473401],\n       [2.88963666, 3.12729915, 3.51994318, 2.78926514, 0.74833148,\n        0.71414284, 0.        , 0.58309519, 0.51961524, 0.67082039],\n       [2.99499583, 3.30756708, 3.60138862, 2.94957624, 1.12249722,\n        0.97467943, 0.58309519, 0.        , 0.72801099, 0.51961524],\n       [3.18747549, 3.43074336, 3.84707681, 3.02820079, 0.79372539,\n        0.37416574, 0.51961524, 0.72801099, 0.        , 1.02956301],\n       [2.89482297, 3.19530906, 3.48998567, 2.91376046, 1.08166538,\n        1.17473401, 0.67082039, 0.51961524, 1.02956301, 0.        ]])", "D_low": "array([[0.        , 0.24529986, 0.440323  , 0.69579177, 7.1524973 ,\n        7.33028023, 7.93276444, 8.99650161, 7.15536062, 7.80492282],\n       [0.24529986, 0.        , 0.68082765, 0.79952235, 7.09583082,\n        7.27068712, 7.87047299, 8.93984874, 7.08905398, 7.70251027],\n       [0.440323  , 0.68082765, 0.        , 0.60737162, 7.37251611,\n        7.55448903, 8.16000716, 9.21316546, 7.39037079, 8.09297065],\n       [0.69579177, 0.79952235, 0.60737162, 0.        , 7.84796435,\n        8.02594266, 8.62852358, 9.69188661, 7.85112991, 8.49222355],\n       [7.1524973 , 7.09583082, 7.37251611, 7.84796435, 0.        ,\n        0.1973343 , 0.7975192 , 1.84421671, 0.28917722, 1.59552581],\n       [7.33028023, 7.27068712, 7.55448903, 8.02594266, 0.1973343 ,\n        0.        , 0.60736396, 1.67085729, 0.2710784 , 1.46403709],\n       [7.93276444, 7.87047299, 8.16000716, 8.62852358, 0.7975192 ,\n        0.60736396, 0.        , 1.08515005, 0.78982519, 1.36777147],\n       [8.99650161, 8.93984874, 9.21316546, 9.69188661, 1.84421671,\n        1.67085729, 1.08515005, 0.        , 1.87454239, 2.04507952],\n       [7.15536062, 7.08905398, 7.39037079, 7.85112991, 0.28917722,\n        0.2710784 , 0.78982519, 1.87454239, 0.        , 1.32547772],\n       [7.80492282, 7.70251027, 8.09297065, 8.49222355, 1.59552581,\n        1.46403709, 1.36777147, 2.04507952, 1.32547772, 0.        ]])"}}