{"duration": 0.003242015838623047, "input_args": {"D_high": "array([[0.        , 1.25698051, 0.78740079, ..., 4.57602448, 4.79165942,\n        4.21781934],\n       [1.25698051, 0.        , 0.50990195, ..., 4.05215992, 4.25440948,\n        3.80657326],\n       [0.78740079, 0.50990195, 0.        , ..., 4.10609303, 4.32897216,\n        3.81182371],\n       ...,\n       [4.57602448, 4.05215992, 4.10609303, ..., 0.        , 0.6164414 ,\n        0.64031242],\n       [4.79165942, 4.25440948, 4.32897216, ..., 0.6164414 , 0.        ,\n        0.76811457],\n       [4.21781934, 3.80657326, 3.81182371, ..., 0.64031242, 0.76811457,\n        0.        ]])", "D_low": "array([[0.        , 0.53571612, 0.87584175, ..., 5.40564725, 5.33437181,\n        5.24324784],\n       [0.53571612, 0.        , 0.50282348, ..., 5.83945645, 5.76758498,\n        5.66159806],\n       [0.87584175, 0.50282348, 0.        , ..., 5.77864903, 5.70630773,\n        5.5789783 ],\n       ...,\n       [5.40564725, 5.83945645, 5.77864903, ..., 0.        , 0.07237815,\n        0.31370625],\n       [5.33437181, 5.76758498, 5.70630773, ..., 0.07237815, 0.        ,\n        0.27006935],\n       [5.24324784, 5.66159806, 5.5789783 , ..., 0.31370625, 0.27006935,\n        0.        ]])"}}