{"duration": 0.0031232833862304688, "input_args": {"D_high": "array([[0.        , 0.58309519, 1.47986486, 3.25115364, 3.77756535,\n        3.52987252, 3.29393382, 3.21403174, 3.18433667, 2.54754784,\n        2.97657521, 4.70956474, 4.29068759],\n       [0.58309519, 0.        , 1.3       , 3.70540146, 4.2626283 ,\n        3.92428337, 3.75099987, 3.69188299, 3.61109402, 2.97489496,\n        3.43511281, 5.13419906, 4.69574275],\n       [1.47986486, 1.3       , 0.        , 4.01248053, 4.5607017 ,\n        4.15571895, 3.89615195, 3.96484552, 3.78021163, 3.06920185,\n        3.64005494, 5.3244718 , 4.94165964],\n       [3.25115364, 3.70540146, 4.01248053, 0.        , 0.64807407,\n        0.65574385, 0.6164414 , 0.31622777, 0.5       , 1.02956301,\n        0.45825757, 1.49331845, 1.13137085],\n       [3.77756535, 4.2626283 , 4.5607017 , 0.64807407, 0.        ,\n        1.05356538, 0.92736185, 0.6       , 1.00498756, 1.56843871,\n        0.96436508, 1.21243557, 1.02956301],\n       [3.52987252, 3.92428337, 4.15571895, 0.65574385, 1.05356538,\n        0.        , 0.75498344, 0.92195445, 0.52915026, 1.19582607,\n        0.82462113, 1.2489996 , 0.8660254 ],\n       [3.29393382, 3.75099987, 3.89615195, 0.6164414 , 0.92736185,\n        0.75498344, 0.        , 0.64807407, 0.38729833, 0.86023253,\n        0.43588989, 1.55241747, 1.34907376],\n       [3.21403174, 3.69188299, 3.96484552, 0.31622777, 0.6       ,\n        0.92195445, 0.64807407, 0.        , 0.6244998 , 1.00995049,\n        0.43588989, 1.61554944, 1.30384048],\n       [3.18433667, 3.61109402, 3.78021163, 0.5       , 1.00498756,\n        0.52915026, 0.38729833, 0.6244998 , 0.        , 0.72801099,\n        0.34641016, 1.56204994, 1.23693169],\n       [2.54754784, 2.97489496, 3.06920185, 1.02956301, 1.56843871,\n        1.19582607, 0.86023253, 1.00995049, 0.72801099, 0.        ,\n        0.60827625, 2.27815715, 1.94422221],\n       [2.97657521, 3.43511281, 3.64005494, 0.45825757, 0.96436508,\n        0.82462113, 0.43588989, 0.43588989, 0.34641016, 0.60827625,\n        0.        , 1.77763888, 1.45945195],\n       [4.70956474, 5.13419906, 5.3244718 , 1.49331845, 1.21243557,\n        1.2489996 , 1.55241747, 1.61554944, 1.56204994, 2.27815715,\n        1.77763888, 0.        , 0.55677644],\n       [4.29068759, 4.69574275, 4.94165964, 1.13137085, 1.02956301,\n        0.8660254 , 1.34907376, 1.30384048, 1.23693169, 1.94422221,\n        1.45945195, 0.55677644, 0.        ]])", "D_low": "array([[ 0.        ,  1.11016653, 17.25563317, 29.12732079, 30.9510367 ,\n        28.34862537, 30.72124178, 30.35628921, 29.27096768, 43.19258659,\n        29.67209797, 37.53826447, 38.04323049],\n       [ 1.11016653,  0.        , 17.21837286, 28.18741752, 29.9899981 ,\n        27.37554136, 29.70665328, 29.36653837, 28.25206318, 42.18968561,\n        28.77352028, 36.73430915, 37.22196739],\n       [17.25563317, 17.21837286,  0.        , 40.18682456, 41.47132879,\n        38.81418129, 39.99962358, 40.2908132 , 38.5568661 , 38.00332241,\n        41.40249735, 27.61936552, 28.43886237],\n       [29.12732079, 28.18741752, 40.18682456,  0.        ,  2.11517068,\n         1.84570588,  4.48758526,  2.92303865,  4.38494291, 36.47588039,\n         2.00471918, 40.9394845 , 40.72423946],\n       [30.9510367 , 29.9899981 , 41.47132879,  2.11517068,  0.        ,\n         2.68680962,  3.23412889,  1.74519731,  3.83367295, 35.70275546,\n         3.32508596, 40.86159806, 40.59665107],\n       [28.34862537, 27.37554136, 38.81418129,  1.84570588,  2.68680962,\n         0.        ,  3.39078775,  2.2037319 ,  2.80496865, 34.72659012,\n         3.82672217, 39.09425394, 38.87853564],\n       [30.72124178, 29.70665328, 39.99962358,  4.48758526,  3.23412889,\n         3.39078775,  0.        ,  1.60336418,  1.48024811, 32.4719917 ,\n         6.2962571 , 37.87625828, 37.58208483],\n       [30.35628921, 29.36653837, 40.2908132 ,  2.92303865,  1.74519731,\n         2.2037319 ,  1.60336418,  0.        ,  2.11772971, 33.99691059,\n         4.69311566, 39.13136825, 38.86146642],\n       [29.27096768, 28.25206318, 38.5568661 ,  4.38494291,  3.83367295,\n         2.80496865,  1.48024811,  2.11772971,  0.        , 32.11865452,\n         6.3622364 , 37.0280434 , 36.76499546],\n       [43.19258659, 42.18968561, 38.00332241, 36.47588039, 35.70275546,\n        34.72659012, 32.4719917 , 33.99691059, 32.11865452,  0.        ,\n        38.47216305, 13.76809065, 12.81579816],\n       [29.67209797, 28.77352028, 41.40249735,  2.00471918,  3.32508596,\n         3.82672217,  6.2962571 ,  4.69311566,  6.3622364 , 38.47216305,\n         0.        , 42.88737234, 42.68256465],\n       [37.53826447, 36.73430915, 27.61936552, 40.9394845 , 40.86159806,\n        39.09425394, 37.87625828, 39.13136825, 37.0280434 , 13.76809065,\n        42.88737234,  0.        ,  0.98898806],\n       [38.04323049, 37.22196739, 28.43886237, 40.72423946, 40.59665107,\n        38.87853564, 37.58208483, 38.86146642, 36.76499546, 12.81579816,\n        42.68256465,  0.98898806,  0.        ]])"}}