{"duration": 0.005255222320556641, "input_args": {"D_high": "array([[  0.        ,  77.93464827, 115.40589995, ..., 101.71684227,\n        201.12626702,  59.67790051],\n       [ 77.93464827,   0.        ,  83.43747073, ...,  38.98205746,\n        183.93333012,  21.17286036],\n       [115.40589995,  83.43747073,   0.        , ...,  68.4928943 ,\n        207.62569195,  85.47655366],\n       ...,\n       [101.71684227,  38.98205746,  68.4928943 , ...,   0.        ,\n        189.87669905,  46.59966957],\n       [201.12626702, 183.93333012, 207.62569195, ..., 189.87669905,\n          0.        , 186.26121056],\n       [ 59.67790051,  21.17286036,  85.47655366, ...,  46.59966957,\n        186.26121056,   0.        ]])", "D_low": "array([[ 0.        , 12.0102673 , 24.66524629, ..., 21.05620175,\n        11.80236548,  8.19965012],\n       [12.0102673 ,  0.        , 16.99640471, ..., 10.12320852,\n         6.59178175,  3.92578401],\n       [24.66524629, 16.99640471,  0.        , ...,  9.43769917,\n        23.54619677, 19.60490104],\n       ...,\n       [21.05620175, 10.12320852,  9.43769917, ...,  0.        ,\n        15.92718254, 13.79008529],\n       [11.80236548,  6.59178175, 23.54619677, ..., 15.92718254,\n         0.        ,  5.79464008],\n       [ 8.19965012,  3.92578401, 19.60490104, ..., 13.79008529,\n         5.79464008,  0.        ]])"}}