{"duration": 0.004770755767822266, "input_args": {"D_high": "array([[0.        , 0.53851648, 0.50990195, ..., 4.27668096, 4.45982062,\n        4.65080638],\n       [0.53851648, 0.        , 0.3       , ..., 4.24970587, 4.49888875,\n        4.71805044],\n       [0.50990195, 0.3       , 0.        , ..., 4.43057558, 4.66154481,\n        4.84871117],\n       ...,\n       [4.27668096, 4.24970587, 4.43057558, ..., 0.        , 0.58309519,\n        1.06770783],\n       [4.45982062, 4.49888875, 4.66154481, ..., 0.58309519, 0.        ,\n        0.6164414 ],\n       [4.65080638, 4.71805044, 4.84871117, ..., 1.06770783, 0.6164414 ,\n        0.        ]])", "D_low": "array([[ 0.        , 11.7619264 , 13.10248358, ..., 26.77581476,\n        25.46656286, 28.29631332],\n       [11.7619264 ,  0.        ,  1.98589921, ..., 34.45919306,\n        33.19871271, 22.30503636],\n       [13.10248358,  1.98589921,  0.        , ..., 36.41823101,\n        35.15438177, 23.43780479],\n       ...,\n       [26.77581476, 34.45919306, 36.41823101, ...,  0.        ,\n         1.30966579, 32.9259166 ],\n       [25.46656286, 33.19871271, 35.15438177, ...,  1.30966579,\n         0.        , 32.1741195 ],\n       [28.29631332, 22.30503636, 23.43780479, ..., 32.9259166 ,\n        32.1741195 ,  0.        ]])"}}