{"duration": 0.17096972465515137, "input_args": {"D_high": "array([[ 0.        , 11.87434209,  2.23606798, ..., 17.3781472 ,\n        12.9614814 , 13.89244399],\n       [11.87434209,  0.        , 11.3137085 , ..., 14.6628783 ,\n        11.78982612, 10.95445115],\n       [ 2.23606798, 11.3137085 ,  0.        , ..., 17.40689519,\n        12.76714533, 13.6381817 ],\n       ...,\n       [17.3781472 , 14.6628783 , 17.40689519, ...,  0.        ,\n         7.74596669,  8.18535277],\n       [12.9614814 , 11.78982612, 12.76714533, ...,  7.74596669,\n         0.        ,  3.31662479],\n       [13.89244399, 10.95445115, 13.6381817 , ...,  8.18535277,\n         3.31662479,  0.        ]])", "D_low": "array([[ 0.        ,  7.63692521,  7.39992786, ..., 11.38475714,\n        11.50017143, 11.39315276],\n       [ 7.63692521,  0.        , 14.66931871, ...,  7.93026183,\n         7.95996209,  7.88729537],\n       [ 7.39992786, 14.66931871,  0.        , ..., 15.60858393,\n        15.74959306, 15.64868657],\n       ...,\n       [11.38475714,  7.93026183, 15.60858393, ...,  0.        ,\n         0.14324741,  0.07405923],\n       [11.50017143,  7.95996209, 15.74959306, ...,  0.14324741,\n         0.        ,  0.10757503],\n       [11.39315276,  7.88729537, 15.64868657, ...,  0.07405923,\n         0.10757503,  0.        ]])", "k": "40"}}