{"duration": 0.002054929733276367, "input_args": {"D_high": "array([[0.        , 0.5       , 0.2       , ..., 4.22018957, 4.45757782,\n        4.10609303],\n       [0.5       , 0.        , 0.55677644, ..., 4.23792402, 4.42040722,\n        4.1024383 ],\n       [0.2       , 0.55677644, 0.        , ..., 4.0484565 , 4.29534632,\n        3.95221457],\n       ...,\n       [4.22018957, 4.23792402, 4.0484565 , ..., 0.        , 0.58309519,\n        0.65574385],\n       [4.45757782, 4.42040722, 4.29534632, ..., 0.58309519, 0.        ,\n        0.64031242],\n       [4.10609303, 4.1024383 , 3.95221457, ..., 0.65574385, 0.64031242,\n        0.        ]])", "D_low": "array([[ 0.        , 12.77653179,  1.07349422, ..., 15.27499095,\n        18.48689339, 17.45940159],\n       [12.77653179,  0.        , 11.73791655, ..., 17.48842632,\n        25.65659199, 18.07792879],\n       [ 1.07349422, 11.73791655,  0.        , ..., 15.32358012,\n        19.09210618, 17.40932201],\n       ...,\n       [15.27499095, 17.48842632, 15.32358012, ...,  0.        ,\n         9.90349224,  2.61091257],\n       [18.48689339, 25.65659199, 19.09210618, ...,  9.90349224,\n         0.        , 11.56273818],\n       [17.45940159, 18.07792879, 17.40932201, ...,  2.61091257,\n        11.56273818,  0.        ]])"}}