{"duration": 0.0053522586822509766, "input_args": {"D_high": "array([[  0.        ,  84.1961696 ,  77.77817558, ..., 164.25094499,\n         96.7953527 , 143.21994847],\n       [ 84.1961696 ,   0.        , 123.13577912, ..., 226.59142528,\n         74.06281237, 214.02748194],\n       [ 77.77817558, 123.13577912,   0.        , ..., 111.20643942,\n         90.52153753, 101.51019271],\n       ...,\n       [164.25094499, 226.59142528, 111.20643942, ...,   0.        ,\n        189.87669905,  46.59966957],\n       [ 96.7953527 ,  74.06281237,  90.52153753, ..., 189.87669905,\n          0.        , 186.26121056],\n       [143.21994847, 214.02748194, 101.51019271, ...,  46.59966957,\n        186.26121056,   0.        ]])", "D_low": "array([[ 0.        , 15.59553705, 11.01826997, ..., 31.7938674 ,\n        12.87880795, 17.4682935 ],\n       [15.59553705,  0.        , 21.81750341, ..., 31.62856037,\n         2.74197653, 11.22177918],\n       [11.01826997, 21.81750341,  0.        , ..., 23.44331749,\n        19.29196973, 17.12515453],\n       ...,\n       [31.7938674 , 31.62856037, 23.44331749, ...,  0.        ,\n        30.76588447, 20.43235788],\n       [12.87880795,  2.74197653, 19.29196973, ..., 30.76588447,\n         0.        , 10.71612432],\n       [17.4682935 , 11.22177918, 17.12515453, ..., 20.43235788,\n        10.71612432,  0.        ]])"}}