{"duration": 0.002796173095703125, "input_args": {"D_high": "array([[0.        , 0.5       , 0.2       , ..., 4.22018957, 4.45757782,\n        4.10609303],\n       [0.5       , 0.        , 0.55677644, ..., 4.23792402, 4.42040722,\n        4.1024383 ],\n       [0.2       , 0.55677644, 0.        , ..., 4.0484565 , 4.29534632,\n        3.95221457],\n       ...,\n       [4.22018957, 4.23792402, 4.0484565 , ..., 0.        , 0.58309519,\n        0.65574385],\n       [4.45757782, 4.42040722, 4.29534632, ..., 0.58309519, 0.        ,\n        0.64031242],\n       [4.10609303, 4.1024383 , 3.95221457, ..., 0.65574385, 0.64031242,\n        0.        ]])", "D_low": "array([[0.        , 0.50394536, 0.34871216, ..., 5.38747949, 6.25911989,\n        6.21641567],\n       [0.50394536, 0.        , 0.15674277, ..., 5.57116515, 6.42274315,\n        6.38125844],\n       [0.34871216, 0.15674277, 0.        , ..., 5.52684544, 6.38536679,\n        6.34347071],\n       ...,\n       [5.38747949, 5.57116515, 5.52684544, ..., 0.        , 0.89779876,\n        0.85293025],\n       [6.25911989, 6.42274315, 6.38536679, ..., 0.89779876, 0.        ,\n        0.04512322],\n       [6.21641567, 6.38125844, 6.34347071, ..., 0.85293025, 0.04512322,\n        0.        ]])"}}