{"duration": 0.0019121170043945312, "input_args": {"D_high": "array([[0.        , 0.38729833, 0.52915026, 2.69443872, 2.65518361,\n        3.55246393, 5.17107339],\n       [0.38729833, 0.        , 0.33166248, 2.65518361, 2.64952826,\n        3.55387113, 5.25642464],\n       [0.52915026, 0.33166248, 0.        , 2.82488938, 2.75862284,\n        3.591657  , 5.2516664 ],\n       [2.69443872, 2.65518361, 2.82488938, 0.        , 0.67082039,\n        1.63707055, 3.51852242],\n       [2.65518361, 2.64952826, 2.75862284, 0.67082039, 0.        ,\n        1.10905365, 2.99499583],\n       [3.55246393, 3.55387113, 3.591657  , 1.63707055, 1.10905365,\n        0.        , 2.00499377],\n       [5.17107339, 5.25642464, 5.2516664 , 3.51852242, 2.99499583,\n        2.00499377, 0.        ]])", "D_low": "array([[ 0.        ,  2.1216998 ,  2.50027343, 15.11922624, 12.75741279,\n        14.35460539,  8.75960183],\n       [ 2.1216998 ,  0.        ,  1.29159835, 13.80366155, 11.30527175,\n        12.48908875,  6.64062567],\n       [ 2.50027343,  1.29159835,  0.        , 12.75457007, 10.32632675,\n        11.86468157,  6.67184865],\n       [15.11922624, 13.80366155, 12.75457007,  0.        ,  2.67961678,\n         5.69695131, 11.00330099],\n       [12.75741279, 11.30527175, 10.32632675,  2.67961678,  0.        ,\n         4.27911698,  8.36910424],\n       [14.35460539, 12.48908875, 11.86468157,  5.69695131,  4.27911698,\n         0.        ,  7.2626915 ],\n       [ 8.75960183,  6.64062567,  6.67184865, 11.00330099,  8.36910424,\n         7.2626915 ,  0.        ]])"}}