{"duration": 0.019489765167236328, "input_args": {"D_high": "array([[  0.        ,  78.51486107,  69.20815273, ...,  69.73493016,\n         71.7084146 ,  59.3410676 ],\n       [ 78.51486107,   0.        ,  52.82187071, ..., 116.13798098,\n         25.56589605,  57.21757619],\n       [ 69.20815273,  52.82187071,   0.        , ..., 115.90542006,\n         47.68584545,  27.4294094 ],\n       ...,\n       [ 69.73493016, 116.13798098, 115.90542006, ...,   0.        ,\n        116.45694834, 116.0975663 ],\n       [ 71.7084146 ,  25.56589605,  47.68584545, ..., 116.45694834,\n          0.        ,  52.21198288],\n       [ 59.3410676 ,  57.21757619,  27.4294094 , ..., 116.0975663 ,\n         52.21198288,   0.        ]])", "D_low": "array([[ 0.        , 15.95500926,  6.91267159, ...,  8.95457431,\n        11.94704186,  7.38888174],\n       [15.95500926,  0.        , 10.20774783, ..., 22.32509086,\n         4.01069616,  8.75146034],\n       [ 6.91267159, 10.20774783,  0.        , ..., 12.1275097 ,\n         6.55207071,  2.11767495],\n       ...,\n       [ 8.95457431, 22.32509086, 12.1275097 , ...,  0.        ,\n        18.63701662, 13.84575595],\n       [11.94704186,  4.01069616,  6.55207071, ..., 18.63701662,\n         0.        ,  4.84779666],\n       [ 7.38888174,  8.75146034,  2.11767495, ..., 13.84575595,\n         4.84779666,  0.        ]])"}}