{"duration": 0.0019328594207763672, "input_args": {"D_high": "array([[0.        , 0.5       , 0.74833148, 0.53851648, 3.49714169,\n        3.47275107, 2.88963666, 2.99499583, 3.18747549, 2.89482297],\n       [0.5       , 0.        , 0.75498344, 0.6       , 3.69052842,\n        3.69459064, 3.12729915, 3.30756708, 3.43074336, 3.19530906],\n       [0.74833148, 0.75498344, 0.        , 1.11803399, 4.14125585,\n        4.14004831, 3.51994318, 3.60138862, 3.84707681, 3.48998567],\n       [0.53851648, 0.6       , 1.11803399, 0.        , 3.38526218,\n        3.31209903, 2.78926514, 2.94957624, 3.02820079, 2.91376046],\n       [3.49714169, 3.69052842, 4.14125585, 3.38526218, 0.        ,\n        0.55677644, 0.74833148, 1.12249722, 0.79372539, 1.08166538],\n       [3.47275107, 3.69459064, 4.14004831, 3.31209903, 0.55677644,\n        0.        , 0.71414284, 0.97467943, 0.37416574, 1.17473401],\n       [2.88963666, 3.12729915, 3.51994318, 2.78926514, 0.74833148,\n        0.71414284, 0.        , 0.58309519, 0.51961524, 0.67082039],\n       [2.99499583, 3.30756708, 3.60138862, 2.94957624, 1.12249722,\n        0.97467943, 0.58309519, 0.        , 0.72801099, 0.51961524],\n       [3.18747549, 3.43074336, 3.84707681, 3.02820079, 0.79372539,\n        0.37416574, 0.51961524, 0.72801099, 0.        , 1.02956301],\n       [2.89482297, 3.19530906, 3.48998567, 2.91376046, 1.08166538,\n        1.17473401, 0.67082039, 0.51961524, 1.02956301, 0.        ]])", "D_low": "array([[ 0.        ,  3.78764431,  3.19155987,  3.38298892, 12.66517839,\n        13.07783889, 15.33685319, 16.65074962, 13.46334551, 16.42896202],\n       [ 3.78764431,  0.        ,  4.26311618,  2.05014373, 13.79129631,\n        13.66778346, 16.61817425, 18.21454162, 13.9398419 , 17.82080221],\n       [ 3.19155987,  4.26311618,  0.        ,  5.29848714,  9.8506655 ,\n        10.05000841, 12.6236578 , 14.11149972, 10.40459574, 13.78401298],\n       [ 3.38298892,  2.05014373,  5.29848714,  0.        , 15.134368  ,\n        15.20624366, 17.91954355, 19.40277498, 15.51841249, 19.08249932],\n       [12.66517839, 13.79129631,  9.8506655 , 15.134368  ,  0.        ,\n         1.9377999 ,  2.84074945,  4.63016072,  2.40972563,  4.08071469],\n       [13.07783889, 13.66778346, 10.05000841, 15.20624366,  1.9377999 ,\n         0.        ,  3.80400204,  5.78671309,  0.52711745,  5.02997443],\n       [15.33685319, 16.61817425, 12.6236578 , 17.91954355,  2.84074945,\n         3.80400204,  0.        ,  1.98539431,  3.96295308,  1.26389193],\n       [16.65074962, 18.21454162, 14.11149972, 19.40277498,  4.63016072,\n         5.78671309,  1.98539431,  0.        ,  5.94551979,  0.90564736],\n       [13.46334551, 13.9398419 , 10.40459574, 15.51841249,  2.40972563,\n         0.52711745,  3.96295308,  5.94551979,  0.        ,  5.14576579],\n       [16.42896202, 17.82080221, 13.78401298, 19.08249932,  4.08071469,\n         5.02997443,  1.26389193,  0.90564736,  5.14576579,  0.        ]])"}}