{"duration": 0.035032033920288086, "input_args": {"D_high": "array([[  0.        ,  66.90348403,  54.29633528, ...,  50.39119964,\n         89.23943184,  61.27038404],\n       [ 66.90348403,   0.        , 102.51825711, ...,  26.11680932,\n         80.22894802,  38.63518149],\n       [ 54.29633528, 102.51825711,   0.        , ...,  85.13919448,\n         91.66838038,  76.41017076],\n       ...,\n       [ 50.39119964,  26.11680932,  85.13919448, ...,   0.        ,\n         86.1426327 ,  33.06672648],\n       [ 89.23943184,  80.22894802,  91.66838038, ...,  86.1426327 ,\n          0.        ,  65.05813008],\n       [ 61.27038404,  38.63518149,  76.41017076, ...,  33.06672648,\n         65.05813008,   0.        ]])", "D_low": "array([[ 0.        , 13.96147815,  7.15248981, ..., 11.12383761,\n        21.71867178, 12.79255214],\n       [13.96147815,  0.        , 18.81992269, ...,  2.84647084,\n        24.99516791, 19.15564751],\n       [ 7.15248981, 18.81992269,  0.        , ..., 16.23036878,\n        16.54869267,  7.65902032],\n       ...,\n       [11.12383761,  2.84647084, 16.23036878, ...,  0.        ,\n        23.89048157, 17.29650212],\n       [21.71867178, 24.99516791, 16.54869267, ..., 23.89048157,\n         0.        ,  9.05824525],\n       [12.79255214, 19.15564751,  7.65902032, ..., 17.29650212,\n         9.05824525,  0.        ]])"}}