{"duration": 0.012183189392089844, "input_args": {"D_high": "array([[ 0.        , 11.87434209,  2.23606798, ...,  2.82842712,\n        16.91153453,  4.47213595],\n       [11.87434209,  0.        , 11.3137085 , ..., 12.20655562,\n        10.34408043, 12.68857754],\n       [ 2.23606798, 11.3137085 ,  0.        , ...,  2.23606798,\n        16.88194302,  3.        ],\n       ...,\n       [ 2.82842712, 12.20655562,  2.23606798, ...,  0.        ,\n        17.94435844,  2.        ],\n       [16.91153453, 10.34408043, 16.88194302, ..., 17.94435844,\n         0.        , 18.60107524],\n       [ 4.47213595, 12.68857754,  3.        , ...,  2.        ,\n        18.60107524,  0.        ]])", "D_low": "array([[ 0.        ,  7.73164432,  5.18286021, ...,  5.15079174,\n         9.12523042, 11.50481258],\n       [ 7.73164432,  0.        , 12.50849924, ...,  8.96704378,\n         3.21717737, 18.72459947],\n       [ 5.18286021, 12.50849924,  0.        , ...,  9.10920582,\n        13.10873911,  9.65807939],\n       ...,\n       [ 5.15079174,  8.96704378,  9.10920582, ...,  0.        ,\n        11.6244446 , 10.63026094],\n       [ 9.12523042,  3.21717737, 13.10873911, ..., 11.6244446 ,\n         0.        , 20.59043608],\n       [11.50481258, 18.72459947,  9.65807939, ..., 10.63026094,\n        20.59043608,  0.        ]])"}}