{"duration": 0.17165207862854004, "input_args": {"D_high": "array([[  0.        ,  66.90348403,  54.29633528, ..., 117.7833007 ,\n         43.58127217,  61.71982942],\n       [ 66.90348403,   0.        , 102.51825711, ..., 118.02190998,\n         53.16248681,  12.74524602],\n       [ 54.29633528, 102.51825711,   0.        , ..., 130.39398885,\n         59.87774486,  96.3199743 ],\n       ...,\n       [117.7833007 , 118.02190998, 130.39398885, ...,   0.        ,\n        116.45694834, 116.0975663 ],\n       [ 43.58127217,  53.16248681,  59.87774486, ..., 116.45694834,\n          0.        ,  52.21198288],\n       [ 61.71982942,  12.74524602,  96.3199743 , ..., 116.0975663 ,\n         52.21198288,   0.        ]])", "D_low": "array([[ 0.        , 11.70801861,  6.09819717, ..., 17.7522683 ,\n         6.26159513, 11.61910506],\n       [11.70801861,  0.        , 15.2721193 , ..., 14.06037781,\n        11.13194867,  0.08918097],\n       [ 6.09819717, 15.2721193 ,  0.        , ..., 15.84864416,\n         4.76385747, 15.18681364],\n       ...,\n       [17.7522683 , 14.06037781, 15.84864416, ...,  0.        ,\n        11.89786533, 14.04849189],\n       [ 6.26159513, 11.13194867,  4.76385747, ..., 11.89786533,\n         0.        , 11.05275748],\n       [11.61910506,  0.08918097, 15.18681364, ..., 14.04849189,\n        11.05275748,  0.        ]])", "k": "35"}}