{"duration": 0.0057659149169921875, "input_args": {"D_high": "array([[  0.        ,  84.1961696 ,  77.77817558, ..., 164.25094499,\n         96.7953527 , 143.21994847],\n       [ 84.1961696 ,   0.        , 123.13577912, ..., 226.59142528,\n         74.06281237, 214.02748194],\n       [ 77.77817558, 123.13577912,   0.        , ..., 111.20643942,\n         90.52153753, 101.51019271],\n       ...,\n       [164.25094499, 226.59142528, 111.20643942, ...,   0.        ,\n        189.87669905,  46.59966957],\n       [ 96.7953527 ,  74.06281237,  90.52153753, ..., 189.87669905,\n          0.        , 186.26121056],\n       [143.21994847, 214.02748194, 101.51019271, ...,  46.59966957,\n        186.26121056,   0.        ]])", "D_low": "array([[ 0.        ,  5.46288306,  6.07659508, ..., 12.0331492 ,\n         6.61375253, 13.84786975],\n       [ 5.46288306,  0.        , 10.19636273, ..., 11.9480615 ,\n         3.59875936, 16.03792441],\n       [ 6.07659508, 10.19636273,  0.        , ...,  9.16930245,\n         9.06854214,  8.42687195],\n       ...,\n       [12.0331492 , 11.9480615 ,  9.16930245, ...,  0.        ,\n         8.49409567,  6.43003997],\n       [ 6.61375253,  3.59875936,  9.06854214, ...,  8.49409567,\n         0.        , 13.22257587],\n       [13.84786975, 16.03792441,  8.42687195, ...,  6.43003997,\n        13.22257587,  0.        ]])"}}