{"duration": 0.03764009475708008, "input_args": {"D_high": "array([[  0.        ,  77.93464827, 115.40589995, ..., 128.91608086,\n         71.42824327,  88.2669252 ],\n       [ 77.93464827,   0.        ,  83.43747073, ..., 114.70143766,\n         44.29446946,  17.10820975],\n       [115.40589995,  83.43747073,   0.        , ..., 138.70632141,\n         74.24292516,  83.46352557],\n       ...,\n       [128.91608086, 114.70143766, 138.70632141, ...,   0.        ,\n        116.45694834, 116.0975663 ],\n       [ 71.42824327,  44.29446946,  74.24292516, ..., 116.45694834,\n          0.        ,  52.21198288],\n       [ 88.2669252 ,  17.10820975,  83.46352557, ..., 116.0975663 ,\n         52.21198288,   0.        ]])", "D_low": "array([[ 0.        , 11.69207133, 19.43320093, ..., 19.84305573,\n        14.72804786, 12.97798272],\n       [11.69207133,  0.        , 22.27475674, ..., 16.13118041,\n        11.71873661,  1.36761676],\n       [19.43320093, 22.27475674,  0.        , ..., 37.14639334,\n        11.6220089 , 22.51342956],\n       ...,\n       [19.84305573, 16.13118041, 37.14639334, ...,  0.        ,\n        27.68823001, 16.68098067],\n       [14.72804786, 11.71873661, 11.6220089 , ..., 27.68823001,\n         0.        , 11.58415985],\n       [12.97798272,  1.36761676, 22.51342956, ..., 16.68098067,\n        11.58415985,  0.        ]])"}}