{"duration": 0.0031261444091796875, "input_args": {"D_high": "array([[0.        , 0.53851648, 0.50990195, ..., 3.591657  , 5.63914887,\n        4.51995575],\n       [0.53851648, 0.        , 0.3       , ..., 3.47994253, 5.74717322,\n        4.52106182],\n       [0.50990195, 0.3       , 0.        , ..., 3.60832371, 5.89406481,\n        4.69361268],\n       ...,\n       [3.591657  , 3.47994253, 3.60832371, ..., 0.        , 3.1144823 ,\n        1.72336879],\n       [5.63914887, 5.74717322, 5.89406481, ..., 3.1144823 , 0.        ,\n        1.56524758],\n       [4.51995575, 4.52106182, 4.69361268, ..., 1.72336879, 1.56524758,\n        0.        ]])", "D_low": "array([[0.        , 0.42818332, 0.24690989, ..., 4.76490535, 5.90260664,\n        3.98238535],\n       [0.42818332, 0.        , 0.60049126, ..., 4.98176752, 6.10563614,\n        4.25247275],\n       [0.24690989, 0.60049126, 0.        , ..., 4.88718146, 6.03038706,\n        4.07297407],\n       ...,\n       [4.76490535, 4.98176752, 4.88718146, ..., 0.        , 1.14908185,\n        1.01557433],\n       [5.90260664, 6.10563614, 6.03038706, ..., 1.14908185, 0.        ,\n        2.10707799],\n       [3.98238535, 4.25247275, 4.07297407, ..., 1.01557433, 2.10707799,\n        0.        ]])"}}