{"duration": 0.04117107391357422, "input_args": {"D_high": "array([[  0.        ,  66.90348403,  54.29633528, ...,  50.39119964,\n         89.23943184,  61.27038404],\n       [ 66.90348403,   0.        , 102.51825711, ...,  26.11680932,\n         80.22894802,  38.63518149],\n       [ 54.29633528, 102.51825711,   0.        , ...,  85.13919448,\n         91.66838038,  76.41017076],\n       ...,\n       [ 50.39119964,  26.11680932,  85.13919448, ...,   0.        ,\n         86.1426327 ,  33.06672648],\n       [ 89.23943184,  80.22894802,  91.66838038, ...,  86.1426327 ,\n          0.        ,  65.05813008],\n       [ 61.27038404,  38.63518149,  76.41017076, ...,  33.06672648,\n         65.05813008,   0.        ]])", "D_low": "array([[ 0.        , 17.26916642,  3.05384196, ..., 13.98233444,\n        29.57371982, 24.15862359],\n       [17.26916642,  0.        , 16.7330941 , ...,  3.53652032,\n        16.73922526, 10.92590975],\n       [ 3.05384196, 16.7330941 ,  0.        , ..., 13.76659846,\n        27.53072413, 22.35837021],\n       ...,\n       [13.98233444,  3.53652032, 13.76659846, ...,  0.        ,\n        19.58737491, 13.67427055],\n       [29.57371982, 16.73922526, 27.53072413, ..., 19.58737491,\n         0.        ,  5.91872548],\n       [24.15862359, 10.92590975, 22.35837021, ..., 13.67427055,\n         5.91872548,  0.        ]])"}}