{"duration": 0.020797014236450195, "input_args": {"D_high": "array([[  0.        ,  78.51486107,  69.20815273, ...,  69.73493016,\n         71.7084146 ,  59.3410676 ],\n       [ 78.51486107,   0.        ,  52.82187071, ..., 116.13798098,\n         25.56589605,  57.21757619],\n       [ 69.20815273,  52.82187071,   0.        , ..., 115.90542006,\n         47.68584545,  27.4294094 ],\n       ...,\n       [ 69.73493016, 116.13798098, 115.90542006, ...,   0.        ,\n        116.45694834, 116.0975663 ],\n       [ 71.7084146 ,  25.56589605,  47.68584545, ..., 116.45694834,\n          0.        ,  52.21198288],\n       [ 59.3410676 ,  57.21757619,  27.4294094 , ..., 116.0975663 ,\n         52.21198288,   0.        ]])", "D_low": "array([[ 0.        , 16.93698872,  6.92465436, ...,  9.0502666 ,\n        15.1332618 ,  8.55263949],\n       [16.93698872,  0.        , 11.46819786, ..., 24.12077263,\n         1.86894408, 10.35786267],\n       [ 6.92465436, 11.46819786,  0.        , ..., 12.66431886,\n         9.60273797,  1.63036387],\n       ...,\n       [ 9.0502666 , 24.12077263, 12.66431886, ...,  0.        ,\n        22.25236863, 13.94538566],\n       [15.1332618 ,  1.86894408,  9.60273797, ..., 22.25236863,\n         0.        ,  8.52000947],\n       [ 8.55263949, 10.35786267,  1.63036387, ..., 13.94538566,\n         8.52000947,  0.        ]])"}}