{"duration": 0.002044200897216797, "input_args": {"D_high": "array([[0.        , 0.5       , 0.2       , ..., 4.22018957, 4.45757782,\n        4.10609303],\n       [0.5       , 0.        , 0.55677644, ..., 4.23792402, 4.42040722,\n        4.1024383 ],\n       [0.2       , 0.55677644, 0.        , ..., 4.0484565 , 4.29534632,\n        3.95221457],\n       ...,\n       [4.22018957, 4.23792402, 4.0484565 , ..., 0.        , 0.58309519,\n        0.65574385],\n       [4.45757782, 4.42040722, 4.29534632, ..., 0.58309519, 0.        ,\n        0.64031242],\n       [4.10609303, 4.1024383 , 3.95221457, ..., 0.65574385, 0.64031242,\n        0.        ]])", "D_low": "array([[0.        , 1.81590066, 0.78433555, ..., 5.96631601, 5.9771775 ,\n        5.7949277 ],\n       [1.81590066, 0.        , 1.09537895, ..., 4.27739546, 4.34053522,\n        4.20293152],\n       [0.78433555, 1.09537895, 0.        , ..., 5.1819949 , 5.19486729,\n        5.01611061],\n       ...,\n       [5.96631601, 4.27739546, 5.1819949 , ..., 0.        , 0.36645837,\n        0.63898298],\n       [5.9771775 , 4.34053522, 5.19486729, ..., 0.36645837, 0.        ,\n        0.31370625],\n       [5.7949277 , 4.20293152, 5.01611061, ..., 0.63898298, 0.31370625,\n        0.        ]])"}}