{"duration": 0.07737278938293457, "input_args": {"D_high": "array([[ 0.        , 11.87434209,  2.23606798, ..., 17.3781472 ,\n        12.9614814 , 13.89244399],\n       [11.87434209,  0.        , 11.3137085 , ..., 14.6628783 ,\n        11.78982612, 10.95445115],\n       [ 2.23606798, 11.3137085 ,  0.        , ..., 17.40689519,\n        12.76714533, 13.6381817 ],\n       ...,\n       [17.3781472 , 14.6628783 , 17.40689519, ...,  0.        ,\n         7.74596669,  8.18535277],\n       [12.9614814 , 11.78982612, 12.76714533, ...,  7.74596669,\n         0.        ,  3.31662479],\n       [13.89244399, 10.95445115, 13.6381817 , ...,  8.18535277,\n         3.31662479,  0.        ]])", "D_low": "array([[ 0.        ,  3.61603487,  4.39415311, ..., 10.70499526,\n        10.41815874, 10.34880403],\n       [ 3.61603487,  0.        ,  7.14250534, ...,  8.8305582 ,\n         8.03447506,  7.94753127],\n       [ 4.39415311,  7.14250534,  0.        , ..., 15.09140846,\n        14.72873046, 14.65463398],\n       ...,\n       [10.70499526,  8.8305582 , 15.09140846, ...,  0.        ,\n         1.73563552,  1.8123202 ],\n       [10.41815874,  8.03447506, 14.72873046, ...,  1.73563552,\n         0.        ,  0.0986779 ],\n       [10.34880403,  7.94753127, 14.65463398, ...,  1.8123202 ,\n         0.0986779 ,  0.        ]])"}}