{"duration": 0.0077860355377197266, "input_args": {"D_high": "array([[  0.        ,  77.93464827, 115.40589995, ..., 101.71684227,\n        201.12626702,  59.67790051],\n       [ 77.93464827,   0.        ,  83.43747073, ...,  38.98205746,\n        183.93333012,  21.17286036],\n       [115.40589995,  83.43747073,   0.        , ...,  68.4928943 ,\n        207.62569195,  85.47655366],\n       ...,\n       [101.71684227,  38.98205746,  68.4928943 , ...,   0.        ,\n        189.87669905,  46.59966957],\n       [201.12626702, 183.93333012, 207.62569195, ..., 189.87669905,\n          0.        , 186.26121056],\n       [ 59.67790051,  21.17286036,  85.47655366, ...,  46.59966957,\n        186.26121056,   0.        ]])", "D_low": "array([[ 0.        , 11.69207133, 19.43320093, ..., 24.17839226,\n        24.79959546,  6.94695291],\n       [11.69207133,  0.        , 22.27475674, ..., 12.60713865,\n        14.14005931,  5.0378159 ],\n       [19.43320093, 22.27475674,  0.        , ..., 28.77018546,\n        35.38783019, 21.5806388 ],\n       ...,\n       [24.17839226, 12.60713865, 28.77018546, ...,  0.        ,\n        10.14124741, 17.63824825],\n       [24.79959546, 14.14005931, 35.38783019, ..., 10.14124741,\n         0.        , 17.92745571],\n       [ 6.94695291,  5.0378159 , 21.5806388 , ..., 17.63824825,\n        17.92745571,  0.        ]])"}}