{"duration": 0.002156972885131836, "input_args": {"D_high": "array([[0.        , 0.38729833, 0.52915026, 2.69443872, 2.65518361,\n        3.55246393, 5.17107339],\n       [0.38729833, 0.        , 0.33166248, 2.65518361, 2.64952826,\n        3.55387113, 5.25642464],\n       [0.52915026, 0.33166248, 0.        , 2.82488938, 2.75862284,\n        3.591657  , 5.2516664 ],\n       [2.69443872, 2.65518361, 2.82488938, 0.        , 0.67082039,\n        1.63707055, 3.51852242],\n       [2.65518361, 2.64952826, 2.75862284, 0.67082039, 0.        ,\n        1.10905365, 2.99499583],\n       [3.55246393, 3.55387113, 3.591657  , 1.63707055, 1.10905365,\n        0.        , 2.00499377],\n       [5.17107339, 5.25642464, 5.2516664 , 3.51852242, 2.99499583,\n        2.00499377, 0.        ]])", "D_low": "array([[0.        , 1.34090268, 0.10896947, 5.92886641, 5.87385227,\n        5.77504429, 5.73377201],\n       [1.34090268, 0.        , 1.27804209, 4.86760108, 4.84533909,\n        4.73559047, 4.57722027],\n       [0.10896947, 1.27804209, 0.        , 5.82614882, 5.76992381,\n        5.6715574 , 5.6360577 ],\n       [5.92886641, 4.86760108, 5.82614882, 0.        , 0.21227108,\n        0.19948546, 0.70906779],\n       [5.87385227, 4.84533909, 5.76992381, 0.21227108, 0.        ,\n        0.12460832, 0.89078292],\n       [5.77504429, 4.73559047, 5.6715574 , 0.19948546, 0.12460832,\n        0.        , 0.79852229],\n       [5.73377201, 4.57722027, 5.6360577 , 0.70906779, 0.89078292,\n        0.79852229, 0.        ]])"}}