{"duration": 0.0023338794708251953, "input_args": {"D_high": "array([[0.        , 0.5       , 0.2       , ..., 4.22018957, 4.45757782,\n        4.10609303],\n       [0.5       , 0.        , 0.55677644, ..., 4.23792402, 4.42040722,\n        4.1024383 ],\n       [0.2       , 0.55677644, 0.        , ..., 4.0484565 , 4.29534632,\n        3.95221457],\n       ...,\n       [4.22018957, 4.23792402, 4.0484565 , ..., 0.        , 0.58309519,\n        0.65574385],\n       [4.45757782, 4.42040722, 4.29534632, ..., 0.58309519, 0.        ,\n        0.64031242],\n       [4.10609303, 4.1024383 , 3.95221457, ..., 0.65574385, 0.64031242,\n        0.        ]])", "D_low": "array([[0.        , 0.15113733, 0.49652189, ..., 7.09487264, 6.53297259,\n        7.54337439],\n       [0.15113733, 0.        , 0.43356705, ..., 7.0405158 , 6.49768043,\n        7.48064585],\n       [0.49652189, 0.43356705, 0.        , ..., 7.3943176 , 6.8812389 ,\n        7.81863443],\n       ...,\n       [7.09487264, 7.0405158 , 7.3943176 , ..., 0.        , 1.05301725,\n        0.62379199],\n       [6.53297259, 6.49768043, 6.8812389 , ..., 1.05301725, 0.        ,\n        1.67267638],\n       [7.54337439, 7.48064585, 7.81863443, ..., 0.62379199, 1.67267638,\n        0.        ]])"}}