{"duration": 0.14793705940246582, "input_args": {"D_high": "array([[  0.        ,  66.90348403,  54.29633528, ..., 117.7833007 ,\n         43.58127217,  61.71982942],\n       [ 66.90348403,   0.        , 102.51825711, ..., 118.02190998,\n         53.16248681,  12.74524602],\n       [ 54.29633528, 102.51825711,   0.        , ..., 130.39398885,\n         59.87774486,  96.3199743 ],\n       ...,\n       [117.7833007 , 118.02190998, 130.39398885, ...,   0.        ,\n        116.45694834, 116.0975663 ],\n       [ 43.58127217,  53.16248681,  59.87774486, ..., 116.45694834,\n          0.        ,  52.21198288],\n       [ 61.71982942,  12.74524602,  96.3199743 , ..., 116.0975663 ,\n         52.21198288,   0.        ]])", "D_low": "array([[ 0.        , 13.96147815,  7.15248981, ..., 16.09314389,\n         4.31220562, 13.01333041],\n       [13.96147815,  0.        , 18.81992269, ..., 11.2199232 ,\n        12.09838778,  1.01453408],\n       [ 7.15248981, 18.81992269,  0.        , ..., 16.39550199,\n         6.7320302 , 17.80573308],\n       ...,\n       [16.09314389, 11.2199232 , 16.39550199, ...,  0.        ,\n        11.93073359, 10.72526506],\n       [ 4.31220562, 12.09838778,  6.7320302 , ..., 11.93073359,\n         0.        , 11.08525149],\n       [13.01333041,  1.01453408, 17.80573308, ..., 10.72526506,\n        11.08525149,  0.        ]])", "k": "40"}}