{"duration": 0.0022139549255371094, "input_args": {"D_high": "array([[0.        , 0.53851648, 0.50990195, ..., 3.591657  , 5.63914887,\n        4.51995575],\n       [0.53851648, 0.        , 0.3       , ..., 3.47994253, 5.74717322,\n        4.52106182],\n       [0.50990195, 0.3       , 0.        , ..., 3.60832371, 5.89406481,\n        4.69361268],\n       ...,\n       [3.591657  , 3.47994253, 3.60832371, ..., 0.        , 3.1144823 ,\n        1.72336879],\n       [5.63914887, 5.74717322, 5.89406481, ..., 3.1144823 , 0.        ,\n        1.56524758],\n       [4.51995575, 4.52106182, 4.69361268, ..., 1.72336879, 1.56524758,\n        0.        ]])", "D_low": "array([[0.        , 0.83879163, 1.2789668 , ..., 6.23160934, 5.63299963,\n        5.70317443],\n       [0.83879163, 0.        , 0.4584379 , ..., 5.84765586, 5.35336614,\n        5.38923606],\n       [1.2789668 , 0.4584379 , 0.        , ..., 5.54030765, 5.10125217,\n        5.11945685],\n       ...,\n       [6.23160934, 5.84765586, 5.54030765, ..., 0.        , 0.95305514,\n        0.72569442],\n       [5.63299963, 5.35336614, 5.10125217, ..., 0.95305514, 0.        ,\n        0.24706188],\n       [5.70317443, 5.38923606, 5.11945685, ..., 0.72569442, 0.24706188,\n        0.        ]])"}}