{"duration": 0.0027799606323242188, "input_args": {"D_high": "array([[  0.        , 136.88299559, 144.63509711, ...,  53.53524373,\n        141.87200429, 141.91977723],\n       [136.88299559,   0.        ,  31.11839599, ..., 184.18305812,\n         45.52624475,  35.90271834],\n       [144.63509711,  31.11839599,   0.        , ..., 189.98133079,\n         39.42516501,  34.06235871],\n       ...,\n       [ 53.53524373, 184.18305812, 189.98133079, ...,   0.        ,\n        183.80014255, 184.46368641],\n       [141.87200429,  45.52624475,  39.42516501, ..., 183.80014255,\n          0.        ,  20.60302427],\n       [141.91977723,  35.90271834,  34.06235871, ..., 184.46368641,\n         20.60302427,   0.        ]])", "D_low": "array([[ 0.        , 21.60609169, 20.19596805, ...,  4.92902761,\n        21.78151309, 21.50255782],\n       [21.60609169,  0.        ,  1.64216902, ..., 21.04015869,\n        10.17285056,  8.77953839],\n       [20.19596805,  1.64216902,  0.        , ..., 19.86829591,\n        10.77061909,  9.39912777],\n       ...,\n       [ 4.92902761, 21.04015869, 19.86829591, ...,  0.        ,\n        18.97276922, 18.97742374],\n       [21.78151309, 10.17285056, 10.77061909, ..., 18.97276922,\n         0.        ,  1.39364899],\n       [21.50255782,  8.77953839,  9.39912777, ..., 18.97742374,\n         1.39364899,  0.        ]])"}}