{"duration": 0.0038127899169921875, "input_args": {"D_high": "array([[  0.        ,  63.23003439,  51.6526914 , ...,  66.22284519,\n         27.80260283, 159.45199265],\n       [ 63.23003439,   0.        ,  64.14069613, ...,  27.67658187,\n         52.44791055, 160.38731457],\n       [ 51.6526914 ,  64.14069613,   0.        , ...,  62.35925404,\n         42.98609637, 123.5982541 ],\n       ...,\n       [ 66.22284519,  27.67658187,  62.35925404, ...,   0.        ,\n         54.08764636, 159.7956386 ],\n       [ 27.80260283,  52.44791055,  42.98609637, ...,  54.08764636,\n          0.        , 157.90239317],\n       [159.45199265, 160.38731457, 123.5982541 , ..., 159.7956386 ,\n        157.90239317,   0.        ]])", "D_low": "array([[ 0.        , 10.03406838, 10.25677572, ...,  5.39744397,\n         2.5655884 , 15.33036294],\n       [10.03406838,  0.        , 11.90683536, ...,  4.63694503,\n         9.62556071, 23.40332779],\n       [10.25677572, 11.90683536,  0.        , ...,  9.95334253,\n        12.45333967, 13.82662633],\n       ...,\n       [ 5.39744397,  4.63694503,  9.95334253, ...,  0.        ,\n         5.29631315, 19.42434466],\n       [ 2.5655884 ,  9.62556071, 12.45333967, ...,  5.29631315,\n         0.        , 17.65349686],\n       [15.33036294, 23.40332779, 13.82662633, ..., 19.42434466,\n        17.65349686,  0.        ]])"}}