{"duration": 0.021600008010864258, "input_args": {"D_high": "array([[  0.        ,  78.51486107,  69.20815273, ...,  69.73493016,\n         71.7084146 ,  59.3410676 ],\n       [ 78.51486107,   0.        ,  52.82187071, ..., 116.13798098,\n         25.56589605,  57.21757619],\n       [ 69.20815273,  52.82187071,   0.        , ..., 115.90542006,\n         47.68584545,  27.4294094 ],\n       ...,\n       [ 69.73493016, 116.13798098, 115.90542006, ...,   0.        ,\n        116.45694834, 116.0975663 ],\n       [ 71.7084146 ,  25.56589605,  47.68584545, ..., 116.45694834,\n          0.        ,  52.21198288],\n       [ 59.3410676 ,  57.21757619,  27.4294094 , ..., 116.0975663 ,\n         52.21198288,   0.        ]])", "D_low": "array([[ 0.        ,  7.53114495,  9.66362744, ...,  6.94599619,\n         7.69629369,  6.76314762],\n       [ 7.53114495,  0.        ,  8.89340858, ..., 13.65218228,\n         1.14251285,  8.22644542],\n       [ 9.66362744,  8.89340858,  0.        , ..., 16.31549784,\n         7.85000052,  3.17911189],\n       ...,\n       [ 6.94599619, 13.65218228, 16.31549784, ...,  0.        ,\n        14.13181088, 13.20647266],\n       [ 7.69629369,  1.14251285,  7.85000052, ..., 14.13181088,\n         0.        ,  7.43835443],\n       [ 6.76314762,  8.22644542,  3.17911189, ..., 13.20647266,\n         7.43835443,  0.        ]])"}}