{"duration": 0.0036628246307373047, "input_args": {"D_high": "array([[  0.        ,  63.23003439,  51.6526914 , ...,  66.22284519,\n         27.80260283, 159.45199265],\n       [ 63.23003439,   0.        ,  64.14069613, ...,  27.67658187,\n         52.44791055, 160.38731457],\n       [ 51.6526914 ,  64.14069613,   0.        , ...,  62.35925404,\n         42.98609637, 123.5982541 ],\n       ...,\n       [ 66.22284519,  27.67658187,  62.35925404, ...,   0.        ,\n         54.08764636, 159.7956386 ],\n       [ 27.80260283,  52.44791055,  42.98609637, ...,  54.08764636,\n          0.        , 157.90239317],\n       [159.45199265, 160.38731457, 123.5982541 , ..., 159.7956386 ,\n        157.90239317,   0.        ]])", "D_low": "array([[ 0.        , 15.26568171, 10.29132044, ..., 12.38593838,\n         2.17108452, 10.45331608],\n       [15.26568171,  0.        ,  6.58449673, ...,  3.9525701 ,\n        14.27881008, 18.61781807],\n       [10.29132044,  6.58449673,  0.        , ...,  6.40878369,\n         8.72467558, 12.04051351],\n       ...,\n       [12.38593838,  3.9525701 ,  6.40878369, ...,  0.        ,\n        11.84208876, 17.80014097],\n       [ 2.17108452, 14.27881008,  8.72467558, ..., 11.84208876,\n         0.        ,  8.67669133],\n       [10.45331608, 18.61781807, 12.04051351, ..., 17.80014097,\n         8.67669133,  0.        ]])"}}