{"duration": 0.02144479751586914, "input_args": {"D_high": "array([[  0.        ,  78.51486107,  69.20815273, ...,  69.73493016,\n         71.7084146 ,  59.3410676 ],\n       [ 78.51486107,   0.        ,  52.82187071, ..., 116.13798098,\n         25.56589605,  57.21757619],\n       [ 69.20815273,  52.82187071,   0.        , ..., 115.90542006,\n         47.68584545,  27.4294094 ],\n       ...,\n       [ 69.73493016, 116.13798098, 115.90542006, ...,   0.        ,\n        116.45694834, 116.0975663 ],\n       [ 71.7084146 ,  25.56589605,  47.68584545, ..., 116.45694834,\n          0.        ,  52.21198288],\n       [ 59.3410676 ,  57.21757619,  27.4294094 , ..., 116.0975663 ,\n         52.21198288,   0.        ]])", "D_low": "array([[ 0.        ,  8.0692252 ,  8.10656369, ...,  5.73653037,\n         5.4349905 ,  7.99821802],\n       [ 8.0692252 ,  0.        , 14.22198401, ..., 12.34045409,\n         3.24455821, 14.4397779 ],\n       [ 8.10656369, 14.22198401,  0.        , ..., 11.4884301 ,\n        10.97745581,  0.69399261],\n       ...,\n       [ 5.73653037, 12.34045409, 11.4884301 , ...,  0.        ,\n        10.57376218, 11.06293672],\n       [ 5.4349905 ,  3.24455821, 10.97745581, ..., 10.57376218,\n         0.        , 11.1989459 ],\n       [ 7.99821802, 14.4397779 ,  0.69399261, ..., 11.06293672,\n        11.1989459 ,  0.        ]])"}}