{"duration": 0.015204906463623047, "input_args": {"D_high": "array([[ 0.        , 11.87434209,  2.23606798, ..., 17.3781472 ,\n        12.9614814 , 13.89244399],\n       [11.87434209,  0.        , 11.3137085 , ..., 14.6628783 ,\n        11.78982612, 10.95445115],\n       [ 2.23606798, 11.3137085 ,  0.        , ..., 17.40689519,\n        12.76714533, 13.6381817 ],\n       ...,\n       [17.3781472 , 14.6628783 , 17.40689519, ...,  0.        ,\n         7.74596669,  8.18535277],\n       [12.9614814 , 11.78982612, 12.76714533, ...,  7.74596669,\n         0.        ,  3.31662479],\n       [13.89244399, 10.95445115, 13.6381817 , ...,  8.18535277,\n         3.31662479,  0.        ]])", "D_low": "array([[ 0.        ,  2.89627409,  7.75319133, ...,  5.47574674,\n         3.77324072,  3.73259758],\n       [ 2.89627409,  0.        , 10.64660325, ...,  4.89108948,\n         3.33067467,  3.21838681],\n       [ 7.75319133, 10.64660325,  0.        , ..., 11.51783472,\n        10.38111713, 10.41803045],\n       ...,\n       [ 5.47574674,  4.89108948, 11.51783472, ...,  0.        ,\n         1.74360864,  1.81678155],\n       [ 3.77324072,  3.33067467, 10.38111713, ...,  1.74360864,\n         0.        ,  0.12141063],\n       [ 3.73259758,  3.21838681, 10.41803045, ...,  1.81678155,\n         0.12141063,  0.        ]])"}}