{"duration": 0.019868850708007812, "input_args": {"D_high": "array([[  0.        ,  78.51486107,  69.20815273, ...,  69.73493016,\n         71.7084146 ,  59.3410676 ],\n       [ 78.51486107,   0.        ,  52.82187071, ..., 116.13798098,\n         25.56589605,  57.21757619],\n       [ 69.20815273,  52.82187071,   0.        , ..., 115.90542006,\n         47.68584545,  27.4294094 ],\n       ...,\n       [ 69.73493016, 116.13798098, 115.90542006, ...,   0.        ,\n        116.45694834, 116.0975663 ],\n       [ 71.7084146 ,  25.56589605,  47.68584545, ..., 116.45694834,\n          0.        ,  52.21198288],\n       [ 59.3410676 ,  57.21757619,  27.4294094 , ..., 116.0975663 ,\n         52.21198288,   0.        ]])", "D_low": "array([[ 0.        ,  7.35966505,  6.33444827, ...,  6.80149713,\n         5.21964251,  8.47076531],\n       [ 7.35966505,  0.        , 12.1259314 , ..., 13.01366689,\n         4.05810384, 14.78286701],\n       [ 6.33444827, 12.1259314 ,  0.        , ..., 10.21518417,\n         8.35789318,  2.74523879],\n       ...,\n       [ 6.80149713, 13.01366689, 10.21518417, ...,  0.        ,\n        11.93073359, 10.72526506],\n       [ 5.21964251,  4.05810384,  8.35789318, ..., 11.93073359,\n         0.        , 11.08525149],\n       [ 8.47076531, 14.78286701,  2.74523879, ..., 10.72526506,\n        11.08525149,  0.        ]])"}}