{"duration": 0.00494694709777832, "input_args": {"D_high": "array([[  0.        ,  77.93464827, 115.40589995, ..., 101.71684227,\n        201.12626702,  59.67790051],\n       [ 77.93464827,   0.        ,  83.43747073, ...,  38.98205746,\n        183.93333012,  21.17286036],\n       [115.40589995,  83.43747073,   0.        , ...,  68.4928943 ,\n        207.62569195,  85.47655366],\n       ...,\n       [101.71684227,  38.98205746,  68.4928943 , ...,   0.        ,\n        189.87669905,  46.59966957],\n       [201.12626702, 183.93333012, 207.62569195, ..., 189.87669905,\n          0.        , 186.26121056],\n       [ 59.67790051,  21.17286036,  85.47655366, ...,  46.59966957,\n        186.26121056,   0.        ]])", "D_low": "array([[ 0.        , 12.51951249, 18.92643168, ..., 17.07337828,\n        24.31119335, 10.09458323],\n       [12.51951249,  0.        , 21.58737538, ...,  5.01982491,\n        12.98884898,  2.42530962],\n       [18.92643168, 21.58737538,  0.        , ..., 22.15969298,\n        24.01225677, 20.54525711],\n       ...,\n       [17.07337828,  5.01982491, 22.15969298, ...,  0.        ,\n         8.01236188,  7.24518671],\n       [24.31119335, 12.98884898, 24.01225677, ...,  8.01236188,\n         0.        , 15.05370428],\n       [10.09458323,  2.42530962, 20.54525711, ...,  7.24518671,\n        15.05370428,  0.        ]])"}}