{"duration": 0.13579273223876953, "input_args": {"D_high": "array([[  0.        ,  66.90348403,  54.29633528, ..., 117.7833007 ,\n         43.58127217,  61.71982942],\n       [ 66.90348403,   0.        , 102.51825711, ..., 118.02190998,\n         53.16248681,  12.74524602],\n       [ 54.29633528, 102.51825711,   0.        , ..., 130.39398885,\n         59.87774486,  96.3199743 ],\n       ...,\n       [117.7833007 , 118.02190998, 130.39398885, ...,   0.        ,\n        116.45694834, 116.0975663 ],\n       [ 43.58127217,  53.16248681,  59.87774486, ..., 116.45694834,\n          0.        ,  52.21198288],\n       [ 61.71982942,  12.74524602,  96.3199743 , ..., 116.0975663 ,\n         52.21198288,   0.        ]])", "D_low": "array([[ 0.        ,  7.53264258,  7.65794389, ..., 14.42528736,\n         8.16008144,  7.25531305],\n       [ 7.53264258,  0.        , 12.19452501, ...,  7.46152865,\n         8.32312055,  0.571506  ],\n       [ 7.65794389, 12.19452501,  0.        , ..., 16.45325403,\n         5.79975332, 11.66696845],\n       ...,\n       [14.42528736,  7.46152865, 16.45325403, ...,  0.        ,\n        10.84591988,  7.47623237],\n       [ 8.16008144,  8.32312055,  5.79975332, ..., 10.84591988,\n         0.        ,  7.75227448],\n       [ 7.25531305,  0.571506  , 11.66696845, ...,  7.47623237,\n         7.75227448,  0.        ]])"}}