{"duration": 0.0026009082794189453, "input_args": {"D_high": "array([[  0.        , 136.88299559, 144.63509711, ...,  53.53524373,\n        141.87200429, 141.91977723],\n       [136.88299559,   0.        ,  31.11839599, ..., 184.18305812,\n         45.52624475,  35.90271834],\n       [144.63509711,  31.11839599,   0.        , ..., 189.98133079,\n         39.42516501,  34.06235871],\n       ...,\n       [ 53.53524373, 184.18305812, 189.98133079, ...,   0.        ,\n        183.80014255, 184.46368641],\n       [141.87200429,  45.52624475,  39.42516501, ..., 183.80014255,\n          0.        ,  20.60302427],\n       [141.91977723,  35.90271834,  34.06235871, ..., 184.46368641,\n         20.60302427,   0.        ]])", "D_low": "array([[ 0.        , 14.26268001, 15.84088476, ...,  0.07097226,\n        17.3386646 , 17.03473946],\n       [14.26268001,  0.        ,  1.97134262, ..., 14.24447841,\n         3.538326  ,  2.89193313],\n       [15.84088476,  1.97134262,  0.        , ..., 15.82811231,\n         3.4807105 ,  2.46645261],\n       ...,\n       [ 0.07097226, 14.24447841, 15.82811231, ...,  0.        ,\n        17.31292607, 17.01290964],\n       [17.3386646 ,  3.538326  ,  3.4807105 , ..., 17.31292607,\n         0.        ,  1.04837944],\n       [17.03473946,  2.89193313,  2.46645261, ..., 17.01290964,\n         1.04837944,  0.        ]])"}}