{"duration": 0.002696990966796875, "input_args": {"D_high": "array([[0.        , 0.33166248, 0.70710678, ..., 4.40227214, 4.71911009,\n        4.27317212],\n       [0.33166248, 0.        , 0.41231056, ..., 4.28835633, 4.63680925,\n        4.15331193],\n       [0.70710678, 0.41231056, 0.        , ..., 4.39317653, 4.77807493,\n        4.26380112],\n       ...,\n       [4.40227214, 4.28835633, 4.39317653, ..., 0.        , 0.57445626,\n        0.81240384],\n       [4.71911009, 4.63680925, 4.77807493, ..., 0.57445626, 0.        ,\n        1.13578167],\n       [4.27317212, 4.15331193, 4.26380112, ..., 0.81240384, 1.13578167,\n        0.        ]])", "D_low": "array([[ 0.        ,  1.0093989 ,  2.70619132, ..., 45.52060377,\n        40.03226625, 41.10960397],\n       [ 1.0093989 ,  0.        ,  3.65428929, ..., 46.45715177,\n        40.99967509, 41.44784225],\n       [ 2.70619132,  3.65428929,  0.        , ..., 43.67006831,\n        38.00718165, 41.41215622],\n       ...,\n       [45.52060377, 46.45715177, 43.67006831, ...,  0.        ,\n         6.78130853, 36.1119178 ],\n       [40.03226625, 40.99967509, 38.00718165, ...,  6.78130853,\n         0.        , 37.03556897],\n       [41.10960397, 41.44784225, 41.41215622, ..., 36.1119178 ,\n        37.03556897,  0.        ]])"}}