{"duration": 0.002485036849975586, "input_args": {"D_high": "array([[0.        , 0.53851648, 0.50990195, ..., 3.15277655, 4.69041576,\n        5.63914887],\n       [0.53851648, 0.        , 0.3       , ..., 3.10322413, 4.70850295,\n        5.74717322],\n       [0.50990195, 0.3       , 0.        , ..., 3.26802693, 4.86826458,\n        5.89406481],\n       ...,\n       [3.15277655, 3.10322413, 3.26802693, ..., 0.        , 1.65529454,\n        2.90172363],\n       [4.69041576, 4.70850295, 4.86826458, ..., 1.65529454, 0.        ,\n        1.42828569],\n       [5.63914887, 5.74717322, 5.89406481, ..., 2.90172363, 1.42828569,\n        0.        ]])", "D_low": "array([[ 0.        , 11.19998627, 13.96052782, ..., 43.18205439,\n        34.65371054, 36.42864769],\n       [11.19998627,  0.        ,  3.62716211, ..., 37.95398293,\n        39.4813752 , 27.99386054],\n       [13.96052782,  3.62716211,  0.        , ..., 39.65439481,\n        43.05036857, 28.49861607],\n       ...,\n       [43.18205439, 37.95398293, 39.65439481, ...,  0.        ,\n        35.0017977 , 15.600279  ],\n       [34.65371054, 39.4813752 , 43.05036857, ..., 35.0017977 ,\n         0.        , 42.04345385],\n       [36.42864769, 27.99386054, 28.49861607, ..., 15.600279  ,\n        42.04345385,  0.        ]])"}}