{"duration": 0.09309697151184082, "input_args": {"D_high": "array([[  0.        ,  66.90348403,  54.29633528, ...,  50.39119964,\n         89.23943184,  61.27038404],\n       [ 66.90348403,   0.        , 102.51825711, ...,  26.11680932,\n         80.22894802,  38.63518149],\n       [ 54.29633528, 102.51825711,   0.        , ...,  85.13919448,\n         91.66838038,  76.41017076],\n       ...,\n       [ 50.39119964,  26.11680932,  85.13919448, ...,   0.        ,\n         86.1426327 ,  33.06672648],\n       [ 89.23943184,  80.22894802,  91.66838038, ...,  86.1426327 ,\n          0.        ,  65.05813008],\n       [ 61.27038404,  38.63518149,  76.41017076, ...,  33.06672648,\n         65.05813008,   0.        ]])", "D_low": "array([[ 0.        ,  7.53264258,  7.65794389, ...,  5.36332495,\n        23.71942076, 12.21256545],\n       [ 7.53264258,  0.        , 12.19452501, ...,  2.1741028 ,\n        20.63636943, 11.86426071],\n       [ 7.65794389, 12.19452501,  0.        , ..., 10.62601837,\n        19.63844511,  7.70933138],\n       ...,\n       [ 5.36332495,  2.1741028 , 10.62601837, ...,  0.        ,\n        21.41248699, 11.59015448],\n       [23.71942076, 20.63636943, 19.63844511, ..., 21.41248699,\n         0.        , 12.04909915],\n       [12.21256545, 11.86426071,  7.70933138, ..., 11.59015448,\n        12.04909915,  0.        ]])"}}