{"duration": 0.03313183784484863, "input_args": {"D_high": "array([[  0.        ,  66.90348403,  54.29633528, ...,  50.39119964,\n         89.23943184,  61.27038404],\n       [ 66.90348403,   0.        , 102.51825711, ...,  26.11680932,\n         80.22894802,  38.63518149],\n       [ 54.29633528, 102.51825711,   0.        , ...,  85.13919448,\n         91.66838038,  76.41017076],\n       ...,\n       [ 50.39119964,  26.11680932,  85.13919448, ...,   0.        ,\n         86.1426327 ,  33.06672648],\n       [ 89.23943184,  80.22894802,  91.66838038, ...,  86.1426327 ,\n          0.        ,  65.05813008],\n       [ 61.27038404,  38.63518149,  76.41017076, ...,  33.06672648,\n         65.05813008,   0.        ]])", "D_low": "array([[ 0.        , 11.28110909,  8.02259103, ...,  5.64054154,\n        14.8086228 , 16.1157867 ],\n       [11.28110909,  0.        , 15.16545276, ...,  5.81933199,\n        18.90525333,  6.23257276],\n       [ 8.02259103, 15.16545276,  0.        , ..., 11.43930475,\n         7.06653156, 17.42490012],\n       ...,\n       [ 5.64054154,  5.81933199, 11.43930475, ...,  0.        ,\n        16.92001947, 11.38615244],\n       [14.8086228 , 18.90525333,  7.06653156, ..., 16.92001947,\n         0.        , 18.87272537],\n       [16.1157867 ,  6.23257276, 17.42490012, ..., 11.38615244,\n        18.87272537,  0.        ]])"}}