{"duration": 0.03681302070617676, "input_args": {"D_high": "array([[  0.        ,  63.23003439,  51.6526914 , ...,  66.22284519,\n         27.80260283, 159.45199265],\n       [ 63.23003439,   0.        ,  64.14069613, ...,  27.67658187,\n         52.44791055, 160.38731457],\n       [ 51.6526914 ,  64.14069613,   0.        , ...,  62.35925404,\n         42.98609637, 123.5982541 ],\n       ...,\n       [ 66.22284519,  27.67658187,  62.35925404, ...,   0.        ,\n         54.08764636, 159.7956386 ],\n       [ 27.80260283,  52.44791055,  42.98609637, ...,  54.08764636,\n          0.        , 157.90239317],\n       [159.45199265, 160.38731457, 123.5982541 , ..., 159.7956386 ,\n        157.90239317,   0.        ]])", "D_low": "array([[ 0.        , 13.6139534 ,  7.67306279, ..., 10.52112738,\n         1.32128909,  6.22677787],\n       [13.6139534 ,  0.        ,  7.7854917 , ...,  3.70429128,\n        13.433454  , 16.52080109],\n       [ 7.67306279,  7.7854917 ,  0.        , ...,  6.54323422,\n         6.91584545,  8.84115754],\n       ...,\n       [10.52112738,  3.70429128,  6.54323422, ...,  0.        ,\n        10.58443051, 14.42040224],\n       [ 1.32128909, 13.433454  ,  6.91584545, ..., 10.58443051,\n         0.        ,  5.0895585 ],\n       [ 6.22677787, 16.52080109,  8.84115754, ..., 14.42040224,\n         5.0895585 ,  0.        ]])"}}