{"duration": 0.005522966384887695, "input_args": {"D_high": "array([[0.        , 0.53851648, 0.50990195, ..., 4.27668096, 4.45982062,\n        4.65080638],\n       [0.53851648, 0.        , 0.3       , ..., 4.24970587, 4.49888875,\n        4.71805044],\n       [0.50990195, 0.3       , 0.        , ..., 4.43057558, 4.66154481,\n        4.84871117],\n       ...,\n       [4.27668096, 4.24970587, 4.43057558, ..., 0.        , 0.58309519,\n        1.06770783],\n       [4.45982062, 4.49888875, 4.66154481, ..., 0.58309519, 0.        ,\n        0.6164414 ],\n       [4.65080638, 4.71805044, 4.84871117, ..., 1.06770783, 0.6164414 ,\n        0.        ]])", "D_low": "array([[0.        , 0.15110963, 0.17949172, ..., 4.97787278, 5.01777197,\n        5.11332161],\n       [0.15110963, 0.        , 0.32902833, ..., 4.92193894, 4.96624863,\n        5.05562021],\n       [0.17949172, 0.32902833, 0.        , ..., 5.07981085, 5.1150842 ,\n        5.21697703],\n       ...,\n       [4.97787278, 4.92193894, 5.07981085, ..., 0.        , 0.16084212,\n        0.14873374],\n       [5.01777197, 4.96624863, 5.1150842 , ..., 0.16084212, 0.        ,\n        0.2394863 ],\n       [5.11332161, 5.05562021, 5.21697703, ..., 0.14873374, 0.2394863 ,\n        0.        ]])"}}