{"duration": 0.002109050750732422, "input_args": {"D_high": "array([[0.        , 0.53851648, 0.50990195, ..., 3.591657  , 5.63914887,\n        4.51995575],\n       [0.53851648, 0.        , 0.3       , ..., 3.47994253, 5.74717322,\n        4.52106182],\n       [0.50990195, 0.3       , 0.        , ..., 3.60832371, 5.89406481,\n        4.69361268],\n       ...,\n       [3.591657  , 3.47994253, 3.60832371, ..., 0.        , 3.1144823 ,\n        1.72336879],\n       [5.63914887, 5.74717322, 5.89406481, ..., 3.1144823 , 0.        ,\n        1.56524758],\n       [4.51995575, 4.52106182, 4.69361268, ..., 1.72336879, 1.56524758,\n        0.        ]])", "D_low": "array([[ 0.        ,  2.2435371 ,  3.83192146, ..., 18.00910051,\n         6.70017234,  8.16779199],\n       [ 2.2435371 ,  0.        ,  1.6956344 , ..., 15.77010254,\n         5.37831965,  6.20000047],\n       [ 3.83192146,  1.6956344 ,  0.        , ..., 14.34268632,\n         5.64300865,  5.56192302],\n       ...,\n       [18.00910051, 15.77010254, 14.34268632, ...,  0.        ,\n        13.8086603 , 10.8100725 ],\n       [ 6.70017234,  5.37831965,  5.64300865, ..., 13.8086603 ,\n         0.        ,  3.07328703],\n       [ 8.16779199,  6.20000047,  5.56192302, ..., 10.8100725 ,\n         3.07328703,  0.        ]])"}}