{"duration": 0.004686117172241211, "input_args": {"D_high": "array([[  0.        ,  77.93464827, 115.40589995, ..., 101.71684227,\n        201.12626702,  59.67790051],\n       [ 77.93464827,   0.        ,  83.43747073, ...,  38.98205746,\n        183.93333012,  21.17286036],\n       [115.40589995,  83.43747073,   0.        , ...,  68.4928943 ,\n        207.62569195,  85.47655366],\n       ...,\n       [101.71684227,  38.98205746,  68.4928943 , ...,   0.        ,\n        189.87669905,  46.59966957],\n       [201.12626702, 183.93333012, 207.62569195, ..., 189.87669905,\n          0.        , 186.26121056],\n       [ 59.67790051,  21.17286036,  85.47655366, ...,  46.59966957,\n        186.26121056,   0.        ]])", "D_low": "array([[ 0.        , 10.28568005,  8.1851589 , ..., 21.1846286 ,\n        22.12034817,  6.57234122],\n       [10.28568005,  0.        , 11.50338396, ..., 14.68080352,\n        14.25584859,  5.16591565],\n       [ 8.1851589 , 11.50338396,  0.        , ..., 25.73778075,\n        17.39811048,  6.50276673],\n       ...,\n       [21.1846286 , 14.68080352, 25.73778075, ...,  0.        ,\n        24.68675972, 19.25022763],\n       [22.12034817, 14.25584859, 17.39811048, ..., 24.68675972,\n         0.        , 15.58824401],\n       [ 6.57234122,  5.16591565,  6.50276673, ..., 19.25022763,\n        15.58824401,  0.        ]])"}}