{"duration": 0.004216670989990234, "input_args": {"D_high": "array([[0.        , 0.5       , 0.74833148, 0.53851648, 3.49714169,\n        3.47275107, 2.88963666, 2.99499583, 3.18747549, 2.89482297],\n       [0.5       , 0.        , 0.75498344, 0.6       , 3.69052842,\n        3.69459064, 3.12729915, 3.30756708, 3.43074336, 3.19530906],\n       [0.74833148, 0.75498344, 0.        , 1.11803399, 4.14125585,\n        4.14004831, 3.51994318, 3.60138862, 3.84707681, 3.48998567],\n       [0.53851648, 0.6       , 1.11803399, 0.        , 3.38526218,\n        3.31209903, 2.78926514, 2.94957624, 3.02820079, 2.91376046],\n       [3.49714169, 3.69052842, 4.14125585, 3.38526218, 0.        ,\n        0.55677644, 0.74833148, 1.12249722, 0.79372539, 1.08166538],\n       [3.47275107, 3.69459064, 4.14004831, 3.31209903, 0.55677644,\n        0.        , 0.71414284, 0.97467943, 0.37416574, 1.17473401],\n       [2.88963666, 3.12729915, 3.51994318, 2.78926514, 0.74833148,\n        0.71414284, 0.        , 0.58309519, 0.51961524, 0.67082039],\n       [2.99499583, 3.30756708, 3.60138862, 2.94957624, 1.12249722,\n        0.97467943, 0.58309519, 0.        , 0.72801099, 0.51961524],\n       [3.18747549, 3.43074336, 3.84707681, 3.02820079, 0.79372539,\n        0.37416574, 0.51961524, 0.72801099, 0.        , 1.02956301],\n       [2.89482297, 3.19530906, 3.48998567, 2.91376046, 1.08166538,\n        1.17473401, 0.67082039, 0.51961524, 1.02956301, 0.        ]])", "D_low": "array([[ 0.        , 39.08516618,  0.99631358, 38.75474646, 46.41351453,\n        43.21998641,  9.5537808 , 11.55623896, 45.81661553,  7.6736541 ],\n       [39.08516618,  0.        , 39.84377191,  1.89301332, 28.43048642,\n        27.33302083, 32.08002908, 29.67336218, 29.25444872, 33.268243  ],\n       [ 0.99631358, 39.84377191,  0.        , 39.48191504, 47.40825274,\n        44.21537007,  9.7974906 , 11.91646676, 46.81256345,  7.94457785],\n       [38.75474646,  1.89301332, 39.48191504,  0.        , 30.25370676,\n        29.09218358, 31.42158369, 28.99480931, 31.05482107, 32.68888754],\n       [46.41351453, 28.43048642, 47.40825274, 30.25370676,  0.        ,\n         3.24729098, 44.97666666, 43.39363542,  1.48366149, 44.97684464],\n       [43.21998641, 27.33302083, 44.21537007, 29.09218358,  3.24729098,\n         0.        , 41.98201279, 40.45734196,  2.69624165, 41.93052398],\n       [ 9.5537808 , 32.08002908,  9.7974906 , 31.42158369, 44.97666666,\n        41.98201279,  0.        ,  2.44243776, 44.67398034,  1.88547021],\n       [11.55623896, 29.67336218, 11.91646676, 28.99480931, 43.39363542,\n        40.45734196,  2.44243776,  0.        , 43.15340793,  4.03475044],\n       [45.81661553, 29.25444872, 46.81256345, 31.05482107,  1.48366149,\n         2.69624165, 44.67398034, 43.15340793,  0.        , 44.61333239],\n       [ 7.6736541 , 33.268243  ,  7.94457785, 32.68888754, 44.97684464,\n        41.93052398,  1.88547021,  4.03475044, 44.61333239,  0.        ]])"}}