{"duration": 0.002022981643676758, "input_args": {"D_high": "array([[0.        , 1.27279221, 1.55563492, 0.87749644, 1.64316767,\n        3.48425028, 3.98748041, 3.39705755, 3.78549865, 4.09145451,\n        3.68781778, 3.48998567, 3.54259792, 3.04959014, 3.08868904,\n        3.18433667, 3.33916157, 4.93254498, 5.45985348, 4.46989933],\n       [1.27279221, 0.        , 0.52915026, 0.59160798, 0.66332496,\n        3.24653662, 3.81051178, 2.74954542, 3.4568772 , 3.64965752,\n        3.27719392, 3.23109888, 3.13209195, 2.48596058, 2.596151  ,\n        2.6       , 2.96141858, 4.66368953, 5.27730992, 4.23083916],\n       [1.55563492, 0.52915026, 0.        , 0.74161985, 0.34641016,\n        3.63593179, 4.18568991, 3.01330383, 3.8457769 , 3.97994975,\n        3.60277671, 3.60555128, 3.49428104, 2.81780056, 2.94957624,\n        2.9189039 , 3.318132  , 5.04678115, 5.63293884, 4.64112055],\n       [0.87749644, 0.59160798, 0.74161985, 0.        , 0.80622577,\n        3.48568501, 4.0385641 , 3.12569992, 3.71483512, 3.96358424,\n        3.55105618, 3.48855271, 3.42344855, 2.82665881, 2.88963666,\n        2.94788059, 3.24345495, 4.92341345, 5.50454358, 4.48887514],\n       [1.64316767, 0.66332496, 0.34641016, 0.80622577, 0.        ,\n        3.81313519, 4.38634244, 3.21869539, 3.97617907, 4.16173041,\n        3.78153408, 3.80525952, 3.65376518, 2.98998328, 3.08868904,\n        3.09192497, 3.50285598, 5.19711458, 5.82666285, 4.78121324],\n       [3.48425028, 3.24653662, 3.63593179, 3.48568501, 3.81313519,\n        0.        , 0.64807407, 1.28840987, 0.65574385, 0.81240384,\n        0.6164414 , 0.31622777, 0.5       , 1.02956301, 0.93808315,\n        1.02956301, 0.45825757, 1.49331845, 2.05669638, 1.13137085],\n       [3.98748041, 3.81051178, 4.18568991, 4.0385641 , 4.38634244,\n        0.64807407, 0.        , 1.63707055, 1.05356538, 0.84852814,\n        0.92736185, 0.6       , 1.00498756, 1.56843871, 1.54272486,\n        1.53622915, 0.96436508, 1.21243557, 1.5       , 1.02956301],\n       [3.39705755, 2.74954542, 3.01330383, 3.12569992, 3.21869539,\n        1.28840987, 1.63707055, 0.        , 1.5132746 , 1.11355287,\n        0.9486833 , 1.14891253, 0.99498744, 0.58309519, 0.9486833 ,\n        0.48989795, 0.84261498, 2.36008474, 2.84780617, 2.13072758],\n       [3.78549865, 3.4568772 , 3.8457769 , 3.71483512, 3.97617907,\n        0.65574385, 1.05356538, 1.5132746 , 0.        , 0.8660254 ,\n        0.75498344, 0.92195445, 0.52915026, 1.19582607, 0.93273791,\n        1.17046999, 0.82462113, 1.2489996 , 2.07364414, 0.8660254 ],\n       [4.09145451, 3.64965752, 3.97994975, 3.96358424, 4.16173041,\n        0.81240384, 0.84852814, 1.11355287, 0.8660254 , 0.        ,\n        0.50990195, 0.77459667, 0.64031242, 1.17473401, 1.19163753,\n        1.07703296, 0.75498344, 1.26095202, 1.79164729, 1.14017543],\n       [3.68781778, 3.27719392, 3.60277671, 3.55105618, 3.78153408,\n        0.6164414 , 0.92736185, 0.9486833 , 0.75498344, 0.50990195,\n        0.        , 0.64807407, 0.38729833, 0.86023253, 0.81240384,\n        0.78740079, 0.43588989, 1.55241747, 2.0904545 , 1.34907376],\n       [3.48998567, 3.23109888, 3.60555128, 3.48855271, 3.80525952,\n        0.31622777, 0.6       , 1.14891253, 0.92195445, 0.77459667,\n        0.64807407, 0.        , 0.6244998 , 1.00995049, 1.04880885,\n        1.        , 0.43588989, 1.61554944, 2.06639783, 1.30384048],\n       [3.54259792, 3.13209195, 3.49428104, 3.42344855, 3.65376518,\n        0.5       , 1.00498756, 0.99498744, 0.52915026, 0.64031242,\n        0.38729833, 0.6244998 , 0.        , 0.72801099, 0.60827625,\n        0.68556546, 0.34641016, 1.56204994, 2.24053565, 1.23693169],\n       [3.04959014, 2.48596058, 2.81780056, 2.82665881, 2.98998328,\n        1.02956301, 1.56843871, 0.58309519, 1.19582607, 1.17473401,\n        0.86023253, 1.00995049, 0.72801099, 0.        , 0.42426407,\n        0.14142136, 0.60827625, 2.27815715, 2.9       , 1.94422221],\n       [3.08868904, 2.596151  , 2.94957624, 2.88963666, 3.08868904,\n        0.93808315, 1.54272486, 0.9486833 , 0.93273791, 1.19163753,\n        0.81240384, 1.04880885, 0.60827625, 0.42426407, 0.        ,\n        0.46904158, 0.64031242, 2.12367606, 2.82665881, 1.76635217],\n       [3.18433667, 2.6       , 2.9189039 , 2.94788059, 3.09192497,\n        1.02956301, 1.53622915, 0.48989795, 1.17046999, 1.07703296,\n        0.78740079, 1.        , 0.68556546, 0.14142136, 0.46904158,\n        0.        , 0.59160798, 2.21133444, 2.82665881, 1.90262976],\n       [3.33916157, 2.96141858, 3.318132  , 3.24345495, 3.50285598,\n        0.45825757, 0.96436508, 0.84261498, 0.82462113, 0.75498344,\n        0.43588989, 0.43588989, 0.34641016, 0.60827625, 0.64031242,\n        0.59160798, 0.        , 1.77763888, 2.33666429, 1.45945195],\n       [4.93254498, 4.66368953, 5.04678115, 4.92341345, 5.19711458,\n        1.49331845, 1.21243557, 2.36008474, 1.2489996 , 1.26095202,\n        1.55241747, 1.61554944, 1.56204994, 2.27815715, 2.12367606,\n        2.21133444, 1.77763888, 0.        , 1.02956301, 0.55677644],\n       [5.45985348, 5.27730992, 5.63293884, 5.50454358, 5.82666285,\n        2.05669638, 1.5       , 2.84780617, 2.07364414, 1.79164729,\n        2.0904545 , 2.06639783, 2.24053565, 2.9       , 2.82665881,\n        2.82665881, 2.33666429, 1.02956301, 0.        , 1.46628783],\n       [4.46989933, 4.23083916, 4.64112055, 4.48887514, 4.78121324,\n        1.13137085, 1.02956301, 2.13072758, 0.8660254 , 1.14017543,\n        1.34907376, 1.30384048, 1.23693169, 1.94422221, 1.76635217,\n        1.90262976, 1.45945195, 0.55677644, 1.46628783, 0.        ]])", "D_low": "array([[0.        , 0.17111011, 0.20836163, 0.04901186, 0.45709782,\n        5.50228687, 5.00707568, 4.90914741, 4.58908048, 4.98985953,\n        5.99843166, 4.96586103, 4.55487294, 4.99446033, 4.85742419,\n        4.83524892, 4.96411324, 5.15158225, 4.88409836, 5.18360974],\n       [0.17111011, 0.        , 0.14057795, 0.12209978, 0.47931688,\n        5.64368542, 5.15709428, 5.05406918, 4.73108699, 5.13919059,\n        6.14247769, 5.11128321, 4.70196445, 5.14387603, 5.00431395,\n        4.98402996, 5.11075597, 5.30235928, 5.03052308, 5.33487235],\n       [0.20836163, 0.14057795, 0.        , 0.17482657, 0.61003371,\n        5.70902135, 5.21042122, 5.11480979, 4.79570493, 5.19357486,\n        6.20433187, 5.17133187, 4.75970353, 5.19813092, 5.06231045,\n        5.03926145, 5.16909451, 5.35448245, 5.08917809, 5.38621797],\n       [0.04901186, 0.12209978, 0.17482657, 0.        , 0.45739786,\n        5.54280164, 5.05006669, 4.95066145, 4.62973789, 5.03265134,\n        6.03972385, 5.00752176, 4.59700265, 5.03727674, 4.89950595,\n        4.87787717, 5.00612696, 5.19479609, 4.92604644, 5.22696456],\n       [0.45709782, 0.47931688, 0.61003371, 0.45739786, 0.        ,\n        5.27667919, 4.823394  , 4.70063075, 4.36840876, 4.80264872,\n        5.78344924, 4.7595169 , 4.35778477, 4.80767319, 4.658389  ,\n        4.6456842 , 4.76357354, 4.97151008, 4.68273971, 5.00606764],\n       [5.50228687, 5.64368542, 5.70902135, 5.54280164, 5.27667919,\n        0.        , 0.70998052, 0.62370968, 0.91351408, 0.69108035,\n        0.52356033, 0.58124758, 0.99557481, 0.69149347, 0.71414974,\n        0.78870067, 0.61436036, 0.66703246, 0.67872827, 0.68120435],\n       [5.00707568, 5.15709428, 5.21042122, 5.05006669, 4.823394  ,\n        0.70998052, 0.        , 0.31244697, 0.60837281, 0.0455801 ,\n        1.05879621, 0.27308184, 0.48352823, 0.03912819, 0.23828441,\n        0.18769973, 0.20525056, 0.15260226, 0.24523404, 0.19407852],\n       [4.90914741, 5.05406918, 5.11480979, 4.95066145, 4.70063075,\n        0.62370968, 0.31244697, 0.        , 0.35508037, 0.26691611,\n        1.09015066, 0.06333366, 0.37200967, 0.27332494, 0.1203425 ,\n        0.22904158, 0.11125258, 0.42534571, 0.08667715, 0.47012225],\n       [4.58908048, 4.73108699, 4.79570493, 4.62973789, 4.36840876,\n        0.91351408, 0.60837281, 0.35508037, 0.        , 0.56688164,\n        1.41514686, 0.41838605, 0.26006481, 0.57377222, 0.37223464,\n        0.43787787, 0.44967491, 0.7494657 , 0.37628506, 0.79438682],\n       [4.98985953, 5.13919059, 5.19357486, 5.03265134, 4.80264872,\n        0.69108035, 0.0455801 , 0.26691611, 0.56688164, 0.        ,\n        1.05965113, 0.22873509, 0.45418812, 0.00692483, 0.19530737,\n        0.15829211, 0.16042247, 0.18594462, 0.20032464, 0.22972971],\n       [5.99843166, 6.14247769, 6.20433187, 6.03972385, 5.78344924,\n        0.52356033, 1.05879621, 1.09015066, 1.41514686, 1.05965113,\n        0.        , 1.03528113, 1.45322182, 1.05708067, 1.1526386 ,\n        1.19705635, 1.04522683, 0.95013177, 1.12248886, 0.93892808],\n       [4.96586103, 5.11128321, 5.17133187, 5.00752176, 4.7595169 ,\n        0.58124758, 0.27308184, 0.06333366, 0.41838605, 0.22873509,\n        1.03528113, 0.        , 0.4200943 , 0.23448974, 0.13549677,\n        0.23062087, 0.06895799, 0.37227716, 0.09872943, 0.41640702],\n       [4.55487294, 4.70196445, 4.75970353, 4.59700265, 4.35778477,\n        0.99557481, 0.48352823, 0.37200967, 0.26006481, 0.45418812,\n        1.45322182, 0.4200943 , 0.        , 0.46004726, 0.30266313,\n        0.29642065, 0.4097766 , 0.6361216 , 0.33090289, 0.67702048],\n       [4.99446033, 5.14387603, 5.19813092, 5.03727674, 4.80767319,\n        0.69149347, 0.03912819, 0.27332494, 0.57377222, 0.00692483,\n        1.05708067, 0.23448974, 0.46004726, 0.        , 0.20222845,\n        0.16393057, 0.16636862, 0.17938316, 0.20717143, 0.22305424],\n       [4.85742419, 5.00431395, 5.06231045, 4.89950595, 4.658389  ,\n        0.71414974, 0.23828441, 0.1203425 , 0.37223464, 0.19530737,\n        1.1526386 , 0.13549677, 0.30266313, 0.20222845, 0.        ,\n        0.11007844, 0.10748451, 0.37736538, 0.03714012, 0.42220772],\n       [4.83524892, 4.98402996, 5.03926145, 4.87787717, 4.6456842 ,\n        0.78870067, 0.18769973, 0.22904158, 0.43787787, 0.15829211,\n        1.19705635, 0.23062087, 0.29642065, 0.16393057, 0.11007844,\n        0.        , 0.1774688 , 0.34006813, 0.14253204, 0.38173572],\n       [4.96411324, 5.11075597, 5.16909451, 5.00612696, 4.76357354,\n        0.61436036, 0.20525056, 0.11125258, 0.44967491, 0.16042247,\n        1.04522683, 0.06895799, 0.4097766 , 0.16636862, 0.10748451,\n        0.1774688 , 0.        , 0.31440494, 0.08107004, 0.35931395],\n       [5.15158225, 5.30235928, 5.35448245, 5.19479609, 4.97151008,\n        0.66703246, 0.15260226, 0.42534571, 0.7494657 , 0.18594462,\n        0.95013177, 0.37227716, 0.6361216 , 0.17938316, 0.37736538,\n        0.34006813, 0.31440494, 0.        , 0.37556732, 0.04519744],\n       [4.88409836, 5.03052308, 5.08917809, 4.92604644, 4.68273971,\n        0.67872827, 0.24523404, 0.08667715, 0.37628506, 0.20032464,\n        1.12248886, 0.09872943, 0.33090289, 0.20717143, 0.03714012,\n        0.14253204, 0.08107004, 0.37556732, 0.        , 0.42074125],\n       [5.18360974, 5.33487235, 5.38621797, 5.22696456, 5.00606764,\n        0.68120435, 0.19407852, 0.47012225, 0.79438682, 0.22972971,\n        0.93892808, 0.41640702, 0.67702048, 0.22305424, 0.42220772,\n        0.38173572, 0.35931395, 0.04519744, 0.42074125, 0.        ]])"}}