{"duration": 0.15912294387817383, "input_args": {"D_high": "array([[ 0.        , 11.87434209,  2.23606798, ..., 17.3781472 ,\n        12.9614814 , 13.89244399],\n       [11.87434209,  0.        , 11.3137085 , ..., 14.6628783 ,\n        11.78982612, 10.95445115],\n       [ 2.23606798, 11.3137085 ,  0.        , ..., 17.40689519,\n        12.76714533, 13.6381817 ],\n       ...,\n       [17.3781472 , 14.6628783 , 17.40689519, ...,  0.        ,\n         7.74596669,  8.18535277],\n       [12.9614814 , 11.78982612, 12.76714533, ...,  7.74596669,\n         0.        ,  3.31662479],\n       [13.89244399, 10.95445115, 13.6381817 , ...,  8.18535277,\n         3.31662479,  0.        ]])", "D_low": "array([[ 0.        ,  5.69739603,  6.04423377, ..., 11.59574704,\n        12.11308065, 12.14665089],\n       [ 5.69739603,  0.        ,  8.68686974, ...,  8.04454306,\n         7.76254123,  7.75345296],\n       [ 6.04423377,  8.68686974,  0.        , ..., 16.42019678,\n        16.404092  , 16.40350726],\n       ...,\n       [11.59574704,  8.04454306, 16.42019678, ...,  0.        ,\n         1.8967043 ,  2.01048031],\n       [12.11308065,  7.76254123, 16.404092  , ...,  1.8967043 ,\n         0.        ,  0.11395641],\n       [12.14665089,  7.75345296, 16.40350726, ...,  2.01048031,\n         0.11395641,  0.        ]])", "k": "30"}}