{"duration": 0.03998899459838867, "input_args": {"D_high": "array([[  0.        ,  66.90348403,  54.29633528, ...,  50.39119964,\n         89.23943184,  61.27038404],\n       [ 66.90348403,   0.        , 102.51825711, ...,  26.11680932,\n         80.22894802,  38.63518149],\n       [ 54.29633528, 102.51825711,   0.        , ...,  85.13919448,\n         91.66838038,  76.41017076],\n       ...,\n       [ 50.39119964,  26.11680932,  85.13919448, ...,   0.        ,\n         86.1426327 ,  33.06672648],\n       [ 89.23943184,  80.22894802,  91.66838038, ...,  86.1426327 ,\n          0.        ,  65.05813008],\n       [ 61.27038404,  38.63518149,  76.41017076, ...,  33.06672648,\n         65.05813008,   0.        ]])", "D_low": "array([[ 0.        , 12.14358961,  4.35844237, ..., 10.34783999,\n        28.00511609, 12.09870536],\n       [12.14358961,  0.        , 14.62775834, ...,  2.56850066,\n        24.83678802, 11.45634627],\n       [ 4.35844237, 14.62775834,  0.        , ..., 13.38560732,\n        25.70294613, 10.63321153],\n       ...,\n       [10.34783999,  2.56850066, 13.38560732, ...,  0.        ,\n        26.65559595, 12.28068511],\n       [28.00511609, 24.83678802, 25.70294613, ..., 26.65559595,\n         0.        , 16.02340629],\n       [12.09870536, 11.45634627, 10.63321153, ..., 12.28068511,\n        16.02340629,  0.        ]])"}}