{"duration": 0.0027039051055908203, "input_args": {"D_high": "array([[0.        , 0.58309519, 1.47986486, 3.25115364, 3.77756535,\n        3.52987252, 3.29393382, 3.21403174, 3.18433667, 2.54754784,\n        2.97657521, 4.70956474, 4.29068759],\n       [0.58309519, 0.        , 1.3       , 3.70540146, 4.2626283 ,\n        3.92428337, 3.75099987, 3.69188299, 3.61109402, 2.97489496,\n        3.43511281, 5.13419906, 4.69574275],\n       [1.47986486, 1.3       , 0.        , 4.01248053, 4.5607017 ,\n        4.15571895, 3.89615195, 3.96484552, 3.78021163, 3.06920185,\n        3.64005494, 5.3244718 , 4.94165964],\n       [3.25115364, 3.70540146, 4.01248053, 0.        , 0.64807407,\n        0.65574385, 0.6164414 , 0.31622777, 0.5       , 1.02956301,\n        0.45825757, 1.49331845, 1.13137085],\n       [3.77756535, 4.2626283 , 4.5607017 , 0.64807407, 0.        ,\n        1.05356538, 0.92736185, 0.6       , 1.00498756, 1.56843871,\n        0.96436508, 1.21243557, 1.02956301],\n       [3.52987252, 3.92428337, 4.15571895, 0.65574385, 1.05356538,\n        0.        , 0.75498344, 0.92195445, 0.52915026, 1.19582607,\n        0.82462113, 1.2489996 , 0.8660254 ],\n       [3.29393382, 3.75099987, 3.89615195, 0.6164414 , 0.92736185,\n        0.75498344, 0.        , 0.64807407, 0.38729833, 0.86023253,\n        0.43588989, 1.55241747, 1.34907376],\n       [3.21403174, 3.69188299, 3.96484552, 0.31622777, 0.6       ,\n        0.92195445, 0.64807407, 0.        , 0.6244998 , 1.00995049,\n        0.43588989, 1.61554944, 1.30384048],\n       [3.18433667, 3.61109402, 3.78021163, 0.5       , 1.00498756,\n        0.52915026, 0.38729833, 0.6244998 , 0.        , 0.72801099,\n        0.34641016, 1.56204994, 1.23693169],\n       [2.54754784, 2.97489496, 3.06920185, 1.02956301, 1.56843871,\n        1.19582607, 0.86023253, 1.00995049, 0.72801099, 0.        ,\n        0.60827625, 2.27815715, 1.94422221],\n       [2.97657521, 3.43511281, 3.64005494, 0.45825757, 0.96436508,\n        0.82462113, 0.43588989, 0.43588989, 0.34641016, 0.60827625,\n        0.        , 1.77763888, 1.45945195],\n       [4.70956474, 5.13419906, 5.3244718 , 1.49331845, 1.21243557,\n        1.2489996 , 1.55241747, 1.61554944, 1.56204994, 2.27815715,\n        1.77763888, 0.        , 0.55677644],\n       [4.29068759, 4.69574275, 4.94165964, 1.13137085, 1.02956301,\n        0.8660254 , 1.34907376, 1.30384048, 1.23693169, 1.94422221,\n        1.45945195, 0.55677644, 0.        ]])", "D_low": "array([[0.        , 0.53383841, 0.42543314, 5.55012489, 5.41151913,\n        5.46427962, 7.41618051, 5.6207479 , 8.75718101, 5.76471953,\n        5.11953333, 5.50724293, 5.12431066],\n       [0.53383841, 0.        , 0.12457876, 5.14443381, 5.01575607,\n        5.07162717, 6.954119  , 5.21339322, 8.38777477, 5.33012667,\n        4.71383306, 5.13393883, 4.75966005],\n       [0.42543314, 0.12457876, 0.        , 5.19143864, 5.05931608,\n        5.11417162, 7.02242765, 5.26100338, 8.42389425, 5.38749384,\n        4.76061791, 5.17016069, 4.79287659],\n       [5.55012489, 5.14443381, 5.19143864, 0.        , 0.19985705,\n        0.21065789, 2.15901202, 0.07446152, 3.29516487, 0.51857681,\n        0.43084326, 0.47416662, 0.70063806],\n       [5.41151913, 5.01575607, 5.05931608, 0.19985705, 0.        ,\n        0.07072222, 2.35612144, 0.2684527 , 3.39332297, 0.70724251,\n        0.32956167, 0.3368418 , 0.50156748],\n       [5.46427962, 5.07162717, 5.11417162, 0.21065789, 0.07072222,\n        0.        , 2.34456744, 0.26753194, 3.33210407, 0.72902729,\n        0.39824317, 0.28034409, 0.50055924],\n       [7.41618051, 6.954119  , 7.02242765, 2.15901202, 2.35612144,\n        2.34456744, 0.        , 2.0878408 , 2.60541192, 1.74445752,\n        2.51538949, 2.50667369, 2.84334959],\n       [5.6207479 , 5.21339322, 5.26100338, 0.07446152, 0.2684527 ,\n        0.26753194, 2.0878408 , 0.        , 3.23471334, 0.47347523,\n        0.50127599, 0.51145736, 0.76539862],\n       [8.75718101, 8.38777477, 8.42389425, 3.29516487, 3.39332297,\n        3.33210407, 2.60541192, 3.23471334, 0.        , 3.28819088,\n        3.71323688, 3.25392313, 3.63298159],\n       [5.76471953, 5.33012667, 5.38749384, 0.51857681, 0.70724251,\n        0.72902729, 1.74445752, 0.47347523, 3.28819088, 0.        ,\n        0.78004693, 0.98493253, 1.20400367],\n       [5.11953333, 4.71383306, 4.76061791, 0.43084326, 0.32956167,\n        0.39824317, 2.51538949, 0.50127599, 3.71323688, 0.78004693,\n        0.        , 0.6078819 , 0.54852635],\n       [5.50724293, 5.13393883, 5.17016069, 0.47416662, 0.3368418 ,\n        0.28034409, 2.50667369, 0.51145736, 3.25392313, 0.98493253,\n        0.6078819 , 0.        , 0.39592781],\n       [5.12431066, 4.75966005, 4.79287659, 0.70063806, 0.50156748,\n        0.50055924, 2.84334959, 0.76539862, 3.63298159, 1.20400367,\n        0.54852635, 0.39592781, 0.        ]])"}}