{"duration": 0.11815190315246582, "input_args": {"D_high": "array([[  0.        ,  66.90348403,  54.29633528, ..., 117.7833007 ,\n         43.58127217,  61.71982942],\n       [ 66.90348403,   0.        , 102.51825711, ..., 118.02190998,\n         53.16248681,  12.74524602],\n       [ 54.29633528, 102.51825711,   0.        , ..., 130.39398885,\n         59.87774486,  96.3199743 ],\n       ...,\n       [117.7833007 , 118.02190998, 130.39398885, ...,   0.        ,\n        116.45694834, 116.0975663 ],\n       [ 43.58127217,  53.16248681,  59.87774486, ..., 116.45694834,\n          0.        ,  52.21198288],\n       [ 61.71982942,  12.74524602,  96.3199743 , ..., 116.0975663 ,\n         52.21198288,   0.        ]])", "D_low": "array([[ 0.        , 11.61631104, 10.43960634, ..., 16.10656947,\n        11.83199506,  9.82718653],\n       [11.61631104,  0.        , 16.96205278, ..., 15.00094527,\n        10.31262454,  1.80916301],\n       [10.43960634, 16.96205278,  0.        , ..., 26.28389994,\n         9.18752269, 15.41164551],\n       ...,\n       [16.10656947, 15.00094527, 26.28389994, ...,  0.        ,\n        23.70877532, 14.82845079],\n       [11.83199506, 10.31262454,  9.18752269, ..., 23.70877532,\n         0.        ,  9.4540617 ],\n       [ 9.82718653,  1.80916301, 15.41164551, ..., 14.82845079,\n         9.4540617 ,  0.        ]])", "k": "15"}}