{"duration": 0.004954814910888672, "input_args": {"D_high": "array([[0.        , 0.53851648, 0.50990195, ..., 4.27668096, 4.45982062,\n        4.65080638],\n       [0.53851648, 0.        , 0.3       , ..., 4.24970587, 4.49888875,\n        4.71805044],\n       [0.50990195, 0.3       , 0.        , ..., 4.43057558, 4.66154481,\n        4.84871117],\n       ...,\n       [4.27668096, 4.24970587, 4.43057558, ..., 0.        , 0.58309519,\n        1.06770783],\n       [4.45982062, 4.49888875, 4.66154481, ..., 0.58309519, 0.        ,\n        0.6164414 ],\n       [4.65080638, 4.71805044, 4.84871117, ..., 1.06770783, 0.6164414 ,\n        0.        ]])", "D_low": "array([[0.        , 0.83879163, 1.2789668 , ..., 5.77540742, 5.7490181 ,\n        5.60312454],\n       [0.83879163, 0.        , 0.4584379 , ..., 5.48303143, 5.43648146,\n        5.3503131 ],\n       [1.2789668 , 0.4584379 , 0.        , ..., 5.22344546, 5.16705923,\n        5.11194941],\n       ...,\n       [5.77540742, 5.48303143, 5.22344546, ..., 0.        , 0.14908936,\n        0.31627007],\n       [5.7490181 , 5.43648146, 5.16705923, ..., 0.14908936, 0.        ,\n        0.43432634],\n       [5.60312454, 5.3503131 , 5.11194941, ..., 0.31627007, 0.43432634,\n        0.        ]])"}}