{"duration": 0.0028738975524902344, "input_args": {"D_high": "array([[0.        , 0.58309519, 1.47986486, 3.25115364, 3.77756535,\n        3.52987252, 3.29393382, 3.21403174, 3.18433667, 2.54754784,\n        2.97657521, 4.70956474, 4.29068759],\n       [0.58309519, 0.        , 1.3       , 3.70540146, 4.2626283 ,\n        3.92428337, 3.75099987, 3.69188299, 3.61109402, 2.97489496,\n        3.43511281, 5.13419906, 4.69574275],\n       [1.47986486, 1.3       , 0.        , 4.01248053, 4.5607017 ,\n        4.15571895, 3.89615195, 3.96484552, 3.78021163, 3.06920185,\n        3.64005494, 5.3244718 , 4.94165964],\n       [3.25115364, 3.70540146, 4.01248053, 0.        , 0.64807407,\n        0.65574385, 0.6164414 , 0.31622777, 0.5       , 1.02956301,\n        0.45825757, 1.49331845, 1.13137085],\n       [3.77756535, 4.2626283 , 4.5607017 , 0.64807407, 0.        ,\n        1.05356538, 0.92736185, 0.6       , 1.00498756, 1.56843871,\n        0.96436508, 1.21243557, 1.02956301],\n       [3.52987252, 3.92428337, 4.15571895, 0.65574385, 1.05356538,\n        0.        , 0.75498344, 0.92195445, 0.52915026, 1.19582607,\n        0.82462113, 1.2489996 , 0.8660254 ],\n       [3.29393382, 3.75099987, 3.89615195, 0.6164414 , 0.92736185,\n        0.75498344, 0.        , 0.64807407, 0.38729833, 0.86023253,\n        0.43588989, 1.55241747, 1.34907376],\n       [3.21403174, 3.69188299, 3.96484552, 0.31622777, 0.6       ,\n        0.92195445, 0.64807407, 0.        , 0.6244998 , 1.00995049,\n        0.43588989, 1.61554944, 1.30384048],\n       [3.18433667, 3.61109402, 3.78021163, 0.5       , 1.00498756,\n        0.52915026, 0.38729833, 0.6244998 , 0.        , 0.72801099,\n        0.34641016, 1.56204994, 1.23693169],\n       [2.54754784, 2.97489496, 3.06920185, 1.02956301, 1.56843871,\n        1.19582607, 0.86023253, 1.00995049, 0.72801099, 0.        ,\n        0.60827625, 2.27815715, 1.94422221],\n       [2.97657521, 3.43511281, 3.64005494, 0.45825757, 0.96436508,\n        0.82462113, 0.43588989, 0.43588989, 0.34641016, 0.60827625,\n        0.        , 1.77763888, 1.45945195],\n       [4.70956474, 5.13419906, 5.3244718 , 1.49331845, 1.21243557,\n        1.2489996 , 1.55241747, 1.61554944, 1.56204994, 2.27815715,\n        1.77763888, 0.        , 0.55677644],\n       [4.29068759, 4.69574275, 4.94165964, 1.13137085, 1.02956301,\n        0.8660254 , 1.34907376, 1.30384048, 1.23693169, 1.94422221,\n        1.45945195, 0.55677644, 0.        ]])", "D_low": "array([[0.        , 0.28062389, 0.02101811, 4.74665157, 3.80526927,\n        4.93461955, 3.95437492, 4.059911  , 4.20898336, 3.95189786,\n        4.40876166, 4.44662113, 4.0638912 ],\n       [0.28062389, 0.        , 0.25973028, 4.99973866, 4.03480943,\n        5.19174492, 4.18695862, 4.30013424, 4.45558026, 4.19197876,\n        4.63775415, 4.68769522, 4.30288161],\n       [0.02101811, 0.25973028, 0.        , 4.76442704, 3.82083677,\n        4.95278522, 3.97022635, 4.07646332, 4.22613149, 3.96843154,\n        4.42431648, 4.463269  , 4.08033081],\n       [4.74665157, 4.99973866, 4.76442704, 0.        , 1.19789112,\n        0.25603902, 1.03557294, 0.81862798, 0.58923693, 0.91135971,\n        0.86870168, 0.52564448, 0.83680477],\n       [3.80526927, 4.03480943, 3.82083677, 1.19789112, 0.        ,\n        1.45050751, 0.16888591, 0.38351217, 0.62895217, 0.31357499,\n        0.60349819, 0.72182686, 0.36168286],\n       [4.93461955, 5.19174492, 4.95278522, 0.25603902, 1.45050751,\n        0.        , 1.28964761, 1.06916548, 0.83316165, 1.15830081,\n        1.11460684, 0.77968081, 1.08888899],\n       [3.95437492, 4.18695862, 3.97022635, 1.03557294, 0.16888591,\n        1.28964761, 0.        , 0.23543631, 0.48122721, 0.20178864,\n        0.46284186, 0.55298234, 0.2071364 ],\n       [4.059911  , 4.30013424, 4.07646332, 0.81862798, 0.38351217,\n        1.06916548, 0.23543631, 0.        , 0.24686305, 0.10817664,\n        0.46762399, 0.38804334, 0.03543849],\n       [4.20898336, 4.45558026, 4.22613149, 0.58923693, 0.62895217,\n        0.83316165, 0.48122721, 0.24686305, 0.        , 0.32583434,\n        0.55882647, 0.29406559, 0.27423678],\n       [3.95189786, 4.19197876, 3.96843154, 0.91135971, 0.31357499,\n        1.15830081, 0.20178864, 0.10817664, 0.32583434, 0.        ,\n        0.54713229, 0.49617521, 0.11563574],\n       [4.40876166, 4.63775415, 4.42431648, 0.86870168, 0.60349819,\n        1.11460684, 0.46284186, 0.46762399, 0.55882647, 0.54713229,\n        0.        , 0.36135732, 0.44102002],\n       [4.44662113, 4.68769522, 4.463269  , 0.52564448, 0.72182686,\n        0.77968081, 0.55298234, 0.38804334, 0.29406559, 0.49617521,\n        0.36135732, 0.        , 0.38890127],\n       [4.0638912 , 4.30288161, 4.08033081, 0.83680477, 0.36168286,\n        1.08888899, 0.2071364 , 0.03543849, 0.27423678, 0.11563574,\n        0.44102002, 0.38890127, 0.        ]])"}}