{"duration": 0.0046041011810302734, "input_args": {"D_high": "array([[0.        , 0.53851648, 0.50990195, ..., 4.45982062, 4.65080638,\n        4.14004831],\n       [0.53851648, 0.        , 0.3       , ..., 4.49888875, 4.71805044,\n        4.15331193],\n       [0.50990195, 0.3       , 0.        , ..., 4.66154481, 4.84871117,\n        4.29883705],\n       ...,\n       [4.45982062, 4.49888875, 4.66154481, ..., 0.        , 0.6164414 ,\n        0.64031242],\n       [4.65080638, 4.71805044, 4.84871117, ..., 0.6164414 , 0.        ,\n        0.76811457],\n       [4.14004831, 4.15331193, 4.29883705, ..., 0.64031242, 0.76811457,\n        0.        ]])", "D_low": "array([[ 0.        ,  4.51650085,  2.27038858, ...,  5.40038671,\n         6.42052535,  9.06396247],\n       [ 4.51650085,  0.        ,  2.72861389, ...,  9.84142531,\n        10.91897395, 13.23973124],\n       [ 2.27038858,  2.72861389,  0.        , ...,  7.24462228,\n         8.38754557, 10.52254071],\n       ...,\n       [ 5.40038671,  9.84142531,  7.24462228, ...,  0.        ,\n         1.27921084,  3.99747734],\n       [ 6.42052535, 10.91897395,  8.38754557, ...,  1.27921084,\n         0.        ,  3.80261885],\n       [ 9.06396247, 13.23973124, 10.52254071, ...,  3.99747734,\n         3.80261885,  0.        ]])"}}