{"duration": 0.02010822296142578, "input_args": {"D_high": "array([[  0.        ,  78.51486107,  69.20815273, ...,  69.73493016,\n         71.7084146 ,  59.3410676 ],\n       [ 78.51486107,   0.        ,  52.82187071, ..., 116.13798098,\n         25.56589605,  57.21757619],\n       [ 69.20815273,  52.82187071,   0.        , ..., 115.90542006,\n         47.68584545,  27.4294094 ],\n       ...,\n       [ 69.73493016, 116.13798098, 115.90542006, ...,   0.        ,\n        116.45694834, 116.0975663 ],\n       [ 71.7084146 ,  25.56589605,  47.68584545, ..., 116.45694834,\n          0.        ,  52.21198288],\n       [ 59.3410676 ,  57.21757619,  27.4294094 , ..., 116.0975663 ,\n         52.21198288,   0.        ]])", "D_low": "array([[ 0.        ,  7.37647763, 10.6401001 , ...,  6.51285707,\n         6.18551495,  9.20759133],\n       [ 7.37647763,  0.        , 14.8595499 , ..., 13.76496665,\n         2.70868345, 14.79540431],\n       [10.6401001 , 14.8595499 ,  0.        , ..., 12.03869812,\n        12.21887473,  3.12456995],\n       ...,\n       [ 6.51285707, 13.76496665, 12.03869812, ...,  0.        ,\n        12.6844274 ,  9.22429357],\n       [ 6.18551495,  2.70868345, 12.21887473, ..., 12.6844274 ,\n         0.        , 12.3641133 ],\n       [ 9.20759133, 14.79540431,  3.12456995, ...,  9.22429357,\n        12.3641133 ,  0.        ]])"}}