{"duration": 0.0027358531951904297, "input_args": {"D_high": "array([[0.        , 0.53851648, 0.50990195, ..., 3.15277655, 4.69041576,\n        5.63914887],\n       [0.53851648, 0.        , 0.3       , ..., 3.10322413, 4.70850295,\n        5.74717322],\n       [0.50990195, 0.3       , 0.        , ..., 3.26802693, 4.86826458,\n        5.89406481],\n       ...,\n       [3.15277655, 3.10322413, 3.26802693, ..., 0.        , 1.65529454,\n        2.90172363],\n       [4.69041576, 4.70850295, 4.86826458, ..., 1.65529454, 0.        ,\n        1.42828569],\n       [5.63914887, 5.74717322, 5.89406481, ..., 2.90172363, 1.42828569,\n        0.        ]])", "D_low": "array([[0.        , 0.42292203, 0.36972847, ..., 7.58244996, 7.56653344,\n        7.13922103],\n       [0.42292203, 0.        , 0.65902528, ..., 7.88586905, 7.93582981,\n        7.52847148],\n       [0.36972847, 0.65902528, 0.        , ..., 7.2420521 , 7.27769418,\n        6.87810789],\n       ...,\n       [7.58244996, 7.88586905, 7.2420521 , ..., 0.        , 2.01945855,\n        2.79103909],\n       [7.56653344, 7.93582981, 7.27769418, ..., 2.01945855, 0.        ,\n        0.90991773],\n       [7.13922103, 7.52847148, 6.87810789, ..., 2.79103909, 0.90991773,\n        0.        ]])"}}