{"duration": 0.0024099349975585938, "input_args": {"D_high": "array([[  0.        , 136.88299559, 144.63509711, ...,  53.53524373,\n        141.87200429, 141.91977723],\n       [136.88299559,   0.        ,  31.11839599, ..., 184.18305812,\n         45.52624475,  35.90271834],\n       [144.63509711,  31.11839599,   0.        , ..., 189.98133079,\n         39.42516501,  34.06235871],\n       ...,\n       [ 53.53524373, 184.18305812, 189.98133079, ...,   0.        ,\n        183.80014255, 184.46368641],\n       [141.87200429,  45.52624475,  39.42516501, ..., 183.80014255,\n          0.        ,  20.60302427],\n       [141.91977723,  35.90271834,  34.06235871, ..., 184.46368641,\n         20.60302427,   0.        ]])", "D_low": "array([[ 0.        , 27.6856072 , 26.29330523, ...,  6.6574243 ,\n        27.60834151, 28.72183488],\n       [27.6856072 ,  0.        ,  1.61022953, ..., 26.48325679,\n        13.79796109, 12.7591093 ],\n       [26.29330523,  1.61022953,  0.        , ..., 25.33339036,\n        14.28768915, 13.4160012 ],\n       ...,\n       [ 6.6574243 , 26.48325679, 25.33339036, ...,  0.        ,\n        23.26682582, 24.63368297],\n       [27.60834151, 13.79796109, 14.28768915, ..., 23.26682582,\n         0.        ,  1.78426607],\n       [28.72183488, 12.7591093 , 13.4160012 , ..., 24.63368297,\n         1.78426607,  0.        ]])"}}