{"duration": 0.003282308578491211, "input_args": {"D_high": "array([[ 0.        , 10.19803903, 12.489996  , ..., 14.38749457,\n        14.28285686, 13.52774926],\n       [10.19803903,  0.        , 14.2126704 , ..., 15.65247584,\n        17.3781472 , 15.96871942],\n       [12.489996  , 14.2126704 ,  0.        , ..., 18.46618531,\n        19.33907961, 17.17556404],\n       ...,\n       [14.38749457, 15.65247584, 18.46618531, ...,  0.        ,\n         4.12310563,  3.16227766],\n       [14.28285686, 17.3781472 , 19.33907961, ...,  4.12310563,\n         0.        ,  4.35889894],\n       [13.52774926, 15.96871942, 17.17556404, ...,  3.16227766,\n         4.35889894,  0.        ]])", "D_low": "array([[ 0.        ,  4.89909886,  4.47852883, ...,  9.32982144,\n        13.27255648,  6.12950969],\n       [ 4.89909886,  0.        ,  6.17607378, ..., 13.39725984,\n        15.17743054,  9.54744183],\n       [ 4.47852883,  6.17607378,  0.        , ..., 13.05491217,\n        17.73464526, 10.42197851],\n       ...,\n       [ 9.32982144, 13.39725984, 13.05491217, ...,  0.        ,\n         7.77557506,  4.05607872],\n       [13.27255648, 15.17743054, 17.73464526, ...,  7.77557506,\n         0.        ,  7.57573907],\n       [ 6.12950969,  9.54744183, 10.42197851, ...,  4.05607872,\n         7.57573907,  0.        ]])"}}