{"duration": 0.0060460567474365234, "input_args": {"D_high": "array([[  0.        ,  99.03767478, 222.48737404, ...,  68.05106924,\n         70.4634419 ,  60.21040362],\n       [ 99.03767478,   0.        , 164.71032149, ...,  64.29096437,\n         79.46048483,  91.05102311],\n       [222.48737404, 164.71032149,   0.        , ..., 171.03618466,\n        234.92428202, 228.54251158],\n       ...,\n       [ 68.05106924,  64.29096437, 171.03618466, ...,   0.        ,\n         81.67068317,  66.23426945],\n       [ 70.4634419 ,  79.46048483, 234.92428202, ...,  81.67068317,\n          0.        ,  43.77778089],\n       [ 60.21040362,  91.05102311, 228.54251158, ...,  66.23426945,\n         43.77778089,   0.        ]])", "D_low": "array([[ 0.        , 13.56403194, 10.19996031, ...,  8.73221674,\n        15.38217874, 15.06009483],\n       [13.56403194,  0.        , 17.08116117, ...,  5.50806826,\n        17.50581302, 21.65730541],\n       [10.19996031, 17.08116117,  0.        , ..., 11.81830249,\n        25.36951928, 25.18553646],\n       ...,\n       [ 8.73221674,  5.50806826, 11.81830249, ...,  0.        ,\n        17.43182755, 20.05579579],\n       [15.38217874, 17.50581302, 25.36951928, ..., 17.43182755,\n         0.        ,  6.35565082],\n       [15.06009483, 21.65730541, 25.18553646, ..., 20.05579579,\n         6.35565082,  0.        ]])"}}