{"duration": 0.004069805145263672, "input_args": {"D_high": "array([[  0.        ,  63.23003439,  51.6526914 , ...,  66.22284519,\n         27.80260283, 159.45199265],\n       [ 63.23003439,   0.        ,  64.14069613, ...,  27.67658187,\n         52.44791055, 160.38731457],\n       [ 51.6526914 ,  64.14069613,   0.        , ...,  62.35925404,\n         42.98609637, 123.5982541 ],\n       ...,\n       [ 66.22284519,  27.67658187,  62.35925404, ...,   0.        ,\n         54.08764636, 159.7956386 ],\n       [ 27.80260283,  52.44791055,  42.98609637, ...,  54.08764636,\n          0.        , 157.90239317],\n       [159.45199265, 160.38731457, 123.5982541 , ..., 159.7956386 ,\n        157.90239317,   0.        ]])", "D_low": "array([[ 0.        , 10.78041003,  8.03608559, ..., 11.62243942,\n         2.80385468, 14.46902647],\n       [10.78041003,  0.        , 18.40326037, ...,  1.39624657,\n         9.10025525, 24.57507739],\n       [ 8.03608559, 18.40326037,  0.        , ..., 19.40823124,\n         9.3222531 , 11.31774091],\n       ...,\n       [11.62243942,  1.39624657, 19.40823124, ...,  0.        ,\n        10.16903022, 25.05924392],\n       [ 2.80385468,  9.10025525,  9.3222531 , ..., 10.16903022,\n         0.        , 17.12898081],\n       [14.46902647, 24.57507739, 11.31774091, ..., 25.05924392,\n        17.12898081,  0.        ]])"}}