{"duration": 0.0024030208587646484, "input_args": {"D_high": "array([[0.        , 0.5       , 0.74833148, 0.53851648, 3.49714169,\n        3.47275107, 2.88963666, 2.99499583, 3.18747549, 2.89482297],\n       [0.5       , 0.        , 0.75498344, 0.6       , 3.69052842,\n        3.69459064, 3.12729915, 3.30756708, 3.43074336, 3.19530906],\n       [0.74833148, 0.75498344, 0.        , 1.11803399, 4.14125585,\n        4.14004831, 3.51994318, 3.60138862, 3.84707681, 3.48998567],\n       [0.53851648, 0.6       , 1.11803399, 0.        , 3.38526218,\n        3.31209903, 2.78926514, 2.94957624, 3.02820079, 2.91376046],\n       [3.49714169, 3.69052842, 4.14125585, 3.38526218, 0.        ,\n        0.55677644, 0.74833148, 1.12249722, 0.79372539, 1.08166538],\n       [3.47275107, 3.69459064, 4.14004831, 3.31209903, 0.55677644,\n        0.        , 0.71414284, 0.97467943, 0.37416574, 1.17473401],\n       [2.88963666, 3.12729915, 3.51994318, 2.78926514, 0.74833148,\n        0.71414284, 0.        , 0.58309519, 0.51961524, 0.67082039],\n       [2.99499583, 3.30756708, 3.60138862, 2.94957624, 1.12249722,\n        0.97467943, 0.58309519, 0.        , 0.72801099, 0.51961524],\n       [3.18747549, 3.43074336, 3.84707681, 3.02820079, 0.79372539,\n        0.37416574, 0.51961524, 0.72801099, 0.        , 1.02956301],\n       [2.89482297, 3.19530906, 3.48998567, 2.91376046, 1.08166538,\n        1.17473401, 0.67082039, 0.51961524, 1.02956301, 0.        ]])", "D_low": "array([[0.        , 0.2508213 , 0.29536664, 0.11458338, 4.91248523,\n        5.03827043, 4.78207218, 5.21202674, 5.05853455, 4.68933828],\n       [0.2508213 , 0.        , 0.25828194, 0.36189488, 4.67106243,\n        4.79157283, 4.53245516, 4.97595714, 4.81390334, 4.44764124],\n       [0.29536664, 0.25828194, 0.        , 0.39151136, 4.69143269,\n        4.83615053, 4.59884344, 4.97752912, 4.8477608 , 4.46934529],\n       [0.11458338, 0.36189488, 0.39151136, 0.        , 5.02701294,\n        5.15201951, 4.89434121, 5.3265321 , 5.17274092, 4.80384988],\n       [4.91248523, 4.67106243, 4.69143269, 5.02701294, 0.        ,\n        0.46769434, 0.84361737, 0.45936331, 0.29110827, 0.22409641],\n       [5.03827043, 4.79157283, 4.83615053, 5.15201951, 0.46769434,\n        0.        , 0.47536469, 0.8343463 , 0.20321353, 0.54546828],\n       [4.78207218, 4.53245516, 4.59884344, 4.89434121, 0.84361737,\n        0.47536469, 0.        , 1.27502299, 0.6587864 , 0.79946474],\n       [5.21202674, 4.97595714, 4.97752912, 5.3265321 , 0.45936331,\n        0.8343463 , 1.27502299, 0.        , 0.63146265, 0.63550677],\n       [5.05853455, 4.81390334, 4.8477608 , 5.17274092, 0.29110827,\n        0.20321353, 0.6587864 , 0.63146265, 0.        , 0.43242271],\n       [4.68933828, 4.44764124, 4.46934529, 4.80384988, 0.22409641,\n        0.54546828, 0.79946474, 0.63550677, 0.43242271, 0.        ]])"}}