{"duration": 0.04119610786437988, "input_args": {"D_high": "array([[  0.        ,  77.93464827, 115.40589995, ..., 128.91608086,\n         71.42824327,  88.2669252 ],\n       [ 77.93464827,   0.        ,  83.43747073, ..., 114.70143766,\n         44.29446946,  17.10820975],\n       [115.40589995,  83.43747073,   0.        , ..., 138.70632141,\n         74.24292516,  83.46352557],\n       ...,\n       [128.91608086, 114.70143766, 138.70632141, ...,   0.        ,\n        116.45694834, 116.0975663 ],\n       [ 71.42824327,  44.29446946,  74.24292516, ..., 116.45694834,\n          0.        ,  52.21198288],\n       [ 88.2669252 ,  17.10820975,  83.46352557, ..., 116.0975663 ,\n         52.21198288,   0.        ]])", "D_low": "array([[ 0.        , 13.95723946, 10.55375949, ..., 32.16693405,\n        19.47225246, 13.41866109],\n       [13.95723946,  0.        , 12.42431517, ..., 18.60184307,\n         7.95139318,  1.02721233],\n       [10.55375949, 12.42431517,  0.        , ..., 26.41782043,\n        20.29883172, 12.69969269],\n       ...,\n       [32.16693405, 18.60184307, 26.41782043, ...,  0.        ,\n        18.22758738, 19.4154637 ],\n       [19.47225246,  7.95139318, 20.29883172, ..., 18.22758738,\n         0.        ,  7.60061644],\n       [13.41866109,  1.02721233, 12.69969269, ..., 19.4154637 ,\n         7.60061644,  0.        ]])"}}