{"duration": 0.2630641460418701, "input_args": {"D_high": "array([[ 0.        , 11.87434209,  2.23606798, ..., 17.3781472 ,\n        12.9614814 , 13.89244399],\n       [11.87434209,  0.        , 11.3137085 , ..., 14.6628783 ,\n        11.78982612, 10.95445115],\n       [ 2.23606798, 11.3137085 ,  0.        , ..., 17.40689519,\n        12.76714533, 13.6381817 ],\n       ...,\n       [17.3781472 , 14.6628783 , 17.40689519, ...,  0.        ,\n         7.74596669,  8.18535277],\n       [12.9614814 , 11.78982612, 12.76714533, ...,  7.74596669,\n         0.        ,  3.31662479],\n       [13.89244399, 10.95445115, 13.6381817 , ...,  8.18535277,\n         3.31662479,  0.        ]])", "D_low": "array([[ 0.        ,  2.54324216,  6.89352499, ...,  6.10079741,\n         4.57569071,  4.43619709],\n       [ 2.54324216,  0.        ,  9.37530313, ...,  4.74842636,\n         3.10336462,  2.87871105],\n       [ 6.89352499,  9.37530313,  0.        , ..., 11.1566119 ,\n        10.23101389, 10.2223937 ],\n       ...,\n       [ 6.10079741,  4.74842636, 11.1566119 , ...,  0.        ,\n         1.65056025,  1.86976135],\n       [ 4.57569071,  3.10336462, 10.23101389, ...,  1.65056025,\n         0.        ,  0.24360657],\n       [ 4.43619709,  2.87871105, 10.2223937 , ...,  1.86976135,\n         0.24360657,  0.        ]])", "k": "60"}}