{"duration": 0.005514860153198242, "input_args": {"D_high": "array([[  0.        ,  84.1961696 ,  77.77817558, ..., 164.25094499,\n         96.7953527 , 143.21994847],\n       [ 84.1961696 ,   0.        , 123.13577912, ..., 226.59142528,\n         74.06281237, 214.02748194],\n       [ 77.77817558, 123.13577912,   0.        , ..., 111.20643942,\n         90.52153753, 101.51019271],\n       ...,\n       [164.25094499, 226.59142528, 111.20643942, ...,   0.        ,\n        189.87669905,  46.59966957],\n       [ 96.7953527 ,  74.06281237,  90.52153753, ..., 189.87669905,\n          0.        , 186.26121056],\n       [143.21994847, 214.02748194, 101.51019271, ...,  46.59966957,\n        186.26121056,   0.        ]])", "D_low": "array([[ 0.        ,  5.45319554,  6.09121212, ..., 12.15091172,\n        11.69044035, 16.21478417],\n       [ 5.45319554,  0.        ,  7.36761062, ..., 15.45164726,\n         6.25228051, 13.00978709],\n       [ 6.09121212,  7.36761062,  0.        , ...,  8.29906693,\n        11.80249019, 11.61992304],\n       ...,\n       [12.15091172, 15.45164726,  8.29906693, ...,  0.        ,\n        20.05050624, 16.96282242],\n       [11.69044035,  6.25228051, 11.80249019, ..., 20.05050624,\n         0.        , 10.98615255],\n       [16.21478417, 13.00978709, 11.61992304, ..., 16.96282242,\n        10.98615255,  0.        ]])"}}