{"duration": 0.006166219711303711, "input_args": {"D_high": "array([[  0.        ,  84.1961696 ,  77.77817558, ..., 164.25094499,\n         96.7953527 , 143.21994847],\n       [ 84.1961696 ,   0.        , 123.13577912, ..., 226.59142528,\n         74.06281237, 214.02748194],\n       [ 77.77817558, 123.13577912,   0.        , ..., 111.20643942,\n         90.52153753, 101.51019271],\n       ...,\n       [164.25094499, 226.59142528, 111.20643942, ...,   0.        ,\n        189.87669905,  46.59966957],\n       [ 96.7953527 ,  74.06281237,  90.52153753, ..., 189.87669905,\n          0.        , 186.26121056],\n       [143.21994847, 214.02748194, 101.51019271, ...,  46.59966957,\n        186.26121056,   0.        ]])", "D_low": "array([[ 0.        ,  5.29085261,  6.59735247, ..., 17.50069716,\n         7.74548181, 10.92554084],\n       [ 5.29085261,  0.        , 11.54013498, ..., 22.69279479,\n         4.02487974, 11.6442565 ],\n       [ 6.59735247, 11.54013498,  0.        , ..., 11.27360496,\n        12.62708211, 10.42088752],\n       ...,\n       [17.50069716, 22.69279479, 11.27360496, ...,  0.        ,\n        23.8603606 , 19.50272966],\n       [ 7.74548181,  4.02487974, 12.62708211, ..., 23.8603606 ,\n         0.        ,  9.11142607],\n       [10.92554084, 11.6442565 , 10.42088752, ..., 19.50272966,\n         9.11142607,  0.        ]])"}}