{"duration": 0.0018260478973388672, "input_args": {"D_high": "array([[0.        , 0.38729833, 0.52915026, 2.69443872, 2.65518361,\n        3.55246393, 5.17107339],\n       [0.38729833, 0.        , 0.33166248, 2.65518361, 2.64952826,\n        3.55387113, 5.25642464],\n       [0.52915026, 0.33166248, 0.        , 2.82488938, 2.75862284,\n        3.591657  , 5.2516664 ],\n       [2.69443872, 2.65518361, 2.82488938, 0.        , 0.67082039,\n        1.63707055, 3.51852242],\n       [2.65518361, 2.64952826, 2.75862284, 0.67082039, 0.        ,\n        1.10905365, 2.99499583],\n       [3.55246393, 3.55387113, 3.591657  , 1.63707055, 1.10905365,\n        0.        , 2.00499377],\n       [5.17107339, 5.25642464, 5.2516664 , 3.51852242, 2.99499583,\n        2.00499377, 0.        ]])", "D_low": "array([[0.        , 1.93895411, 1.49130481, 3.47909017, 3.38340949,\n        3.29082315, 3.59497541],\n       [1.93895411, 0.        , 0.89012844, 5.40000335, 5.30873086,\n        5.21078261, 5.51794303],\n       [1.49130481, 0.89012844, 0.        , 4.76790267, 4.6872853 ,\n        4.5790321 , 4.8888448 ],\n       [3.47909017, 5.40000335, 4.76790267, 0.        , 0.12087053,\n        0.18944187, 0.12215442],\n       [3.38340949, 5.30873086, 4.6872853 , 0.12087053, 0.        ,\n        0.13094882, 0.21477397],\n       [3.29082315, 5.21078261, 4.5790321 , 0.18944187, 0.13094882,\n        0.        , 0.30981875],\n       [3.59497541, 5.51794303, 4.8888448 , 0.12215442, 0.21477397,\n        0.30981875, 0.        ]])"}}