{"duration": 0.16173601150512695, "input_args": {"D_high": "array([[  0.        ,  66.90348403,  54.29633528, ..., 117.7833007 ,\n         43.58127217,  61.71982942],\n       [ 66.90348403,   0.        , 102.51825711, ..., 118.02190998,\n         53.16248681,  12.74524602],\n       [ 54.29633528, 102.51825711,   0.        , ..., 130.39398885,\n         59.87774486,  96.3199743 ],\n       ...,\n       [117.7833007 , 118.02190998, 130.39398885, ...,   0.        ,\n        116.45694834, 116.0975663 ],\n       [ 43.58127217,  53.16248681,  59.87774486, ..., 116.45694834,\n          0.        ,  52.21198288],\n       [ 61.71982942,  12.74524602,  96.3199743 , ..., 116.0975663 ,\n         52.21198288,   0.        ]])", "D_low": "array([[ 0.        , 12.88212359,  6.05681085, ..., 15.76603401,\n         5.57919706, 11.73099674],\n       [12.88212359,  0.        , 17.98543089, ...,  9.20144586,\n        13.42104455,  1.15186247],\n       [ 6.05681085, 17.98543089,  0.        , ..., 18.29827491,\n         5.61436748, 16.85357571],\n       ...,\n       [15.76603401,  9.20144586, 18.29827491, ...,  0.        ,\n        12.6844274 ,  9.22429357],\n       [ 5.57919706, 13.42104455,  5.61436748, ..., 12.6844274 ,\n         0.        , 12.3641133 ],\n       [11.73099674,  1.15186247, 16.85357571, ...,  9.22429357,\n        12.3641133 ,  0.        ]])", "k": "50"}}