{"duration": 0.017970800399780273, "input_args": {"D_high": "array([[0.        , 0.53851648, 0.50990195, ..., 4.45982062, 4.65080638,\n        4.14004831],\n       [0.53851648, 0.        , 0.3       , ..., 4.49888875, 4.71805044,\n        4.15331193],\n       [0.50990195, 0.3       , 0.        , ..., 4.66154481, 4.84871117,\n        4.29883705],\n       ...,\n       [4.45982062, 4.49888875, 4.66154481, ..., 0.        , 0.6164414 ,\n        0.64031242],\n       [4.65080638, 4.71805044, 4.84871117, ..., 0.6164414 , 0.        ,\n        0.76811457],\n       [4.14004831, 4.15331193, 4.29883705, ..., 0.64031242, 0.76811457,\n        0.        ]])", "D_low": "array([[0.        , 0.42818332, 0.24690989, ..., 5.46828642, 5.72260596,\n        5.28331504],\n       [0.42818332, 0.        , 0.60049126, ..., 5.74753091, 5.91627365,\n        5.50510484],\n       [0.24690989, 0.60049126, 0.        , ..., 5.54798458, 5.85590857,\n        5.40141417],\n       ...,\n       [5.46828642, 5.74753091, 5.54798458, ..., 0.        , 1.3898388 ,\n        0.9361607 ],\n       [5.72260596, 5.91627365, 5.85590857, ..., 1.3898388 , 0.        ,\n        0.5984363 ],\n       [5.28331504, 5.50510484, 5.40141417, ..., 0.9361607 , 0.5984363 ,\n        0.        ]])", "k": "35"}}