{"duration": 0.005164146423339844, "input_args": {"D_high": "array([[0.        , 0.53851648, 0.50990195, ..., 4.27668096, 4.45982062,\n        4.65080638],\n       [0.53851648, 0.        , 0.3       , ..., 4.24970587, 4.49888875,\n        4.71805044],\n       [0.50990195, 0.3       , 0.        , ..., 4.43057558, 4.66154481,\n        4.84871117],\n       ...,\n       [4.27668096, 4.24970587, 4.43057558, ..., 0.        , 0.58309519,\n        1.06770783],\n       [4.45982062, 4.49888875, 4.66154481, ..., 0.58309519, 0.        ,\n        0.6164414 ],\n       [4.65080638, 4.71805044, 4.84871117, ..., 1.06770783, 0.6164414 ,\n        0.        ]])", "D_low": "array([[0.        , 0.27792339, 1.55896163, ..., 5.04166316, 5.27256446,\n        5.33761914],\n       [0.27792339, 0.        , 1.81806226, ..., 4.77436054, 5.00300478,\n        5.06753598],\n       [1.55896163, 1.81806226, 0.        , ..., 6.33732216, 6.58865137,\n        6.65869204],\n       ...,\n       [5.04166316, 4.77436054, 6.33732216, ..., 0.        , 0.27863134,\n        0.35509029],\n       [5.27256446, 5.00300478, 6.58865137, ..., 0.27863134, 0.        ,\n        0.07647316],\n       [5.33761914, 5.06753598, 6.65869204, ..., 0.35509029, 0.07647316,\n        0.        ]])"}}