{"duration": 0.02076101303100586, "input_args": {"D_high": "array([[  0.        ,  78.51486107,  69.20815273, ...,  69.73493016,\n         71.7084146 ,  59.3410676 ],\n       [ 78.51486107,   0.        ,  52.82187071, ..., 116.13798098,\n         25.56589605,  57.21757619],\n       [ 69.20815273,  52.82187071,   0.        , ..., 115.90542006,\n         47.68584545,  27.4294094 ],\n       ...,\n       [ 69.73493016, 116.13798098, 115.90542006, ...,   0.        ,\n        116.45694834, 116.0975663 ],\n       [ 71.7084146 ,  25.56589605,  47.68584545, ..., 116.45694834,\n          0.        ,  52.21198288],\n       [ 59.3410676 ,  57.21757619,  27.4294094 , ..., 116.0975663 ,\n         52.21198288,   0.        ]])", "D_low": "array([[ 0.        , 20.59259606, 11.15481128, ..., 15.42665811,\n        13.78561052,  5.51744354],\n       [20.59259606,  0.        , 18.19259952, ..., 31.75602066,\n         8.63838026, 18.34924279],\n       [11.15481128, 18.19259952,  0.        , ..., 14.04037392,\n         9.57465736,  5.65197998],\n       ...,\n       [15.42665811, 31.75602066, 14.04037392, ...,  0.        ,\n        23.17829849, 13.94668483],\n       [13.78561052,  8.63838026,  9.57465736, ..., 23.17829849,\n         0.        , 10.24714073],\n       [ 5.51744354, 18.34924279,  5.65197998, ..., 13.94668483,\n        10.24714073,  0.        ]])"}}