{"duration": 0.012659072875976562, "input_args": {"D_high": "array([[ 0.        , 11.87434209,  2.23606798, ...,  2.82842712,\n        16.91153453,  4.47213595],\n       [11.87434209,  0.        , 11.3137085 , ..., 12.20655562,\n        10.34408043, 12.68857754],\n       [ 2.23606798, 11.3137085 ,  0.        , ...,  2.23606798,\n        16.88194302,  3.        ],\n       ...,\n       [ 2.82842712, 12.20655562,  2.23606798, ...,  0.        ,\n        17.94435844,  2.        ],\n       [16.91153453, 10.34408043, 16.88194302, ..., 17.94435844,\n         0.        , 18.60107524],\n       [ 4.47213595, 12.68857754,  3.        , ...,  2.        ,\n        18.60107524,  0.        ]])", "D_low": "array([[ 0.        ,  2.59105117,  6.62107411, ...,  6.67326655,\n         4.33909614, 11.43187003],\n       [ 2.59105117,  0.        ,  8.58078678, ...,  9.17329766,\n         3.13643441, 13.42403427],\n       [ 6.62107411,  8.58078678,  0.        , ...,  3.41977135,\n        10.95852362,  4.84888529],\n       ...,\n       [ 6.67326655,  9.17329766,  3.41977135, ...,  0.        ,\n        10.70506424,  6.15375431],\n       [ 4.33909614,  3.13643441, 10.95852362, ..., 10.70506424,\n         0.        , 15.76911725],\n       [11.43187003, 13.42403427,  4.84888529, ...,  6.15375431,\n        15.76911725,  0.        ]])"}}