{"duration": 0.0033969879150390625, "input_args": {"D_high": "array([[0.        , 0.53851648, 0.50990195, ..., 3.15277655, 4.69041576,\n        5.63914887],\n       [0.53851648, 0.        , 0.3       , ..., 3.10322413, 4.70850295,\n        5.74717322],\n       [0.50990195, 0.3       , 0.        , ..., 3.26802693, 4.86826458,\n        5.89406481],\n       ...,\n       [3.15277655, 3.10322413, 3.26802693, ..., 0.        , 1.65529454,\n        2.90172363],\n       [4.69041576, 4.70850295, 4.86826458, ..., 1.65529454, 0.        ,\n        1.42828569],\n       [5.63914887, 5.74717322, 5.89406481, ..., 2.90172363, 1.42828569,\n        0.        ]])", "D_low": "array([[ 0.        ,  6.06089443,  5.60834615, ..., 37.76561865,\n        45.02176777, 46.51116348],\n       [ 6.06089443,  0.        ,  2.03573343, ..., 39.98084621,\n        41.78432222, 43.51689088],\n       [ 5.60834615,  2.03573343,  0.        , ..., 37.94822628,\n        40.54238284, 42.19955735],\n       ...,\n       [37.76561865, 39.98084621, 37.94822628, ...,  0.        ,\n        37.39559463, 36.56752515],\n       [45.02176777, 41.78432222, 40.54238284, ..., 37.39559463,\n         0.        ,  2.62195159],\n       [46.51116348, 43.51689088, 42.19955735, ..., 36.56752515,\n         2.62195159,  0.        ]])"}}