{"duration": 0.002151966094970703, "input_args": {"D_high": "array([[0.        , 0.58309519, 1.47986486, 3.25115364, 3.77756535,\n        3.52987252, 3.29393382, 3.21403174, 3.18433667, 2.54754784,\n        2.97657521, 4.70956474, 4.29068759],\n       [0.58309519, 0.        , 1.3       , 3.70540146, 4.2626283 ,\n        3.92428337, 3.75099987, 3.69188299, 3.61109402, 2.97489496,\n        3.43511281, 5.13419906, 4.69574275],\n       [1.47986486, 1.3       , 0.        , 4.01248053, 4.5607017 ,\n        4.15571895, 3.89615195, 3.96484552, 3.78021163, 3.06920185,\n        3.64005494, 5.3244718 , 4.94165964],\n       [3.25115364, 3.70540146, 4.01248053, 0.        , 0.64807407,\n        0.65574385, 0.6164414 , 0.31622777, 0.5       , 1.02956301,\n        0.45825757, 1.49331845, 1.13137085],\n       [3.77756535, 4.2626283 , 4.5607017 , 0.64807407, 0.        ,\n        1.05356538, 0.92736185, 0.6       , 1.00498756, 1.56843871,\n        0.96436508, 1.21243557, 1.02956301],\n       [3.52987252, 3.92428337, 4.15571895, 0.65574385, 1.05356538,\n        0.        , 0.75498344, 0.92195445, 0.52915026, 1.19582607,\n        0.82462113, 1.2489996 , 0.8660254 ],\n       [3.29393382, 3.75099987, 3.89615195, 0.6164414 , 0.92736185,\n        0.75498344, 0.        , 0.64807407, 0.38729833, 0.86023253,\n        0.43588989, 1.55241747, 1.34907376],\n       [3.21403174, 3.69188299, 3.96484552, 0.31622777, 0.6       ,\n        0.92195445, 0.64807407, 0.        , 0.6244998 , 1.00995049,\n        0.43588989, 1.61554944, 1.30384048],\n       [3.18433667, 3.61109402, 3.78021163, 0.5       , 1.00498756,\n        0.52915026, 0.38729833, 0.6244998 , 0.        , 0.72801099,\n        0.34641016, 1.56204994, 1.23693169],\n       [2.54754784, 2.97489496, 3.06920185, 1.02956301, 1.56843871,\n        1.19582607, 0.86023253, 1.00995049, 0.72801099, 0.        ,\n        0.60827625, 2.27815715, 1.94422221],\n       [2.97657521, 3.43511281, 3.64005494, 0.45825757, 0.96436508,\n        0.82462113, 0.43588989, 0.43588989, 0.34641016, 0.60827625,\n        0.        , 1.77763888, 1.45945195],\n       [4.70956474, 5.13419906, 5.3244718 , 1.49331845, 1.21243557,\n        1.2489996 , 1.55241747, 1.61554944, 1.56204994, 2.27815715,\n        1.77763888, 0.        , 0.55677644],\n       [4.29068759, 4.69574275, 4.94165964, 1.13137085, 1.02956301,\n        0.8660254 , 1.34907376, 1.30384048, 1.23693169, 1.94422221,\n        1.45945195, 0.55677644, 0.        ]])", "D_low": "array([[ 0.        ,  1.73632067,  4.19255692, 13.35000762, 11.30512422,\n        16.97346501, 17.03135797, 13.12375966, 17.44097254, 20.57136196,\n        17.24841806,  8.10970068,  9.49382781],\n       [ 1.73632067,  0.        ,  3.43736637, 11.96338995,  9.91527212,\n        15.49617577, 15.42884062, 11.74609452, 15.82961646, 18.97501625,\n        15.64211227,  6.50137126,  8.04115979],\n       [ 4.19255692,  3.43736637,  0.        ,  9.45916901,  7.46052912,\n        13.20888432, 13.63080941,  9.22160293, 14.06906067, 17.10236594,\n        13.85925756,  5.14424616,  5.85422269],\n       [13.35000762, 11.96338995,  9.45916901,  0.        ,  2.04889726,\n         3.81750076,  5.05832191,  0.24628389,  5.51414438,  8.07338188,\n         5.2854628 ,  5.90260373,  3.95515889],\n       [11.30512422,  9.91527212,  7.46052912,  2.04889726,  0.        ,\n         5.74928025,  6.48712837,  1.83149258,  6.94663628,  9.79144609,\n         6.72162341,  3.99682716,  1.94225976],\n       [16.97346501, 15.49617577, 13.20888432,  3.81750076,  5.74928025,\n         0.        ,  2.56093594,  4.06359986,  2.84102666,  4.42993864,\n         2.67900983,  9.11661061,  7.47966915],\n       [17.03135797, 15.42884062, 13.63080941,  5.05832191,  6.48712837,\n         2.56093594,  0.        ,  5.27848547,  0.46141909,  3.54748917,\n         0.23449505,  8.92921772,  7.78234642],\n       [13.12375966, 11.74609452,  9.22160293,  0.24628389,  1.83149258,\n         4.06359986,  5.27848547,  0.        ,  5.73566351,  8.31571902,\n         5.50678291,  5.72767139,  3.75315001],\n       [17.44097254, 15.82961646, 14.06906067,  5.51414438,  6.94663628,\n         2.84102666,  0.46141909,  5.73566351,  0.        ,  3.16496266,\n         0.22901777,  9.33398871,  8.22450896],\n       [20.57136196, 18.97501625, 17.10236594,  8.07338188,  9.79144609,\n         4.42993864,  3.54748917,  8.31571902,  3.16496266,  0.        ,\n         3.33922107, 12.47435711, 11.24905412],\n       [17.24841806, 15.64211227, 13.85925756,  5.2854628 ,  6.72162341,\n         2.67900983,  0.23449505,  5.50678291,  0.22901777,  3.33922107,\n         0.        ,  9.14392239,  8.01210532],\n       [ 8.10970068,  6.50137126,  5.14424616,  5.90260373,  3.99682716,\n         9.11661061,  8.92921772,  5.72767139,  9.33398871, 12.47435711,\n         9.14392239,  0.        ,  2.1229482 ],\n       [ 9.49382781,  8.04115979,  5.85422269,  3.95515889,  1.94225976,\n         7.47966915,  7.78234642,  3.75315001,  8.22450896, 11.24905412,\n         8.01210532,  2.1229482 ,  0.        ]])"}}