{"duration": 0.0046710968017578125, "input_args": {"D_high": "array([[ 0.        , 10.19803903, 12.489996  , ..., 14.38749457,\n        14.28285686, 13.52774926],\n       [10.19803903,  0.        , 14.2126704 , ..., 15.65247584,\n        17.3781472 , 15.96871942],\n       [12.489996  , 14.2126704 ,  0.        , ..., 18.46618531,\n        19.33907961, 17.17556404],\n       ...,\n       [14.38749457, 15.65247584, 18.46618531, ...,  0.        ,\n         4.12310563,  3.16227766],\n       [14.28285686, 17.3781472 , 19.33907961, ...,  4.12310563,\n         0.        ,  4.35889894],\n       [13.52774926, 15.96871942, 17.17556404, ...,  3.16227766,\n         4.35889894,  0.        ]])", "D_low": "array([[ 0.        ,  2.8066441 ,  4.95360557, ...,  5.91439721,\n        15.94885186,  5.383549  ],\n       [ 2.8066441 ,  0.        ,  5.61621503, ...,  7.16823578,\n        18.35344529,  8.0647829 ],\n       [ 4.95360557,  5.61621503,  0.        , ..., 10.79782238,\n        19.24414521,  8.62157112],\n       ...,\n       [ 5.91439721,  7.16823578, 10.79782238, ...,  0.        ,\n        12.17324504,  5.14682729],\n       [15.94885186, 18.35344529, 19.24414521, ..., 12.17324504,\n         0.        , 10.75292518],\n       [ 5.383549  ,  8.0647829 ,  8.62157112, ...,  5.14682729,\n        10.75292518,  0.        ]])"}}