{"duration": 0.0022780895233154297, "input_args": {"D_high": "array([[  0.        , 136.88299559, 144.63509711, ...,  53.53524373,\n        141.87200429, 141.91977723],\n       [136.88299559,   0.        ,  31.11839599, ..., 184.18305812,\n         45.52624475,  35.90271834],\n       [144.63509711,  31.11839599,   0.        , ..., 189.98133079,\n         39.42516501,  34.06235871],\n       ...,\n       [ 53.53524373, 184.18305812, 189.98133079, ...,   0.        ,\n        183.80014255, 184.46368641],\n       [141.87200429,  45.52624475,  39.42516501, ..., 183.80014255,\n          0.        ,  20.60302427],\n       [141.91977723,  35.90271834,  34.06235871, ..., 184.46368641,\n         20.60302427,   0.        ]])", "D_low": "array([[ 0.        , 20.42999684, 21.15764052, ...,  9.31392689,\n        20.42609318, 18.61336471],\n       [20.42999684,  0.        ,  3.06052647, ..., 19.80036148,\n         8.48671378,  7.71043875],\n       [21.15764052,  3.06052647,  0.        , ..., 19.12572255,\n         5.75347207,  5.45160893],\n       ...,\n       [ 9.31392689, 19.80036148, 19.12572255, ...,  0.        ,\n        15.93166977, 14.61773539],\n       [20.42609318,  8.48671378,  5.75347207, ..., 15.93166977,\n         0.        ,  1.9159729 ],\n       [18.61336471,  7.71043875,  5.45160893, ..., 14.61773539,\n         1.9159729 ,  0.        ]])"}}