{"duration": 0.003815174102783203, "input_args": {"D_high": "array([[0.        , 1.25698051, 0.78740079, ..., 4.57602448, 4.79165942,\n        4.21781934],\n       [1.25698051, 0.        , 0.50990195, ..., 4.05215992, 4.25440948,\n        3.80657326],\n       [0.78740079, 0.50990195, 0.        , ..., 4.10609303, 4.32897216,\n        3.81182371],\n       ...,\n       [4.57602448, 4.05215992, 4.10609303, ..., 0.        , 0.6164414 ,\n        0.64031242],\n       [4.79165942, 4.25440948, 4.32897216, ..., 0.6164414 , 0.        ,\n        0.76811457],\n       [4.21781934, 3.80657326, 3.81182371, ..., 0.64031242, 0.76811457,\n        0.        ]])", "D_low": "array([[0.        , 0.04060306, 0.04281232, ..., 2.52471859, 4.50282762,\n        4.32017949],\n       [0.04060306, 0.        , 0.06610354, ..., 2.54720498, 4.54327883,\n        4.36072431],\n       [0.04281232, 0.06610354, 0.        , ..., 2.48414246, 4.49572203,\n        4.3116884 ],\n       ...,\n       [2.52471859, 2.54720498, 2.48414246, ..., 0.        , 3.98522272,\n        3.75198534],\n       [4.50282762, 4.54327883, 4.49572203, ..., 3.98522272, 0.        ,\n        0.23377368],\n       [4.32017949, 4.36072431, 4.3116884 , ..., 3.75198534, 0.23377368,\n        0.        ]])"}}