{"duration": 0.0023202896118164062, "input_args": {"D_high": "array([[0.        , 0.33166248, 0.70710678, ..., 4.40227214, 4.71911009,\n        4.27317212],\n       [0.33166248, 0.        , 0.41231056, ..., 4.28835633, 4.63680925,\n        4.15331193],\n       [0.70710678, 0.41231056, 0.        , ..., 4.39317653, 4.77807493,\n        4.26380112],\n       ...,\n       [4.40227214, 4.28835633, 4.39317653, ..., 0.        , 0.57445626,\n        0.81240384],\n       [4.71911009, 4.63680925, 4.77807493, ..., 0.57445626, 0.        ,\n        1.13578167],\n       [4.27317212, 4.15331193, 4.26380112, ..., 0.81240384, 1.13578167,\n        0.        ]])", "D_low": "array([[ 0.        ,  4.02926446,  1.26673864, ...,  5.63505259,\n         5.43362991,  5.81680101],\n       [ 4.02926446,  0.        ,  4.89949129, ...,  6.72453797,\n         5.24093013,  6.84135784],\n       [ 1.26673864,  4.89949129,  0.        , ...,  6.72616885,\n         4.96325842,  6.91206311],\n       ...,\n       [ 5.63505259,  6.72453797,  6.72616885, ...,  0.        ,\n        10.73557891,  0.18846077],\n       [ 5.43362991,  5.24093013,  4.96325842, ..., 10.73557891,\n         0.        , 10.90012641],\n       [ 5.81680101,  6.84135784,  6.91206311, ...,  0.18846077,\n        10.90012641,  0.        ]])"}}