{"duration": 0.0027170181274414062, "input_args": {"D_high": "array([[0.        , 0.5       , 0.2       , ..., 4.22018957, 4.45757782,\n        4.10609303],\n       [0.5       , 0.        , 0.55677644, ..., 4.23792402, 4.42040722,\n        4.1024383 ],\n       [0.2       , 0.55677644, 0.        , ..., 4.0484565 , 4.29534632,\n        3.95221457],\n       ...,\n       [4.22018957, 4.23792402, 4.0484565 , ..., 0.        , 0.58309519,\n        0.65574385],\n       [4.45757782, 4.42040722, 4.29534632, ..., 0.58309519, 0.        ,\n        0.64031242],\n       [4.10609303, 4.1024383 , 3.95221457, ..., 0.65574385, 0.64031242,\n        0.        ]])", "D_low": "array([[0.        , 0.2329449 , 0.15243626, ..., 4.06549484, 4.61253391,\n        4.39691285],\n       [0.2329449 , 0.        , 0.08199017, ..., 4.23973757, 4.78882299,\n        4.55473631],\n       [0.15243626, 0.08199017, 0.        , ..., 4.17022386, 4.71880806,\n        4.48993548],\n       ...,\n       [4.06549484, 4.23973757, 4.17022386, ..., 0.        , 0.55130153,\n        0.54094203],\n       [4.61253391, 4.78882299, 4.71880806, ..., 0.55130153, 0.        ,\n        0.56888217],\n       [4.39691285, 4.55473631, 4.48993548, ..., 0.54094203, 0.56888217,\n        0.        ]])"}}