{"duration": 0.19129228591918945, "input_args": {"D_high": "array([[ 0.        , 11.87434209,  2.23606798, ..., 17.3781472 ,\n        12.9614814 , 13.89244399],\n       [11.87434209,  0.        , 11.3137085 , ..., 14.6628783 ,\n        11.78982612, 10.95445115],\n       [ 2.23606798, 11.3137085 ,  0.        , ..., 17.40689519,\n        12.76714533, 13.6381817 ],\n       ...,\n       [17.3781472 , 14.6628783 , 17.40689519, ...,  0.        ,\n         7.74596669,  8.18535277],\n       [12.9614814 , 11.78982612, 12.76714533, ...,  7.74596669,\n         0.        ,  3.31662479],\n       [13.89244399, 10.95445115, 13.6381817 , ...,  8.18535277,\n         3.31662479,  0.        ]])", "D_low": "array([[ 0.        ,  3.61445117,  6.36985561, ...,  7.15412611,\n         8.02240699,  8.08063349],\n       [ 3.61445117,  0.        ,  9.28053532, ...,  5.08186197,\n         6.31906428,  6.36829461],\n       [ 6.36985561,  9.28053532,  0.        , ..., 13.51903524,\n        14.38083827, 14.43928901],\n       ...,\n       [ 7.15412611,  5.08186197, 13.51903524, ...,  0.        ,\n         1.33762074,  1.37370708],\n       [ 8.02240699,  6.31906428, 14.38083827, ...,  1.33762074,\n         0.        ,  0.05869386],\n       [ 8.08063349,  6.36829461, 14.43928901, ...,  1.37370708,\n         0.05869386,  0.        ]])", "k": "45"}}