{"duration": 0.0017170906066894531, "input_args": {"D_high": "array([[0.        , 0.58309519, 1.47986486, 3.25115364, 3.77756535,\n        3.52987252, 3.29393382, 3.21403174, 3.18433667, 2.54754784,\n        2.97657521, 4.70956474, 4.29068759],\n       [0.58309519, 0.        , 1.3       , 3.70540146, 4.2626283 ,\n        3.92428337, 3.75099987, 3.69188299, 3.61109402, 2.97489496,\n        3.43511281, 5.13419906, 4.69574275],\n       [1.47986486, 1.3       , 0.        , 4.01248053, 4.5607017 ,\n        4.15571895, 3.89615195, 3.96484552, 3.78021163, 3.06920185,\n        3.64005494, 5.3244718 , 4.94165964],\n       [3.25115364, 3.70540146, 4.01248053, 0.        , 0.64807407,\n        0.65574385, 0.6164414 , 0.31622777, 0.5       , 1.02956301,\n        0.45825757, 1.49331845, 1.13137085],\n       [3.77756535, 4.2626283 , 4.5607017 , 0.64807407, 0.        ,\n        1.05356538, 0.92736185, 0.6       , 1.00498756, 1.56843871,\n        0.96436508, 1.21243557, 1.02956301],\n       [3.52987252, 3.92428337, 4.15571895, 0.65574385, 1.05356538,\n        0.        , 0.75498344, 0.92195445, 0.52915026, 1.19582607,\n        0.82462113, 1.2489996 , 0.8660254 ],\n       [3.29393382, 3.75099987, 3.89615195, 0.6164414 , 0.92736185,\n        0.75498344, 0.        , 0.64807407, 0.38729833, 0.86023253,\n        0.43588989, 1.55241747, 1.34907376],\n       [3.21403174, 3.69188299, 3.96484552, 0.31622777, 0.6       ,\n        0.92195445, 0.64807407, 0.        , 0.6244998 , 1.00995049,\n        0.43588989, 1.61554944, 1.30384048],\n       [3.18433667, 3.61109402, 3.78021163, 0.5       , 1.00498756,\n        0.52915026, 0.38729833, 0.6244998 , 0.        , 0.72801099,\n        0.34641016, 1.56204994, 1.23693169],\n       [2.54754784, 2.97489496, 3.06920185, 1.02956301, 1.56843871,\n        1.19582607, 0.86023253, 1.00995049, 0.72801099, 0.        ,\n        0.60827625, 2.27815715, 1.94422221],\n       [2.97657521, 3.43511281, 3.64005494, 0.45825757, 0.96436508,\n        0.82462113, 0.43588989, 0.43588989, 0.34641016, 0.60827625,\n        0.        , 1.77763888, 1.45945195],\n       [4.70956474, 5.13419906, 5.3244718 , 1.49331845, 1.21243557,\n        1.2489996 , 1.55241747, 1.61554944, 1.56204994, 2.27815715,\n        1.77763888, 0.        , 0.55677644],\n       [4.29068759, 4.69574275, 4.94165964, 1.13137085, 1.02956301,\n        0.8660254 , 1.34907376, 1.30384048, 1.23693169, 1.94422221,\n        1.45945195, 0.55677644, 0.        ]])", "D_low": "array([[ 0.        ,  1.2134101 , 15.8117814 , 25.7067735 , 28.19136105,\n        27.05384595, 24.45012701, 27.84337869, 26.1098559 , 34.61837619,\n        26.05205197, 33.34082724, 34.08637235],\n       [ 1.2134101 ,  0.        , 14.65209013, 26.43317016, 28.90270622,\n        27.79524316, 25.21076378, 28.64114459, 26.87785565, 34.23834393,\n        26.79365714, 32.6943958 , 33.39853382],\n       [15.8117814 , 14.65209013,  0.        , 34.33343465, 36.42560898,\n        35.7395834 , 33.58961325, 37.14095175, 35.1885517 , 28.46417298,\n        34.82567103, 23.65414084, 23.75814095],\n       [25.7067735 , 26.43317016, 34.33343465,  0.        ,  2.51281068,\n         1.41694385,  1.53696827,  2.98824369,  1.2197193 , 28.91318998,\n         0.54332322, 33.93888245, 35.41578505],\n       [28.19136105, 28.90270622, 36.42560898,  2.51281068,  0.        ,\n         1.41729758,  3.95833466,  2.60165111,  2.61561094, 29.13442344,\n         2.29013368, 34.661239  , 36.16561177],\n       [27.05384595, 27.79524316, 35.7395834 ,  1.41694385,  1.41729758,\n         0.        ,  2.64746252,  1.86179581,  1.19832072, 29.649797  ,\n         1.00186642, 34.90719153, 36.39667024],\n       [24.45012701, 25.21076378, 33.58961325,  1.53696827,  3.95833466,\n         2.64746252,  0.        ,  3.57232517,  1.67571315, 29.53734972,\n         1.6728024 , 34.25141768, 35.70740172],\n       [27.84337869, 28.64114459, 37.14095175,  2.98824369,  2.60165111,\n         1.86179581,  3.57232517,  0.        ,  1.95682355, 31.49272219,\n         2.44685077, 36.7664877 , 38.25476718],\n       [26.1098559 , 26.87785565, 35.1885517 ,  1.2197193 ,  2.61561094,\n         1.19832072,  1.67571315,  1.95682355,  0.        , 30.12552283,\n         0.73844873, 35.15284036, 36.62811776],\n       [34.61837619, 34.23834393, 28.46417298, 28.91318998, 29.13442344,\n        29.649797  , 29.53734972, 31.49272219, 30.12552283,  0.        ,\n        29.39657471,  8.30265667,  9.67604469],\n       [26.05205197, 26.79365714, 34.82567103,  0.54332322,  2.29013368,\n         1.00186642,  1.6728024 ,  2.44685077,  0.73844873, 29.39657471,\n         0.        , 34.4632444 , 35.9419308 ],\n       [33.34082724, 32.6943958 , 23.65414084, 33.93888245, 34.661239  ,\n        34.90719153, 34.25141768, 36.7664877 , 35.15284036,  8.30265667,\n        34.4632444 ,  0.        ,  1.54437137],\n       [34.08637235, 33.39853382, 23.75814095, 35.41578505, 36.16561177,\n        36.39667024, 35.70740172, 38.25476718, 36.62811776,  9.67604469,\n        35.9419308 ,  1.54437137,  0.        ]])"}}