{"duration": 0.004579067230224609, "input_args": {"D_high": "array([[  0.        ,  99.03767478, 222.48737404, ...,  68.05106924,\n         70.4634419 ,  60.21040362],\n       [ 99.03767478,   0.        , 164.71032149, ...,  64.29096437,\n         79.46048483,  91.05102311],\n       [222.48737404, 164.71032149,   0.        , ..., 171.03618466,\n        234.92428202, 228.54251158],\n       ...,\n       [ 68.05106924,  64.29096437, 171.03618466, ...,   0.        ,\n         81.67068317,  66.23426945],\n       [ 70.4634419 ,  79.46048483, 234.92428202, ...,  81.67068317,\n          0.        ,  43.77778089],\n       [ 60.21040362,  91.05102311, 228.54251158, ...,  66.23426945,\n         43.77778089,   0.        ]])", "D_low": "array([[ 0.        , 12.35408125, 15.56422373, ..., 11.04482256,\n        14.63860022, 10.14035441],\n       [12.35408125,  0.        , 14.99659724, ...,  3.78936058,\n         5.68114307,  5.12354818],\n       [15.56422373, 14.99659724,  0.        , ..., 11.24837203,\n        20.62319777, 18.21595641],\n       ...,\n       [11.04482256,  3.78936058, 11.24837203, ...,  0.        ,\n         9.3748651 ,  7.52487479],\n       [14.63860022,  5.68114307, 20.62319777, ...,  9.3748651 ,\n         0.        ,  4.50987857],\n       [10.14035441,  5.12354818, 18.21595641, ...,  7.52487479,\n         4.50987857,  0.        ]])"}}