{"duration": 0.005125999450683594, "input_args": {"D_high": "array([[  0.        ,  77.93464827, 115.40589995, ..., 101.71684227,\n        201.12626702,  59.67790051],\n       [ 77.93464827,   0.        ,  83.43747073, ...,  38.98205746,\n        183.93333012,  21.17286036],\n       [115.40589995,  83.43747073,   0.        , ...,  68.4928943 ,\n        207.62569195,  85.47655366],\n       ...,\n       [101.71684227,  38.98205746,  68.4928943 , ...,   0.        ,\n        189.87669905,  46.59966957],\n       [201.12626702, 183.93333012, 207.62569195, ..., 189.87669905,\n          0.        , 186.26121056],\n       [ 59.67790051,  21.17286036,  85.47655366, ...,  46.59966957,\n        186.26121056,   0.        ]])", "D_low": "array([[ 0.        , 13.95723946, 10.55375949, ..., 26.4714328 ,\n        31.31718278, 10.65007587],\n       [13.95723946,  0.        , 12.42431517, ..., 16.26679355,\n        22.11124832,  4.02365076],\n       [10.55375949, 12.42431517,  0.        , ..., 28.55710481,\n        21.7708953 ,  8.65745585],\n       ...,\n       [26.4714328 , 16.26679355, 28.55710481, ...,  0.        ,\n        33.22145862, 19.90378524],\n       [31.31718278, 22.11124832, 21.7708953 , ..., 33.22145862,\n         0.        , 22.41043679],\n       [10.65007587,  4.02365076,  8.65745585, ..., 19.90378524,\n        22.41043679,  0.        ]])"}}