{"duration": 0.049176692962646484, "input_args": {"D_high": "array([[  0.        ,  77.93464827, 115.40589995, ..., 128.91608086,\n         71.42824327,  88.2669252 ],\n       [ 77.93464827,   0.        ,  83.43747073, ..., 114.70143766,\n         44.29446946,  17.10820975],\n       [115.40589995,  83.43747073,   0.        , ..., 138.70632141,\n         74.24292516,  83.46352557],\n       ...,\n       [128.91608086, 114.70143766, 138.70632141, ...,   0.        ,\n        116.45694834, 116.0975663 ],\n       [ 71.42824327,  44.29446946,  74.24292516, ..., 116.45694834,\n          0.        ,  52.21198288],\n       [ 88.2669252 ,  17.10820975,  83.46352557, ..., 116.0975663 ,\n         52.21198288,   0.        ]])", "D_low": "array([[ 0.        , 10.28441395, 26.32380269, ..., 18.12992618,\n         8.49939354, 10.59886344],\n       [10.28441395,  0.        , 23.86574055, ..., 11.48025874,\n         9.81226091,  0.33464078],\n       [26.32380269, 23.86574055,  0.        , ..., 13.73290355,\n        17.83976857, 23.74036446],\n       ...,\n       [18.12992618, 11.48025874, 13.73290355, ...,  0.        ,\n        11.17359768, 11.25459901],\n       [ 8.49939354,  9.81226091, 17.83976857, ..., 11.17359768,\n         0.        ,  9.93010671],\n       [10.59886344,  0.33464078, 23.74036446, ..., 11.25459901,\n         9.93010671,  0.        ]])"}}