{"duration": 0.03647422790527344, "input_args": {"D_high": "array([[  0.        ,  66.90348403,  54.29633528, ...,  50.39119964,\n         89.23943184,  61.27038404],\n       [ 66.90348403,   0.        , 102.51825711, ...,  26.11680932,\n         80.22894802,  38.63518149],\n       [ 54.29633528, 102.51825711,   0.        , ...,  85.13919448,\n         91.66838038,  76.41017076],\n       ...,\n       [ 50.39119964,  26.11680932,  85.13919448, ...,   0.        ,\n         86.1426327 ,  33.06672648],\n       [ 89.23943184,  80.22894802,  91.66838038, ...,  86.1426327 ,\n          0.        ,  65.05813008],\n       [ 61.27038404,  38.63518149,  76.41017076, ...,  33.06672648,\n         65.05813008,   0.        ]])", "D_low": "array([[ 0.        , 12.7199761 , 12.80084197, ..., 11.42362869,\n        10.13629519, 20.42773822],\n       [12.7199761 ,  0.        ,  8.32602094, ...,  3.52448464,\n        14.15245684,  9.33125723],\n       [12.80084197,  8.32602094,  0.        , ..., 11.01114589,\n        19.25400554,  9.35766707],\n       ...,\n       [11.42362869,  3.52448464, 11.01114589, ...,  0.        ,\n        10.82871308, 12.75613929],\n       [10.13629519, 14.15245684, 19.25400554, ..., 10.82871308,\n         0.        , 23.48303786],\n       [20.42773822,  9.33125723,  9.35766707, ..., 12.75613929,\n        23.48303786,  0.        ]])"}}