{"duration": 0.012917041778564453, "input_args": {"D_high": "array([[ 0.        , 11.87434209,  2.23606798, ...,  2.82842712,\n        16.91153453,  4.47213595],\n       [11.87434209,  0.        , 11.3137085 , ..., 12.20655562,\n        10.34408043, 12.68857754],\n       [ 2.23606798, 11.3137085 ,  0.        , ...,  2.23606798,\n        16.88194302,  3.        ],\n       ...,\n       [ 2.82842712, 12.20655562,  2.23606798, ...,  0.        ,\n        17.94435844,  2.        ],\n       [16.91153453, 10.34408043, 16.88194302, ..., 17.94435844,\n         0.        , 18.60107524],\n       [ 4.47213595, 12.68857754,  3.        , ...,  2.        ,\n        18.60107524,  0.        ]])", "D_low": "array([[ 0.        ,  3.61445117,  6.36985561, ...,  7.09227549,\n         6.40406899, 12.48489837],\n       [ 3.61445117,  0.        ,  9.28053532, ..., 10.69774966,\n         3.03456201, 15.27351112],\n       [ 6.36985561,  9.28053532,  0.        , ...,  5.73608464,\n        12.31338189,  6.11575271],\n       ...,\n       [ 7.09227549, 10.69774966,  5.73608464, ...,  0.        ,\n        13.30738753,  9.54638524],\n       [ 6.40406899,  3.03456201, 12.31338189, ..., 13.30738753,\n         0.        , 18.30293435],\n       [12.48489837, 15.27351112,  6.11575271, ...,  9.54638524,\n        18.30293435,  0.        ]])"}}