{"duration": 0.005406856536865234, "input_args": {"D_high": "array([[  0.        ,  84.1961696 ,  77.77817558, ..., 164.25094499,\n         96.7953527 , 143.21994847],\n       [ 84.1961696 ,   0.        , 123.13577912, ..., 226.59142528,\n         74.06281237, 214.02748194],\n       [ 77.77817558, 123.13577912,   0.        , ..., 111.20643942,\n         90.52153753, 101.51019271],\n       ...,\n       [164.25094499, 226.59142528, 111.20643942, ...,   0.        ,\n        189.87669905,  46.59966957],\n       [ 96.7953527 ,  74.06281237,  90.52153753, ..., 189.87669905,\n          0.        , 186.26121056],\n       [143.21994847, 214.02748194, 101.51019271, ...,  46.59966957,\n        186.26121056,   0.        ]])", "D_low": "array([[ 0.        ,  6.40294654, 10.48826628, ..., 22.40581873,\n         8.65114739, 14.41773314],\n       [ 6.40294654,  0.        , 13.04054749, ..., 20.27135326,\n         4.35969574,  9.11739785],\n       [10.48826628, 13.04054749,  0.        , ..., 15.15619377,\n        10.95800011, 14.98252587],\n       ...,\n       [22.40581873, 20.27135326, 15.15619377, ...,  0.        ,\n        15.92718254, 13.79008529],\n       [ 8.65114739,  4.35969574, 10.95800011, ..., 15.92718254,\n         0.        ,  5.79464008],\n       [14.41773314,  9.11739785, 14.98252587, ..., 13.79008529,\n         5.79464008,  0.        ]])"}}