{"duration": 0.0020508766174316406, "input_args": {"D_high": "array([[0.        , 0.33166248, 0.70710678, ..., 4.40227214, 4.71911009,\n        4.27317212],\n       [0.33166248, 0.        , 0.41231056, ..., 4.28835633, 4.63680925,\n        4.15331193],\n       [0.70710678, 0.41231056, 0.        , ..., 4.39317653, 4.77807493,\n        4.26380112],\n       ...,\n       [4.40227214, 4.28835633, 4.39317653, ..., 0.        , 0.57445626,\n        0.81240384],\n       [4.71911009, 4.63680925, 4.77807493, ..., 0.57445626, 0.        ,\n        1.13578167],\n       [4.27317212, 4.15331193, 4.26380112, ..., 0.81240384, 1.13578167,\n        0.        ]])", "D_low": "array([[ 0.        ,  1.86340936,  6.63771803, ...,  8.30742734,\n         5.7229199 , 11.10672397],\n       [ 1.86340936,  0.        ,  8.4360349 , ...,  8.06316405,\n         5.25538971, 10.62879251],\n       [ 6.63771803,  8.4360349 ,  0.        , ..., 10.33946625,\n         9.25069358, 13.17482838],\n       ...,\n       [ 8.30742734,  8.06316405, 10.33946625, ...,  0.        ,\n         2.84179171,  2.95239647],\n       [ 5.7229199 ,  5.25538971,  9.25069358, ...,  2.84179171,\n         0.        ,  5.41588187],\n       [11.10672397, 10.62879251, 13.17482838, ...,  2.95239647,\n         5.41588187,  0.        ]])"}}