{"duration": 0.0022089481353759766, "input_args": {"D_high": "array([[0.        , 0.33166248, 0.70710678, ..., 4.40227214, 4.71911009,\n        4.27317212],\n       [0.33166248, 0.        , 0.41231056, ..., 4.28835633, 4.63680925,\n        4.15331193],\n       [0.70710678, 0.41231056, 0.        , ..., 4.39317653, 4.77807493,\n        4.26380112],\n       ...,\n       [4.40227214, 4.28835633, 4.39317653, ..., 0.        , 0.57445626,\n        0.81240384],\n       [4.71911009, 4.63680925, 4.77807493, ..., 0.57445626, 0.        ,\n        1.13578167],\n       [4.27317212, 4.15331193, 4.26380112, ..., 0.81240384, 1.13578167,\n        0.        ]])", "D_low": "array([[0.        , 1.01529469, 0.82575516, ..., 4.75836299, 5.19095344,\n        4.86399138],\n       [1.01529469, 0.        , 0.39596307, ..., 5.7390906 , 6.16752038,\n        5.84501925],\n       [0.82575516, 0.39596307, 0.        , ..., 5.58101095, 6.01446876,\n        5.6865087 ],\n       ...,\n       [4.75836299, 5.7390906 , 5.58101095, ..., 0.        , 0.438707  ,\n        0.10598378],\n       [5.19095344, 6.16752038, 6.01446876, ..., 0.438707  , 0.        ,\n        0.3372994 ],\n       [4.86399138, 5.84501925, 5.6865087 , ..., 0.10598378, 0.3372994 ,\n        0.        ]])"}}