{"duration": 0.03814506530761719, "input_args": {"D_high": "array([[  0.        ,  77.93464827, 115.40589995, ..., 128.91608086,\n         71.42824327,  88.2669252 ],\n       [ 77.93464827,   0.        ,  83.43747073, ..., 114.70143766,\n         44.29446946,  17.10820975],\n       [115.40589995,  83.43747073,   0.        , ..., 138.70632141,\n         74.24292516,  83.46352557],\n       ...,\n       [128.91608086, 114.70143766, 138.70632141, ...,   0.        ,\n        116.45694834, 116.0975663 ],\n       [ 71.42824327,  44.29446946,  74.24292516, ..., 116.45694834,\n          0.        ,  52.21198288],\n       [ 88.2669252 ,  17.10820975,  83.46352557, ..., 116.0975663 ,\n         52.21198288,   0.        ]])", "D_low": "array([[ 0.        ,  8.17326941, 25.02043042, ..., 16.54768676,\n         9.38303718,  9.43128063],\n       [ 8.17326941,  0.        , 21.64623223, ...,  9.0986524 ,\n         8.27585788,  1.65982968],\n       [25.02043042, 21.64623223,  0.        , ..., 16.05348882,\n        15.63973255, 20.23793391],\n       ...,\n       [16.54768676,  9.0986524 , 16.05348882, ...,  0.        ,\n        10.84591988,  7.47623237],\n       [ 9.38303718,  8.27585788, 15.63973255, ..., 10.84591988,\n         0.        ,  7.75227448],\n       [ 9.43128063,  1.65982968, 20.23793391, ...,  7.47623237,\n         7.75227448,  0.        ]])"}}