{"duration": 0.03814291954040527, "input_args": {"D_high": "array([[  0.        ,  77.93464827, 115.40589995, ..., 128.91608086,\n         71.42824327,  88.2669252 ],\n       [ 77.93464827,   0.        ,  83.43747073, ..., 114.70143766,\n         44.29446946,  17.10820975],\n       [115.40589995,  83.43747073,   0.        , ..., 138.70632141,\n         74.24292516,  83.46352557],\n       ...,\n       [128.91608086, 114.70143766, 138.70632141, ...,   0.        ,\n        116.45694834, 116.0975663 ],\n       [ 71.42824327,  44.29446946,  74.24292516, ..., 116.45694834,\n          0.        ,  52.21198288],\n       [ 88.2669252 ,  17.10820975,  83.46352557, ..., 116.0975663 ,\n         52.21198288,   0.        ]])", "D_low": "array([[ 0.        , 14.92890039, 18.46487492, ..., 16.42630511,\n         5.40504235, 16.36543074],\n       [14.92890039,  0.        , 23.93549277, ..., 11.11763269,\n         9.7427202 ,  1.6540637 ],\n       [18.46487492, 23.93549277,  0.        , ..., 14.79444743,\n        18.1119952 , 24.22880494],\n       ...,\n       [16.42630511, 11.11763269, 14.79444743, ...,  0.        ,\n        11.93073359, 10.72526506],\n       [ 5.40504235,  9.7427202 , 18.1119952 , ..., 11.93073359,\n         0.        , 11.08525149],\n       [16.36543074,  1.6540637 , 24.22880494, ..., 10.72526506,\n        11.08525149,  0.        ]])"}}