{"duration": 0.03951621055603027, "input_args": {"D_high": "array([[  0.        ,  77.93464827, 115.40589995, ..., 128.91608086,\n         71.42824327,  88.2669252 ],\n       [ 77.93464827,   0.        ,  83.43747073, ..., 114.70143766,\n         44.29446946,  17.10820975],\n       [115.40589995,  83.43747073,   0.        , ..., 138.70632141,\n         74.24292516,  83.46352557],\n       ...,\n       [128.91608086, 114.70143766, 138.70632141, ...,   0.        ,\n        116.45694834, 116.0975663 ],\n       [ 71.42824327,  44.29446946,  74.24292516, ..., 116.45694834,\n          0.        ,  52.21198288],\n       [ 88.2669252 ,  17.10820975,  83.46352557, ..., 116.0975663 ,\n         52.21198288,   0.        ]])", "D_low": "array([[ 0.        , 12.31692706,  8.81497511, ..., 30.30204574,\n        16.64888163, 12.144883  ],\n       [12.31692706,  0.        , 13.35536624, ..., 18.18169734,\n         8.81012668,  1.23768216],\n       [ 8.81497511, 13.35536624,  0.        , ..., 28.28495001,\n        21.04864926, 13.99830574],\n       ...,\n       [30.30204574, 18.18169734, 28.28495001, ...,  0.        ,\n        20.27646518, 18.72155668],\n       [16.64888163,  8.81012668, 21.04864926, ..., 20.27646518,\n         0.        ,  7.69186027],\n       [12.144883  ,  1.23768216, 13.99830574, ..., 18.72155668,\n         7.69186027,  0.        ]])"}}