{"duration": 0.0059070587158203125, "input_args": {"D_high": "array([[0.        , 1.25698051, 0.78740079, ..., 4.57602448, 4.79165942,\n        4.21781934],\n       [1.25698051, 0.        , 0.50990195, ..., 4.05215992, 4.25440948,\n        3.80657326],\n       [0.78740079, 0.50990195, 0.        , ..., 4.10609303, 4.32897216,\n        3.81182371],\n       ...,\n       [4.57602448, 4.05215992, 4.10609303, ..., 0.        , 0.6164414 ,\n        0.64031242],\n       [4.79165942, 4.25440948, 4.32897216, ..., 0.6164414 , 0.        ,\n        0.76811457],\n       [4.21781934, 3.80657326, 3.81182371, ..., 0.64031242, 0.76811457,\n        0.        ]])", "D_low": "array([[ 0.        ,  0.33221484,  0.40287245, ..., 10.02874976,\n         4.33233158,  3.51993182],\n       [ 0.33221484,  0.        ,  0.13984874, ..., 10.2911702 ,\n         4.66107097,  3.84947056],\n       [ 0.40287245,  0.13984874,  0.        , ..., 10.25149053,\n         4.69308989,  3.88435279],\n       ...,\n       [10.02874976, 10.2911702 , 10.25149053, ...,  0.        ,\n         6.62841705,  7.23292504],\n       [ 4.33233158,  4.66107097,  4.69308989, ...,  6.62841705,\n         0.        ,  0.81521917],\n       [ 3.51993182,  3.84947056,  3.88435279, ...,  7.23292504,\n         0.81521917,  0.        ]])"}}