{"duration": 0.014695882797241211, "input_args": {"D_high": "array([[  0.        , 136.88299559, 144.63509711, ...,  53.53524373,\n        141.87200429, 141.91977723],\n       [136.88299559,   0.        ,  31.11839599, ..., 184.18305812,\n         45.52624475,  35.90271834],\n       [144.63509711,  31.11839599,   0.        , ..., 189.98133079,\n         39.42516501,  34.06235871],\n       ...,\n       [ 53.53524373, 184.18305812, 189.98133079, ...,   0.        ,\n        183.80014255, 184.46368641],\n       [141.87200429,  45.52624475,  39.42516501, ..., 183.80014255,\n          0.        ,  20.60302427],\n       [141.91977723,  35.90271834,  34.06235871, ..., 184.46368641,\n         20.60302427,   0.        ]])", "D_low": "array([[ 0.        , 34.92369912, 29.83537861, ...,  6.40491285,\n        32.98147363, 32.64278611],\n       [34.92369912,  0.        , 11.44383924, ..., 34.62022566,\n        16.2812518 , 13.51385537],\n       [29.83537861, 11.44383924,  0.        , ..., 27.6063372 ,\n         5.97262061,  3.71954156],\n       ...,\n       [ 6.40491285, 34.62022566, 27.6063372 , ...,  0.        ,\n        29.71929327, 29.88094132],\n       [32.98147363, 16.2812518 ,  5.97262061, ..., 29.71929327,\n         0.        ,  2.77007058],\n       [32.64278611, 13.51385537,  3.71954156, ..., 29.88094132,\n         2.77007058,  0.        ]])"}}