{"duration": 0.0059621334075927734, "input_args": {"D_high": "array([[  0.        ,  77.93464827, 115.40589995, ..., 101.71684227,\n        201.12626702,  59.67790051],\n       [ 77.93464827,   0.        ,  83.43747073, ...,  38.98205746,\n        183.93333012,  21.17286036],\n       [115.40589995,  83.43747073,   0.        , ...,  68.4928943 ,\n        207.62569195,  85.47655366],\n       ...,\n       [101.71684227,  38.98205746,  68.4928943 , ...,   0.        ,\n        189.87669905,  46.59966957],\n       [201.12626702, 183.93333012, 207.62569195, ..., 189.87669905,\n          0.        , 186.26121056],\n       [ 59.67790051,  21.17286036,  85.47655366, ...,  46.59966957,\n        186.26121056,   0.        ]])", "D_low": "array([[ 0.        ,  8.17326941, 25.02043042, ..., 18.76959185,\n        13.45741523,  6.11623989],\n       [ 8.17326941,  0.        , 21.64623223, ..., 16.29630578,\n         5.65196819,  2.13074987],\n       [25.02043042, 21.64623223,  0.        , ...,  6.36879802,\n        23.49092152, 21.8180587 ],\n       ...,\n       [18.76959185, 16.29630578,  6.36879802, ...,  0.        ,\n        19.19616244, 16.11089198],\n       [13.45741523,  5.65196819, 23.49092152, ..., 19.19616244,\n         0.        ,  7.7371034 ],\n       [ 6.11623989,  2.13074987, 21.8180587 , ..., 16.11089198,\n         7.7371034 ,  0.        ]])"}}