{"duration": 0.0056040287017822266, "input_args": {"D_high": "array([[0.        , 0.53851648, 0.50990195, ..., 4.27668096, 4.45982062,\n        4.65080638],\n       [0.53851648, 0.        , 0.3       , ..., 4.24970587, 4.49888875,\n        4.71805044],\n       [0.50990195, 0.3       , 0.        , ..., 4.43057558, 4.66154481,\n        4.84871117],\n       ...,\n       [4.27668096, 4.24970587, 4.43057558, ..., 0.        , 0.58309519,\n        1.06770783],\n       [4.45982062, 4.49888875, 4.66154481, ..., 0.58309519, 0.        ,\n        0.6164414 ],\n       [4.65080638, 4.71805044, 4.84871117, ..., 1.06770783, 0.6164414 ,\n        0.        ]])", "D_low": "array([[ 0.        , 11.19998627, 13.96052782, ..., 33.82988325,\n        35.01105199, 35.5694685 ],\n       [11.19998627,  0.        ,  3.62716211, ..., 37.95713588,\n        40.07218005, 27.02048435],\n       [13.96052782,  3.62716211,  0.        , ..., 41.48404447,\n        43.65280565, 27.48405972],\n       ...,\n       [33.82988325, 37.95713588, 41.48404447, ...,  0.        ,\n         3.74089262, 39.34772342],\n       [35.01105199, 40.07218005, 43.65280565, ...,  3.74089262,\n         0.        , 42.93906678],\n       [35.5694685 , 27.02048435, 27.48405972, ..., 39.34772342,\n        42.93906678,  0.        ]])"}}