{"duration": 0.0038640499114990234, "input_args": {"D_high": "array([[ 0.        , 10.19803903, 12.489996  , ..., 14.38749457,\n        14.28285686, 13.52774926],\n       [10.19803903,  0.        , 14.2126704 , ..., 15.65247584,\n        17.3781472 , 15.96871942],\n       [12.489996  , 14.2126704 ,  0.        , ..., 18.46618531,\n        19.33907961, 17.17556404],\n       ...,\n       [14.38749457, 15.65247584, 18.46618531, ...,  0.        ,\n         4.12310563,  3.16227766],\n       [14.28285686, 17.3781472 , 19.33907961, ...,  4.12310563,\n         0.        ,  4.35889894],\n       [13.52774926, 15.96871942, 17.17556404, ...,  3.16227766,\n         4.35889894,  0.        ]])", "D_low": "array([[ 0.        ,  2.81221736,  5.80086886, ...,  5.52164972,\n        10.24920981,  5.85819856],\n       [ 2.81221736,  0.        ,  3.19104792, ...,  4.94832112,\n        10.05321914,  4.6600464 ],\n       [ 5.80086886,  3.19104792,  0.        , ...,  7.22838779,\n        12.12528218,  6.47054492],\n       ...,\n       [ 5.52164972,  4.94832112,  7.22838779, ...,  0.        ,\n         5.10490309,  1.22506111],\n       [10.24920981, 10.05321914, 12.12528218, ...,  5.10490309,\n         0.        ,  5.65597608],\n       [ 5.85819856,  4.6600464 ,  6.47054492, ...,  1.22506111,\n         5.65597608,  0.        ]])"}}