{"duration": 0.019163846969604492, "input_args": {"D_high": "array([[  0.        ,  78.51486107,  69.20815273, ...,  69.73493016,\n         71.7084146 ,  59.3410676 ],\n       [ 78.51486107,   0.        ,  52.82187071, ..., 116.13798098,\n         25.56589605,  57.21757619],\n       [ 69.20815273,  52.82187071,   0.        , ..., 115.90542006,\n         47.68584545,  27.4294094 ],\n       ...,\n       [ 69.73493016, 116.13798098, 115.90542006, ...,   0.        ,\n        116.45694834, 116.0975663 ],\n       [ 71.7084146 ,  25.56589605,  47.68584545, ..., 116.45694834,\n          0.        ,  52.21198288],\n       [ 59.3410676 ,  57.21757619,  27.4294094 , ..., 116.0975663 ,\n         52.21198288,   0.        ]])", "D_low": "array([[ 0.        ,  7.66713594,  8.91413974, ...,  7.74041959,\n         7.03270873,  7.39938168],\n       [ 7.66713594,  0.        , 13.14270901, ..., 15.09679108,\n         0.63482983, 13.05302006],\n       [ 8.91413974, 13.14270901,  0.        , ..., 12.63470735,\n        12.65613462,  2.65782459],\n       ...,\n       [ 7.74041959, 15.09679108, 12.63470735, ...,  0.        ,\n        14.48036049, 10.03402451],\n       [ 7.03270873,  0.63482983, 12.65613462, ..., 14.48036049,\n         0.        , 12.49296034],\n       [ 7.39938168, 13.05302006,  2.65782459, ..., 10.03402451,\n        12.49296034,  0.        ]])"}}