{"duration": 0.004066944122314453, "input_args": {"D_high": "array([[ 0.        , 10.19803903, 12.489996  , ..., 14.38749457,\n        14.28285686, 13.52774926],\n       [10.19803903,  0.        , 14.2126704 , ..., 15.65247584,\n        17.3781472 , 15.96871942],\n       [12.489996  , 14.2126704 ,  0.        , ..., 18.46618531,\n        19.33907961, 17.17556404],\n       ...,\n       [14.38749457, 15.65247584, 18.46618531, ...,  0.        ,\n         4.12310563,  3.16227766],\n       [14.28285686, 17.3781472 , 19.33907961, ...,  4.12310563,\n         0.        ,  4.35889894],\n       [13.52774926, 15.96871942, 17.17556404, ...,  3.16227766,\n         4.35889894,  0.        ]])", "D_low": "array([[ 0.        ,  3.25792485,  3.85343505, ...,  4.73683387,\n        12.02028064,  3.83641327],\n       [ 3.25792485,  0.        ,  4.04399372, ...,  7.85058505,\n        14.74799986,  6.7684834 ],\n       [ 3.85343505,  4.04399372,  0.        , ...,  7.89903729,\n        15.43642547,  7.35888177],\n       ...,\n       [ 4.73683387,  7.85058505,  7.89903729, ...,  0.        ,\n         7.54503588,  1.30935287],\n       [12.02028064, 14.74799986, 15.43642547, ...,  7.54503588,\n         0.        ,  8.18799823],\n       [ 3.83641327,  6.7684834 ,  7.35888177, ...,  1.30935287,\n         8.18799823,  0.        ]])"}}