{"duration": 0.0019850730895996094, "input_args": {"D_high": "array([[0.        , 0.5       , 0.74833148, 0.53851648, 3.49714169,\n        3.47275107, 2.88963666, 2.99499583, 3.18747549, 2.89482297],\n       [0.5       , 0.        , 0.75498344, 0.6       , 3.69052842,\n        3.69459064, 3.12729915, 3.30756708, 3.43074336, 3.19530906],\n       [0.74833148, 0.75498344, 0.        , 1.11803399, 4.14125585,\n        4.14004831, 3.51994318, 3.60138862, 3.84707681, 3.48998567],\n       [0.53851648, 0.6       , 1.11803399, 0.        , 3.38526218,\n        3.31209903, 2.78926514, 2.94957624, 3.02820079, 2.91376046],\n       [3.49714169, 3.69052842, 4.14125585, 3.38526218, 0.        ,\n        0.55677644, 0.74833148, 1.12249722, 0.79372539, 1.08166538],\n       [3.47275107, 3.69459064, 4.14004831, 3.31209903, 0.55677644,\n        0.        , 0.71414284, 0.97467943, 0.37416574, 1.17473401],\n       [2.88963666, 3.12729915, 3.51994318, 2.78926514, 0.74833148,\n        0.71414284, 0.        , 0.58309519, 0.51961524, 0.67082039],\n       [2.99499583, 3.30756708, 3.60138862, 2.94957624, 1.12249722,\n        0.97467943, 0.58309519, 0.        , 0.72801099, 0.51961524],\n       [3.18747549, 3.43074336, 3.84707681, 3.02820079, 0.79372539,\n        0.37416574, 0.51961524, 0.72801099, 0.        , 1.02956301],\n       [2.89482297, 3.19530906, 3.48998567, 2.91376046, 1.08166538,\n        1.17473401, 0.67082039, 0.51961524, 1.02956301, 0.        ]])", "D_low": "array([[ 0.        , 32.85949065,  1.0588037 , 32.86227546, 42.05988761,\n        38.11349372,  8.66126742,  6.70087823, 39.25428805,  8.23727359],\n       [32.85949065,  0.        , 32.52893327,  0.44261494, 24.148325  ,\n        23.21863947, 28.91930922, 29.15977262, 23.96714589, 26.60731805],\n       [ 1.0588037 , 32.52893327,  0.        , 32.54536063, 41.20776874,\n        37.2368214 ,  9.33563701,  7.32288781, 38.37491174,  8.60022463],\n       [32.86227546,  0.44261494, 32.54536063,  0.        , 24.58997945,\n        23.65864884, 28.8124318 , 29.08327738, 24.4086217 , 26.53074641],\n       [42.05988761, 24.148325  , 41.20776874, 24.58997945,  0.        ,\n         4.26649407, 43.08029253, 42.17436699,  3.34407752, 40.09022965],\n       [38.11349372, 23.21863947, 37.2368214 , 23.65864884,  4.26649407,\n         0.        , 39.56162191, 38.55199495,  1.15279642, 36.55866031],\n       [ 8.66126742, 28.91930922,  9.33563701, 28.8124318 , 43.08029253,\n        39.56162191,  0.        ,  2.05035887, 40.71137156,  3.00546501],\n       [ 6.70087823, 29.15977262,  7.32288781, 29.08327738, 42.17436699,\n        38.55199495,  2.05035887,  0.        , 39.70435036,  2.5525758 ],\n       [39.25428805, 23.96714589, 38.37491174, 24.4086217 ,  3.34407752,\n         1.15279642, 40.71137156, 39.70435036,  0.        , 37.70867688],\n       [ 8.23727359, 26.60731805,  8.60022463, 26.53074641, 40.09022965,\n        36.55866031,  3.00546501,  2.5525758 , 37.70867688,  0.        ]])"}}