{"duration": 0.004621028900146484, "input_args": {"D_high": "array([[  0.        ,  77.93464827, 115.40589995, ..., 101.71684227,\n        201.12626702,  59.67790051],\n       [ 77.93464827,   0.        ,  83.43747073, ...,  38.98205746,\n        183.93333012,  21.17286036],\n       [115.40589995,  83.43747073,   0.        , ...,  68.4928943 ,\n        207.62569195,  85.47655366],\n       ...,\n       [101.71684227,  38.98205746,  68.4928943 , ...,   0.        ,\n        189.87669905,  46.59966957],\n       [201.12626702, 183.93333012, 207.62569195, ..., 189.87669905,\n          0.        , 186.26121056],\n       [ 59.67790051,  21.17286036,  85.47655366, ...,  46.59966957,\n        186.26121056,   0.        ]])", "D_low": "array([[ 0.        , 13.94350727,  6.89894747, ..., 21.79525443,\n        12.59091959,  6.46369677],\n       [13.94350727,  0.        , 20.83037469, ..., 10.806289  ,\n        15.26678784,  7.93429727],\n       [ 6.89894747, 20.83037469,  0.        , ..., 28.36218664,\n        15.92104726, 13.15635865],\n       ...,\n       [21.79525443, 10.806289  , 28.36218664, ...,  0.        ,\n        26.0354888 , 17.40511223],\n       [12.59091959, 15.26678784, 15.92104726, ..., 26.0354888 ,\n         0.        , 10.23048796],\n       [ 6.46369677,  7.93429727, 13.15635865, ..., 17.40511223,\n        10.23048796,  0.        ]])"}}