{"duration": 0.0028188228607177734, "input_args": {"D_high": "array([[0.        , 0.53851648, 0.50990195, ..., 3.15277655, 4.69041576,\n        5.63914887],\n       [0.53851648, 0.        , 0.3       , ..., 3.10322413, 4.70850295,\n        5.74717322],\n       [0.50990195, 0.3       , 0.        , ..., 3.26802693, 4.86826458,\n        5.89406481],\n       ...,\n       [3.15277655, 3.10322413, 3.26802693, ..., 0.        , 1.65529454,\n        2.90172363],\n       [4.69041576, 4.70850295, 4.86826458, ..., 1.65529454, 0.        ,\n        1.42828569],\n       [5.63914887, 5.74717322, 5.89406481, ..., 2.90172363, 1.42828569,\n        0.        ]])", "D_low": "array([[0.        , 0.24490965, 0.48071665, ..., 3.92557054, 4.72948968,\n        4.73590617],\n       [0.24490965, 0.        , 0.26925219, ..., 3.6811318 , 4.48796315,\n        4.49345825],\n       [0.48071665, 0.26925219, 0.        , ..., 3.4969047 , 4.32509655,\n        4.32514434],\n       ...,\n       [3.92557054, 3.6811318 , 3.4969047 , ..., 0.        , 0.9161291 ,\n        0.87755576],\n       [4.72948968, 4.48796315, 4.32509655, ..., 0.9161291 , 0.        ,\n        0.11311377],\n       [4.73590617, 4.49345825, 4.32514434, ..., 0.87755576, 0.11311377,\n        0.        ]])"}}