{"duration": 0.00459599494934082, "input_args": {"D_high": "array([[  0.        ,  99.03767478, 222.48737404, ...,  68.05106924,\n         70.4634419 ,  60.21040362],\n       [ 99.03767478,   0.        , 164.71032149, ...,  64.29096437,\n         79.46048483,  91.05102311],\n       [222.48737404, 164.71032149,   0.        , ..., 171.03618466,\n        234.92428202, 228.54251158],\n       ...,\n       [ 68.05106924,  64.29096437, 171.03618466, ...,   0.        ,\n         81.67068317,  66.23426945],\n       [ 70.4634419 ,  79.46048483, 234.92428202, ...,  81.67068317,\n          0.        ,  43.77778089],\n       [ 60.21040362,  91.05102311, 228.54251158, ...,  66.23426945,\n         43.77778089,   0.        ]])", "D_low": "array([[ 0.        , 11.47682307, 10.76357164, ...,  7.37293291,\n        18.27066439, 16.42374702],\n       [11.47682307,  0.        , 13.7634859 , ...,  4.10431587,\n         7.57497857,  7.64244896],\n       [10.76357164, 13.7634859 ,  0.        , ..., 11.56967835,\n        21.15283679, 21.26896037],\n       ...,\n       [ 7.37293291,  4.10431587, 11.56967835, ...,  0.        ,\n        11.20618707, 10.15268222],\n       [18.27066439,  7.57497857, 21.15283679, ..., 11.20618707,\n         0.        ,  3.85536745],\n       [16.42374702,  7.64244896, 21.26896037, ..., 10.15268222,\n         3.85536745,  0.        ]])"}}