{"duration": 0.0035851001739501953, "input_args": {"D_high": "array([[0.        , 1.25698051, 0.78740079, ..., 4.57602448, 4.79165942,\n        4.21781934],\n       [1.25698051, 0.        , 0.50990195, ..., 4.05215992, 4.25440948,\n        3.80657326],\n       [0.78740079, 0.50990195, 0.        , ..., 4.10609303, 4.32897216,\n        3.81182371],\n       ...,\n       [4.57602448, 4.05215992, 4.10609303, ..., 0.        , 0.6164414 ,\n        0.64031242],\n       [4.79165942, 4.25440948, 4.32897216, ..., 0.6164414 , 0.        ,\n        0.76811457],\n       [4.21781934, 3.80657326, 3.81182371, ..., 0.64031242, 0.76811457,\n        0.        ]])", "D_low": "array([[ 0.        ,  2.44192966,  2.9571472 , ..., 42.05011634,\n        44.82018174, 39.77029949],\n       [ 2.44192966,  0.        ,  5.11440282, ..., 41.93840484,\n        44.65969177, 37.77735386],\n       [ 2.9571472 ,  5.11440282,  0.        , ..., 40.50340984,\n        43.31547183, 40.78953731],\n       ...,\n       [42.05011634, 41.93840484, 40.50340984, ...,  0.        ,\n         2.88040243, 35.56988981],\n       [44.82018174, 44.65969177, 43.31547183, ...,  2.88040243,\n         0.        , 36.30687937],\n       [39.77029949, 37.77735386, 40.78953731, ..., 35.56988981,\n        36.30687937,  0.        ]])"}}