{"duration": 0.0026869773864746094, "input_args": {"D_high": "array([[0.        , 0.58309519, 1.47986486, 3.25115364, 3.77756535,\n        3.52987252, 3.29393382, 3.21403174, 3.18433667, 2.54754784,\n        2.97657521, 4.70956474, 4.29068759],\n       [0.58309519, 0.        , 1.3       , 3.70540146, 4.2626283 ,\n        3.92428337, 3.75099987, 3.69188299, 3.61109402, 2.97489496,\n        3.43511281, 5.13419906, 4.69574275],\n       [1.47986486, 1.3       , 0.        , 4.01248053, 4.5607017 ,\n        4.15571895, 3.89615195, 3.96484552, 3.78021163, 3.06920185,\n        3.64005494, 5.3244718 , 4.94165964],\n       [3.25115364, 3.70540146, 4.01248053, 0.        , 0.64807407,\n        0.65574385, 0.6164414 , 0.31622777, 0.5       , 1.02956301,\n        0.45825757, 1.49331845, 1.13137085],\n       [3.77756535, 4.2626283 , 4.5607017 , 0.64807407, 0.        ,\n        1.05356538, 0.92736185, 0.6       , 1.00498756, 1.56843871,\n        0.96436508, 1.21243557, 1.02956301],\n       [3.52987252, 3.92428337, 4.15571895, 0.65574385, 1.05356538,\n        0.        , 0.75498344, 0.92195445, 0.52915026, 1.19582607,\n        0.82462113, 1.2489996 , 0.8660254 ],\n       [3.29393382, 3.75099987, 3.89615195, 0.6164414 , 0.92736185,\n        0.75498344, 0.        , 0.64807407, 0.38729833, 0.86023253,\n        0.43588989, 1.55241747, 1.34907376],\n       [3.21403174, 3.69188299, 3.96484552, 0.31622777, 0.6       ,\n        0.92195445, 0.64807407, 0.        , 0.6244998 , 1.00995049,\n        0.43588989, 1.61554944, 1.30384048],\n       [3.18433667, 3.61109402, 3.78021163, 0.5       , 1.00498756,\n        0.52915026, 0.38729833, 0.6244998 , 0.        , 0.72801099,\n        0.34641016, 1.56204994, 1.23693169],\n       [2.54754784, 2.97489496, 3.06920185, 1.02956301, 1.56843871,\n        1.19582607, 0.86023253, 1.00995049, 0.72801099, 0.        ,\n        0.60827625, 2.27815715, 1.94422221],\n       [2.97657521, 3.43511281, 3.64005494, 0.45825757, 0.96436508,\n        0.82462113, 0.43588989, 0.43588989, 0.34641016, 0.60827625,\n        0.        , 1.77763888, 1.45945195],\n       [4.70956474, 5.13419906, 5.3244718 , 1.49331845, 1.21243557,\n        1.2489996 , 1.55241747, 1.61554944, 1.56204994, 2.27815715,\n        1.77763888, 0.        , 0.55677644],\n       [4.29068759, 4.69574275, 4.94165964, 1.13137085, 1.02956301,\n        0.8660254 , 1.34907376, 1.30384048, 1.23693169, 1.94422221,\n        1.45945195, 0.55677644, 0.        ]])", "D_low": "array([[ 0.        ,  4.17214905, 31.24605718, 28.32746094, 22.84561997,\n        23.87431271, 25.16964782, 23.75911523, 25.39328118, 25.42429874,\n        24.24136313, 38.66926696, 42.67580295],\n       [ 4.17214905,  0.        , 35.30702315, 27.0472038 , 21.53698255,\n        22.87835175, 24.34130947, 23.14344224, 24.55271438, 29.58617176,\n        23.74215715, 41.05456122, 44.69645208],\n       [31.24605718, 35.30702315,  0.        , 44.94300208, 41.55709662,\n        40.8233498 , 40.815297  , 39.05235969, 41.00265382, 10.74851415,\n        38.76768435, 26.82084618, 32.55965884],\n       [28.32746094, 27.0472038 , 44.94300208,  0.        ,  5.51656913,\n         4.68471487,  4.15159095,  5.95234241,  3.9521104 , 45.67803865,\n         6.17534886, 31.93040935, 31.95282771],\n       [22.84561997, 21.53698255, 41.55709662,  5.51656913,  0.        ,\n         2.13724832,  3.796474  ,  4.09421339,  3.90685281, 41.32454437,\n         4.92903945, 31.96162249, 32.96140987],\n       [23.87431271, 22.87835175, 40.8233498 ,  4.68471487,  2.13724832,\n         0.        ,  1.7018868 ,  2.176171  ,  1.84887074, 41.13485241,\n         2.93171561, 30.09758213, 30.93981445],\n       [25.16964782, 24.34130947, 40.815297  ,  4.15159095,  3.796474  ,\n         1.7018868 ,  0.        ,  1.80776751,  0.23058009, 41.56796032,\n         2.09262755, 28.97451968, 29.59421356],\n       [23.75911523, 23.14344224, 39.05235969,  5.95234241,  4.09421339,\n         2.176171  ,  1.80776751,  0.        ,  2.02167784, 39.76192665,\n         0.86064507, 27.93612769, 28.86722331],\n       [25.39328118, 24.55271438, 41.00265382,  3.9521104 ,  3.90685281,\n         1.84887074,  0.23058009,  2.02167784,  0.        , 41.78360443,\n         2.25524221, 29.02838663, 29.60347407],\n       [25.42429874, 29.58617176, 10.74851415, 45.67803865, 41.32454437,\n        41.13485241, 41.56796032, 39.76192665, 41.78360443,  0.        ,\n        39.70712856, 34.89451974, 40.58943947],\n       [24.24136313, 23.74215715, 38.76768435,  6.17534886,  4.92903945,\n         2.93171561,  2.09262755,  0.86064507,  2.25524221, 39.70712856,\n         0.        , 27.17013324, 28.03777478],\n       [38.66926696, 41.05456122, 26.82084618, 31.93040935, 31.96162249,\n        30.09758213, 28.97451968, 27.93612769, 29.02838663, 34.89451974,\n        27.17013324,  0.        ,  5.75339725],\n       [42.67580295, 44.69645208, 32.55965884, 31.95282771, 32.96140987,\n        30.93981445, 29.59421356, 28.86722331, 29.60347407, 40.58943947,\n        28.03777478,  5.75339725,  0.        ]])"}}