{"duration": 0.0018470287322998047, "input_args": {"D_high": "array([[0.        , 0.5       , 0.74833148, 0.53851648, 3.49714169,\n        3.47275107, 2.88963666, 2.99499583, 3.18747549, 2.89482297],\n       [0.5       , 0.        , 0.75498344, 0.6       , 3.69052842,\n        3.69459064, 3.12729915, 3.30756708, 3.43074336, 3.19530906],\n       [0.74833148, 0.75498344, 0.        , 1.11803399, 4.14125585,\n        4.14004831, 3.51994318, 3.60138862, 3.84707681, 3.48998567],\n       [0.53851648, 0.6       , 1.11803399, 0.        , 3.38526218,\n        3.31209903, 2.78926514, 2.94957624, 3.02820079, 2.91376046],\n       [3.49714169, 3.69052842, 4.14125585, 3.38526218, 0.        ,\n        0.55677644, 0.74833148, 1.12249722, 0.79372539, 1.08166538],\n       [3.47275107, 3.69459064, 4.14004831, 3.31209903, 0.55677644,\n        0.        , 0.71414284, 0.97467943, 0.37416574, 1.17473401],\n       [2.88963666, 3.12729915, 3.51994318, 2.78926514, 0.74833148,\n        0.71414284, 0.        , 0.58309519, 0.51961524, 0.67082039],\n       [2.99499583, 3.30756708, 3.60138862, 2.94957624, 1.12249722,\n        0.97467943, 0.58309519, 0.        , 0.72801099, 0.51961524],\n       [3.18747549, 3.43074336, 3.84707681, 3.02820079, 0.79372539,\n        0.37416574, 0.51961524, 0.72801099, 0.        , 1.02956301],\n       [2.89482297, 3.19530906, 3.48998567, 2.91376046, 1.08166538,\n        1.17473401, 0.67082039, 0.51961524, 1.02956301, 0.        ]])", "D_low": "array([[ 0.        , 15.9547157 ,  1.0472351 , 15.72283259, 34.4076759 ,\n        39.76032329, 33.30035719, 31.63417907, 33.80004058, 32.00635397],\n       [15.9547157 ,  0.        , 16.83506777,  4.89338083, 27.89901065,\n        32.66012439, 40.24190052, 39.38508651, 26.52469174, 39.45349356],\n       [ 1.0472351 , 16.83506777,  0.        , 16.39456875, 34.48126325,\n        39.83794801, 32.53299353, 30.82922615, 33.92938647, 31.21659336],\n       [15.72283259,  4.89338083, 16.39456875,  0.        , 23.40837922,\n        28.3427033 , 35.86701802, 35.15197946, 22.14979234, 35.16874353],\n       [34.4076759 , 27.89901065, 34.48126325, 23.40837922,  0.        ,\n         5.35711084, 29.10986319, 30.08560901,  1.91684546, 29.57186293],\n       [39.76032329, 32.66012439, 39.83794801, 28.3427033 ,  5.35711084,\n         0.        , 32.12005359, 33.39393039,  6.20841492, 32.80238385],\n       [33.30035719, 40.24190052, 32.53299353, 35.86701802, 29.10986319,\n        32.12005359,  0.        ,  2.42417017, 30.43963414,  1.66372571],\n       [31.63417907, 39.38508651, 30.82922615, 35.15197946, 30.08560901,\n        33.39393039,  2.42417017,  0.        , 31.30940872,  0.79914111],\n       [33.80004058, 26.52469174, 33.92938647, 22.14979234,  1.91684546,\n         6.20841492, 30.43963414, 31.30940872,  0.        , 30.82566017],\n       [32.00635397, 39.45349356, 31.21659336, 35.16874353, 29.57186293,\n        32.80238385,  1.66372571,  0.79914111, 30.82566017,  0.        ]])"}}