{"duration": 0.20679903030395508, "input_args": {"D_high": "array([[ 0.        , 11.87434209,  2.23606798, ..., 17.3781472 ,\n        12.9614814 , 13.89244399],\n       [11.87434209,  0.        , 11.3137085 , ..., 14.6628783 ,\n        11.78982612, 10.95445115],\n       [ 2.23606798, 11.3137085 ,  0.        , ..., 17.40689519,\n        12.76714533, 13.6381817 ],\n       ...,\n       [17.3781472 , 14.6628783 , 17.40689519, ...,  0.        ,\n         7.74596669,  8.18535277],\n       [12.9614814 , 11.78982612, 12.76714533, ...,  7.74596669,\n         0.        ,  3.31662479],\n       [13.89244399, 10.95445115, 13.6381817 , ...,  8.18535277,\n         3.31662479,  0.        ]])", "D_low": "array([[ 0.        ,  7.01190004,  3.64478425, ...,  9.59010501,\n         7.31208652,  7.22294876],\n       [ 7.01190004,  0.        , 10.64794805, ...,  6.45931377,\n         4.73378113,  4.61908374],\n       [ 3.64478425, 10.64794805,  0.        , ..., 12.67896347,\n        10.54184614, 10.47102705],\n       ...,\n       [ 9.59010501,  6.45931377, 12.67896347, ...,  0.        ,\n         2.3451807 ,  2.45587423],\n       [ 7.31208652,  4.73378113, 10.54184614, ...,  2.3451807 ,\n         0.        ,  0.12501041],\n       [ 7.22294876,  4.61908374, 10.47102705, ...,  2.45587423,\n         0.12501041,  0.        ]])", "k": "65"}}