{"duration": 0.002235889434814453, "input_args": {"D_high": "array([[  0.        , 136.88299559, 144.63509711, ...,  53.53524373,\n        141.87200429, 141.91977723],\n       [136.88299559,   0.        ,  31.11839599, ..., 184.18305812,\n         45.52624475,  35.90271834],\n       [144.63509711,  31.11839599,   0.        , ..., 189.98133079,\n         39.42516501,  34.06235871],\n       ...,\n       [ 53.53524373, 184.18305812, 189.98133079, ...,   0.        ,\n        183.80014255, 184.46368641],\n       [141.87200429,  45.52624475,  39.42516501, ..., 183.80014255,\n          0.        ,  20.60302427],\n       [141.91977723,  35.90271834,  34.06235871, ..., 184.46368641,\n         20.60302427,   0.        ]])", "D_low": "array([[ 0.        , 13.28040329, 13.43568854, ...,  3.02349085,\n        17.65462485, 16.68238104],\n       [13.28040329,  0.        ,  2.65011348, ..., 15.00384388,\n         4.42328296,  3.47095425],\n       [13.43568854,  2.65011348,  0.        , ..., 15.58430013,\n         4.8498695 ,  3.96452497],\n       ...,\n       [ 3.02349085, 15.00384388, 15.58430013, ...,  0.        ,\n        19.42709732, 18.47156101],\n       [17.65462485,  4.42328296,  4.8498695 , ..., 19.42709732,\n         0.        ,  0.97394534],\n       [16.68238104,  3.47095425,  3.96452497, ..., 18.47156101,\n         0.97394534,  0.        ]])"}}