{"duration": 0.03371596336364746, "input_args": {"D_high": "array([[  0.        ,  66.90348403,  54.29633528, ...,  50.39119964,\n         89.23943184,  61.27038404],\n       [ 66.90348403,   0.        , 102.51825711, ...,  26.11680932,\n         80.22894802,  38.63518149],\n       [ 54.29633528, 102.51825711,   0.        , ...,  85.13919448,\n         91.66838038,  76.41017076],\n       ...,\n       [ 50.39119964,  26.11680932,  85.13919448, ...,   0.        ,\n         86.1426327 ,  33.06672648],\n       [ 89.23943184,  80.22894802,  91.66838038, ...,  86.1426327 ,\n          0.        ,  65.05813008],\n       [ 61.27038404,  38.63518149,  76.41017076, ...,  33.06672648,\n         65.05813008,   0.        ]])", "D_low": "array([[ 0.        , 12.40021752, 19.12075071, ...,  5.60182979,\n        14.48490445, 19.31492348],\n       [12.40021752,  0.        , 22.3706944 , ...,  8.75634246,\n        25.65169632,  9.46376037],\n       [19.12075071, 22.3706944 ,  0.        , ..., 22.89214339,\n        16.62621295, 20.2587385 ],\n       ...,\n       [ 5.60182979,  8.75634246, 22.89214339, ...,  0.        ,\n        20.07824874, 17.47624393],\n       [14.48490445, 25.65169632, 16.62621295, ..., 20.07824874,\n         0.        , 29.50641665],\n       [19.31492348,  9.46376037, 20.2587385 , ..., 17.47624393,\n        29.50641665,  0.        ]])"}}