{"duration": 0.003335237503051758, "input_args": {"D_high": "array([[0.        , 1.25698051, 0.78740079, ..., 4.57602448, 4.79165942,\n        4.21781934],\n       [1.25698051, 0.        , 0.50990195, ..., 4.05215992, 4.25440948,\n        3.80657326],\n       [0.78740079, 0.50990195, 0.        , ..., 4.10609303, 4.32897216,\n        3.81182371],\n       ...,\n       [4.57602448, 4.05215992, 4.10609303, ..., 0.        , 0.6164414 ,\n        0.64031242],\n       [4.79165942, 4.25440948, 4.32897216, ..., 0.6164414 , 0.        ,\n        0.76811457],\n       [4.21781934, 3.80657326, 3.81182371, ..., 0.64031242, 0.76811457,\n        0.        ]])", "D_low": "array([[ 0.        , 25.81387547, 25.71094465, ..., 24.60178015,\n        24.5027087 , 26.0304205 ],\n       [25.81387547,  0.        ,  0.14023409, ...,  6.25202684,\n         6.1979475 ,  7.19581667],\n       [25.71094465,  0.14023409,  0.        , ...,  6.31166419,\n         6.25548153,  7.27991937],\n       ...,\n       [24.60178015,  6.25202684,  6.31166419, ...,  0.        ,\n         0.11704449,  1.67267638],\n       [24.5027087 ,  6.1979475 ,  6.25548153, ...,  0.11704449,\n         0.        ,  1.78971993],\n       [26.0304205 ,  7.19581667,  7.27991937, ...,  1.67267638,\n         1.78971993,  0.        ]])"}}