{"duration": 0.04005289077758789, "input_args": {"D_high": "array([[  0.        ,  77.93464827, 115.40589995, ..., 128.91608086,\n         71.42824327,  88.2669252 ],\n       [ 77.93464827,   0.        ,  83.43747073, ..., 114.70143766,\n         44.29446946,  17.10820975],\n       [115.40589995,  83.43747073,   0.        , ..., 138.70632141,\n         74.24292516,  83.46352557],\n       ...,\n       [128.91608086, 114.70143766, 138.70632141, ...,   0.        ,\n        116.45694834, 116.0975663 ],\n       [ 71.42824327,  44.29446946,  74.24292516, ..., 116.45694834,\n          0.        ,  52.21198288],\n       [ 88.2669252 ,  17.10820975,  83.46352557, ..., 116.0975663 ,\n         52.21198288,   0.        ]])", "D_low": "array([[ 0.        ,  9.87304277,  6.67327801, ..., 13.19762969,\n         4.46492937,  9.12953043],\n       [ 9.87304277,  0.        , 11.08689647, ..., 11.14999164,\n         5.59860153,  1.1891482 ],\n       [ 6.67327801, 11.08689647,  0.        , ...,  7.77975561,\n         8.29593692,  9.92681662],\n       ...,\n       [13.19762969, 11.14999164,  7.77975561, ...,  0.        ,\n        12.25328102, 10.12586911],\n       [ 4.46492937,  5.59860153,  8.29593692, ..., 12.25328102,\n         0.        ,  5.07966792],\n       [ 9.12953043,  1.1891482 ,  9.92681662, ..., 10.12586911,\n         5.07966792,  0.        ]])"}}