{"duration": 0.0065958499908447266, "input_args": {"D_high": "array([[0.        , 0.53851648, 0.50990195, ..., 4.27668096, 4.45982062,\n        4.65080638],\n       [0.53851648, 0.        , 0.3       , ..., 4.24970587, 4.49888875,\n        4.71805044],\n       [0.50990195, 0.3       , 0.        , ..., 4.43057558, 4.66154481,\n        4.84871117],\n       ...,\n       [4.27668096, 4.24970587, 4.43057558, ..., 0.        , 0.58309519,\n        1.06770783],\n       [4.45982062, 4.49888875, 4.66154481, ..., 0.58309519, 0.        ,\n        0.6164414 ],\n       [4.65080638, 4.71805044, 4.84871117, ..., 1.06770783, 0.6164414 ,\n        0.        ]])", "D_low": "array([[0.        , 0.99622851, 0.99425431, ..., 5.19829499, 5.34442541,\n        4.29257462],\n       [0.99622851, 0.        , 0.01383562, ..., 6.17065574, 6.30176704,\n        5.16720195],\n       [0.99425431, 0.01383562, 0.        , ..., 6.17137604, 6.30326649,\n        5.17131931],\n       ...,\n       [5.19829499, 6.17065574, 6.17137604, ..., 0.        , 0.37607966,\n        1.72864243],\n       [5.34442541, 6.30176704, 6.30326649, ..., 0.37607966, 0.        ,\n        1.58155292],\n       [4.29257462, 5.16720195, 5.17131931, ..., 1.72864243, 1.58155292,\n        0.        ]])"}}