{"duration": 0.1645362377166748, "input_args": {"D_high": "array([[ 0.        , 11.87434209,  2.23606798, ..., 17.3781472 ,\n        12.9614814 , 13.89244399],\n       [11.87434209,  0.        , 11.3137085 , ..., 14.6628783 ,\n        11.78982612, 10.95445115],\n       [ 2.23606798, 11.3137085 ,  0.        , ..., 17.40689519,\n        12.76714533, 13.6381817 ],\n       ...,\n       [17.3781472 , 14.6628783 , 17.40689519, ...,  0.        ,\n         7.74596669,  8.18535277],\n       [12.9614814 , 11.78982612, 12.76714533, ...,  7.74596669,\n         0.        ,  3.31662479],\n       [13.89244399, 10.95445115, 13.6381817 , ...,  8.18535277,\n         3.31662479,  0.        ]])", "D_low": "array([[ 0.        ,  8.01675324,  7.52641471, ..., 14.1810862 ,\n        14.1880575 , 14.07934554],\n       [ 8.01675324,  0.        ,  9.85995616, ..., 11.49732658,\n        10.24948995, 10.119682  ],\n       [ 7.52641471,  9.85995616,  0.        , ..., 20.07089634,\n        19.40987682, 19.28404642],\n       ...,\n       [14.1810862 , 11.49732658, 20.07089634, ...,  0.        ,\n         2.23168334,  2.29606895],\n       [14.1880575 , 10.24948995, 19.40987682, ...,  2.23168334,\n         0.        ,  0.12981696],\n       [14.07934554, 10.119682  , 19.28404642, ...,  2.29606895,\n         0.12981696,  0.        ]])", "k": "35"}}