{"duration": 0.03967714309692383, "input_args": {"D_high": "array([[  0.        ,  66.90348403,  54.29633528, ...,  50.39119964,\n         89.23943184,  61.27038404],\n       [ 66.90348403,   0.        , 102.51825711, ...,  26.11680932,\n         80.22894802,  38.63518149],\n       [ 54.29633528, 102.51825711,   0.        , ...,  85.13919448,\n         91.66838038,  76.41017076],\n       ...,\n       [ 50.39119964,  26.11680932,  85.13919448, ...,   0.        ,\n         86.1426327 ,  33.06672648],\n       [ 89.23943184,  80.22894802,  91.66838038, ...,  86.1426327 ,\n          0.        ,  65.05813008],\n       [ 61.27038404,  38.63518149,  76.41017076, ...,  33.06672648,\n         65.05813008,   0.        ]])", "D_low": "array([[ 0.        , 20.32553792,  3.19818494, ..., 17.39932674,\n        17.56444305,  9.48111052],\n       [20.32553792,  0.        , 18.3354193 , ...,  3.32189104,\n        25.31261638, 19.59729424],\n       [ 3.19818494, 18.3354193 ,  0.        , ..., 15.66858787,\n        15.07926326,  6.69119458],\n       ...,\n       [17.39932674,  3.32189104, 15.66858787, ...,  0.        ,\n        24.35073801, 17.8146455 ],\n       [17.56444305, 25.31261638, 15.07926326, ..., 24.35073801,\n         0.        ,  8.48496121],\n       [ 9.48111052, 19.59729424,  6.69119458, ..., 17.8146455 ,\n         8.48496121,  0.        ]])"}}