{"duration": 0.004182100296020508, "input_args": {"D_high": "array([[ 0.        , 10.19803903, 12.489996  , ..., 14.38749457,\n        14.28285686, 13.52774926],\n       [10.19803903,  0.        , 14.2126704 , ..., 15.65247584,\n        17.3781472 , 15.96871942],\n       [12.489996  , 14.2126704 ,  0.        , ..., 18.46618531,\n        19.33907961, 17.17556404],\n       ...,\n       [14.38749457, 15.65247584, 18.46618531, ...,  0.        ,\n         4.12310563,  3.16227766],\n       [14.28285686, 17.3781472 , 19.33907961, ...,  4.12310563,\n         0.        ,  4.35889894],\n       [13.52774926, 15.96871942, 17.17556404, ...,  3.16227766,\n         4.35889894,  0.        ]])", "D_low": "array([[ 0.        ,  2.69745852,  5.889994  , ...,  4.77541951,\n        11.45354241,  4.40657729],\n       [ 2.69745852,  0.        ,  4.49992689, ...,  7.47261102,\n        14.09062792,  6.89670145],\n       [ 5.889994  ,  4.49992689,  0.        , ...,  9.8317545 ,\n        15.25039502,  8.19227772],\n       ...,\n       [ 4.77541951,  7.47261102,  9.8317545 , ...,  0.        ,\n         6.93407934,  2.37391642],\n       [11.45354241, 14.09062792, 15.25039502, ...,  6.93407934,\n         0.        ,  7.29067652],\n       [ 4.40657729,  6.89670145,  8.19227772, ...,  2.37391642,\n         7.29067652,  0.        ]])"}}