{"duration": 0.040168046951293945, "input_args": {"D_high": "array([[  0.        ,  77.93464827, 115.40589995, ..., 128.91608086,\n         71.42824327,  88.2669252 ],\n       [ 77.93464827,   0.        ,  83.43747073, ..., 114.70143766,\n         44.29446946,  17.10820975],\n       [115.40589995,  83.43747073,   0.        , ..., 138.70632141,\n         74.24292516,  83.46352557],\n       ...,\n       [128.91608086, 114.70143766, 138.70632141, ...,   0.        ,\n        116.45694834, 116.0975663 ],\n       [ 71.42824327,  44.29446946,  74.24292516, ..., 116.45694834,\n          0.        ,  52.21198288],\n       [ 88.2669252 ,  17.10820975,  83.46352557, ..., 116.0975663 ,\n         52.21198288,   0.        ]])", "D_low": "array([[ 0.        , 13.18247442,  6.71834853, ..., 23.00602911,\n        16.66792226, 14.06303514],\n       [13.18247442,  0.        , 19.82626898, ..., 13.84481346,\n        15.40059608,  1.0740776 ],\n       [ 6.71834853, 19.82626898,  0.        , ..., 28.29136135,\n        21.58717488, 20.7381452 ],\n       ...,\n       [23.00602911, 13.84481346, 28.29136135, ...,  0.        ,\n        29.18253785, 14.06351056],\n       [16.66792226, 15.40059608, 21.58717488, ..., 29.18253785,\n         0.        , 15.11954978],\n       [14.06303514,  1.0740776 , 20.7381452 , ..., 14.06351056,\n        15.11954978,  0.        ]])"}}