{"duration": 0.0026679039001464844, "input_args": {"D_high": "array([[0.        , 0.53851648, 0.50990195, ..., 3.591657  , 5.63914887,\n        4.51995575],\n       [0.53851648, 0.        , 0.3       , ..., 3.47994253, 5.74717322,\n        4.52106182],\n       [0.50990195, 0.3       , 0.        , ..., 3.60832371, 5.89406481,\n        4.69361268],\n       ...,\n       [3.591657  , 3.47994253, 3.60832371, ..., 0.        , 3.1144823 ,\n        1.72336879],\n       [5.63914887, 5.74717322, 5.89406481, ..., 3.1144823 , 0.        ,\n        1.56524758],\n       [4.51995575, 4.52106182, 4.69361268, ..., 1.72336879, 1.56524758,\n        0.        ]])", "D_low": "array([[0.        , 0.24490965, 0.48071665, ..., 4.46115488, 4.73590617,\n        4.90064867],\n       [0.24490965, 0.        , 0.26925219, ..., 4.21730759, 4.49345825,\n        4.65838728],\n       [0.48071665, 0.26925219, 0.        , ..., 4.03883825, 4.32514434,\n        4.49102657],\n       ...,\n       [4.46115488, 4.21730759, 4.03883825, ..., 0.        , 0.35125013,\n        0.50429013],\n       [4.73590617, 4.49345825, 4.32514434, ..., 0.35125013, 0.        ,\n        0.16669547],\n       [4.90064867, 4.65838728, 4.49102657, ..., 0.50429013, 0.16669547,\n        0.        ]])"}}