{"duration": 0.005877017974853516, "input_args": {"D_high": "array([[  0.        ,  99.03767478, 222.48737404, ...,  68.05106924,\n         70.4634419 ,  60.21040362],\n       [ 99.03767478,   0.        , 164.71032149, ...,  64.29096437,\n         79.46048483,  91.05102311],\n       [222.48737404, 164.71032149,   0.        , ..., 171.03618466,\n        234.92428202, 228.54251158],\n       ...,\n       [ 68.05106924,  64.29096437, 171.03618466, ...,   0.        ,\n         81.67068317,  66.23426945],\n       [ 70.4634419 ,  79.46048483, 234.92428202, ...,  81.67068317,\n          0.        ,  43.77778089],\n       [ 60.21040362,  91.05102311, 228.54251158, ...,  66.23426945,\n         43.77778089,   0.        ]])", "D_low": "array([[ 0.        , 15.9413158 , 12.48126291, ...,  8.25040395,\n        17.2809789 , 11.40268742],\n       [15.9413158 ,  0.        , 15.96266245, ...,  8.34092387,\n        14.31717387, 13.74976971],\n       [12.48126291, 15.96266245,  0.        , ...,  9.69037237,\n        25.62037608, 21.1531869 ],\n       ...,\n       [ 8.25040395,  8.34092387,  9.69037237, ...,  0.        ,\n        15.98359739, 12.05682779],\n       [17.2809789 , 14.31717387, 25.62037608, ..., 15.98359739,\n         0.        ,  6.10196467],\n       [11.40268742, 13.74976971, 21.1531869 , ..., 12.05682779,\n         6.10196467,  0.        ]])"}}