{"duration": 0.036939144134521484, "input_args": {"D_high": "array([[  0.        ,  66.90348403,  54.29633528, ...,  50.39119964,\n         89.23943184,  61.27038404],\n       [ 66.90348403,   0.        , 102.51825711, ...,  26.11680932,\n         80.22894802,  38.63518149],\n       [ 54.29633528, 102.51825711,   0.        , ...,  85.13919448,\n         91.66838038,  76.41017076],\n       ...,\n       [ 50.39119964,  26.11680932,  85.13919448, ...,   0.        ,\n         86.1426327 ,  33.06672648],\n       [ 89.23943184,  80.22894802,  91.66838038, ...,  86.1426327 ,\n          0.        ,  65.05813008],\n       [ 61.27038404,  38.63518149,  76.41017076, ...,  33.06672648,\n         65.05813008,   0.        ]])", "D_low": "array([[ 0.        , 11.70801861,  6.09819717, ...,  9.05116519,\n        26.80698194,  8.68919258],\n       [11.70801861,  0.        , 15.2721193 , ...,  2.81235484,\n        28.62031707, 13.1565169 ],\n       [ 6.09819717, 15.2721193 ,  0.        , ..., 12.47079237,\n        21.59651187,  5.14794064],\n       ...,\n       [ 9.05116519,  2.81235484, 12.47079237, ...,  0.        ,\n        27.00046308, 10.64016932],\n       [26.80698194, 28.62031707, 21.59651187, ..., 27.00046308,\n         0.        , 18.23787835],\n       [ 8.68919258, 13.1565169 ,  5.14794064, ..., 10.64016932,\n        18.23787835,  0.        ]])"}}