{"duration": 0.005831241607666016, "input_args": {"D_high": "array([[0.        , 0.53851648, 0.50990195, ..., 4.45982062, 4.65080638,\n        4.14004831],\n       [0.53851648, 0.        , 0.3       , ..., 4.49888875, 4.71805044,\n        4.15331193],\n       [0.50990195, 0.3       , 0.        , ..., 4.66154481, 4.84871117,\n        4.29883705],\n       ...,\n       [4.45982062, 4.49888875, 4.66154481, ..., 0.        , 0.6164414 ,\n        0.64031242],\n       [4.65080638, 4.71805044, 4.84871117, ..., 0.6164414 , 0.        ,\n        0.76811457],\n       [4.14004831, 4.15331193, 4.29883705, ..., 0.64031242, 0.76811457,\n        0.        ]])", "D_low": "array([[0.        , 0.30936558, 0.48734629, ..., 4.79279663, 5.00283101,\n        4.59771048],\n       [0.30936558, 0.        , 0.72441141, ..., 4.50387594, 4.70765035,\n        4.29783881],\n       [0.48734629, 0.72441141, 0.        , ..., 5.21942584, 5.41512182,\n        4.99643128],\n       ...,\n       [4.79279663, 4.50387594, 5.21942584, ..., 0.        , 0.35822879,\n        0.56888217],\n       [5.00283101, 4.70765035, 5.41512182, ..., 0.35822879, 0.        ,\n        0.4824386 ],\n       [4.59771048, 4.29783881, 4.99643128, ..., 0.56888217, 0.4824386 ,\n        0.        ]])"}}