{"duration": 0.0016698837280273438, "input_args": {"D_high": "array([[0.        , 0.5       , 0.74833148, 0.53851648, 3.49714169,\n        3.47275107, 2.88963666, 2.99499583, 3.18747549, 2.89482297],\n       [0.5       , 0.        , 0.75498344, 0.6       , 3.69052842,\n        3.69459064, 3.12729915, 3.30756708, 3.43074336, 3.19530906],\n       [0.74833148, 0.75498344, 0.        , 1.11803399, 4.14125585,\n        4.14004831, 3.51994318, 3.60138862, 3.84707681, 3.48998567],\n       [0.53851648, 0.6       , 1.11803399, 0.        , 3.38526218,\n        3.31209903, 2.78926514, 2.94957624, 3.02820079, 2.91376046],\n       [3.49714169, 3.69052842, 4.14125585, 3.38526218, 0.        ,\n        0.55677644, 0.74833148, 1.12249722, 0.79372539, 1.08166538],\n       [3.47275107, 3.69459064, 4.14004831, 3.31209903, 0.55677644,\n        0.        , 0.71414284, 0.97467943, 0.37416574, 1.17473401],\n       [2.88963666, 3.12729915, 3.51994318, 2.78926514, 0.74833148,\n        0.71414284, 0.        , 0.58309519, 0.51961524, 0.67082039],\n       [2.99499583, 3.30756708, 3.60138862, 2.94957624, 1.12249722,\n        0.97467943, 0.58309519, 0.        , 0.72801099, 0.51961524],\n       [3.18747549, 3.43074336, 3.84707681, 3.02820079, 0.79372539,\n        0.37416574, 0.51961524, 0.72801099, 0.        , 1.02956301],\n       [2.89482297, 3.19530906, 3.48998567, 2.91376046, 1.08166538,\n        1.17473401, 0.67082039, 0.51961524, 1.02956301, 0.        ]])", "D_low": "array([[0.        , 0.54770089, 0.46848419, 0.36777679, 5.16446782,\n        5.18967864, 4.98707611, 5.23014786, 5.27992885, 5.21843402],\n       [0.54770089, 0.        , 0.15269925, 0.19878204, 4.76676499,\n        4.81614689, 4.6754219 , 4.86615745, 4.91419165, 4.87511422],\n       [0.46848419, 0.15269925, 0.        , 0.10479758, 4.91865894,\n        4.96872722, 4.8272    , 5.01883765, 5.06685864, 5.02772211],\n       [0.36777679, 0.19878204, 0.10479758, 0.        , 4.94712081,\n        4.99086206, 4.83414755, 5.03857419, 5.08706691, 5.04233679],\n       [5.16446782, 4.76676499, 4.91865894, 4.94712081, 0.        ,\n        0.31190535, 1.02204808, 0.43675754, 0.43008083, 0.6806487 ],\n       [5.18967864, 4.81614689, 4.96872722, 4.99086206, 0.31190535,\n        0.        , 0.73309391, 0.12669987, 0.13546408, 0.36913818],\n       [4.98707611, 4.6754219 , 4.8272    , 4.83414755, 1.02204808,\n        0.73309391, 0.        , 0.63794585, 0.67829278, 0.41635176],\n       [5.23014786, 4.86615745, 5.01883765, 5.03857419, 0.43675754,\n        0.12669987, 0.63794585, 0.        , 0.05353301, 0.24937955],\n       [5.27992885, 4.91419165, 5.06685864, 5.08706691, 0.43008083,\n        0.13546408, 0.67829278, 0.05353301, 0.        , 0.27686313],\n       [5.21843402, 4.87511422, 5.02772211, 5.04233679, 0.6806487 ,\n        0.36913818, 0.41635176, 0.24937955, 0.27686313, 0.        ]])"}}