{"duration": 0.012612104415893555, "input_args": {"D_high": "array([[ 0.        , 11.87434209,  2.23606798, ...,  2.82842712,\n        16.91153453,  4.47213595],\n       [11.87434209,  0.        , 11.3137085 , ..., 12.20655562,\n        10.34408043, 12.68857754],\n       [ 2.23606798, 11.3137085 ,  0.        , ...,  2.23606798,\n        16.88194302,  3.        ],\n       ...,\n       [ 2.82842712, 12.20655562,  2.23606798, ...,  0.        ,\n        17.94435844,  2.        ],\n       [16.91153453, 10.34408043, 16.88194302, ..., 17.94435844,\n         0.        , 18.60107524],\n       [ 4.47213595, 12.68857754,  3.        , ...,  2.        ,\n        18.60107524,  0.        ]])", "D_low": "array([[ 0.        ,  5.63800919,  4.90736821, ...,  5.51023383,\n         6.79055811, 10.00152185],\n       [ 5.63800919,  0.        ,  8.88443078, ..., 11.12569407,\n         2.90141311, 14.05606489],\n       [ 4.90736821,  8.88443078,  0.        , ...,  6.19065156,\n        10.99364682,  5.26922907],\n       ...,\n       [ 5.51023383, 11.12569407,  6.19065156, ...,  0.        ,\n        11.82542674,  8.83234532],\n       [ 6.79055811,  2.90141311, 10.99364682, ..., 11.82542674,\n         0.        , 16.25985749],\n       [10.00152185, 14.05606489,  5.26922907, ...,  8.83234532,\n        16.25985749,  0.        ]])"}}