{"duration": 0.003016948699951172, "input_args": {"D_high": "array([[0.        , 0.38729833, 0.52915026, 2.69443872, 2.65518361,\n        3.55246393, 5.17107339],\n       [0.38729833, 0.        , 0.33166248, 2.65518361, 2.64952826,\n        3.55387113, 5.25642464],\n       [0.52915026, 0.33166248, 0.        , 2.82488938, 2.75862284,\n        3.591657  , 5.2516664 ],\n       [2.69443872, 2.65518361, 2.82488938, 0.        , 0.67082039,\n        1.63707055, 3.51852242],\n       [2.65518361, 2.64952826, 2.75862284, 0.67082039, 0.        ,\n        1.10905365, 2.99499583],\n       [3.55246393, 3.55387113, 3.591657  , 1.63707055, 1.10905365,\n        0.        , 2.00499377],\n       [5.17107339, 5.25642464, 5.2516664 , 3.51852242, 2.99499583,\n        2.00499377, 0.        ]])", "D_low": "array([[ 0.        ,  0.79669244,  2.18387006, 43.99309083, 41.59703539,\n        28.26557365, 38.91624368],\n       [ 0.79669244,  0.        ,  2.64838447, 43.36861095, 40.97038568,\n        27.49278023, 38.47065855],\n       [ 2.18387006,  2.64838447,  0.        , 43.64779919, 41.26497374,\n        29.75574805, 37.94185162],\n       [43.99309083, 43.36861095, 43.64779919,  0.        ,  2.40444545,\n        34.65498906, 13.53577048],\n       [41.59703539, 40.97038568, 41.26497374,  2.40444545,  0.        ,\n        32.72206951, 12.67442699],\n       [28.26557365, 27.49278023, 29.75574805, 34.65498906, 32.72206951,\n         0.        , 39.22436318],\n       [38.91624368, 38.47065855, 37.94185162, 13.53577048, 12.67442699,\n        39.22436318,  0.        ]])"}}