{"duration": 0.005711078643798828, "input_args": {"D_high": "array([[  0.        ,  99.03767478, 222.48737404, ...,  68.05106924,\n         70.4634419 ,  60.21040362],\n       [ 99.03767478,   0.        , 164.71032149, ...,  64.29096437,\n         79.46048483,  91.05102311],\n       [222.48737404, 164.71032149,   0.        , ..., 171.03618466,\n        234.92428202, 228.54251158],\n       ...,\n       [ 68.05106924,  64.29096437, 171.03618466, ...,   0.        ,\n         81.67068317,  66.23426945],\n       [ 70.4634419 ,  79.46048483, 234.92428202, ...,  81.67068317,\n          0.        ,  43.77778089],\n       [ 60.21040362,  91.05102311, 228.54251158, ...,  66.23426945,\n         43.77778089,   0.        ]])", "D_low": "array([[ 0.        , 12.01855231, 13.09051505, ...,  9.38404254,\n        16.47433065, 12.41882126],\n       [12.01855231,  0.        , 14.4573432 , ...,  4.65707128,\n         6.52235863,  5.63327202],\n       [13.09051505, 14.4573432 ,  0.        , ...,  9.96489203,\n        20.979049  , 19.07372211],\n       ...,\n       [ 9.38404254,  4.65707128,  9.96489203, ...,  0.        ,\n        11.12337005,  9.19746674],\n       [16.47433065,  6.52235863, 20.979049  , ..., 11.12337005,\n         0.        ,  4.42564489],\n       [12.41882126,  5.63327202, 19.07372211, ...,  9.19746674,\n         4.42564489,  0.        ]])"}}