{"duration": 0.0018868446350097656, "input_args": {"D_high": "array([[0.        , 1.27279221, 1.55563492, 0.87749644, 1.64316767,\n        3.48425028, 3.98748041, 3.39705755, 3.78549865, 4.09145451,\n        3.68781778, 3.48998567, 3.54259792, 3.04959014, 3.08868904,\n        3.18433667, 3.33916157, 4.93254498, 5.45985348, 4.46989933],\n       [1.27279221, 0.        , 0.52915026, 0.59160798, 0.66332496,\n        3.24653662, 3.81051178, 2.74954542, 3.4568772 , 3.64965752,\n        3.27719392, 3.23109888, 3.13209195, 2.48596058, 2.596151  ,\n        2.6       , 2.96141858, 4.66368953, 5.27730992, 4.23083916],\n       [1.55563492, 0.52915026, 0.        , 0.74161985, 0.34641016,\n        3.63593179, 4.18568991, 3.01330383, 3.8457769 , 3.97994975,\n        3.60277671, 3.60555128, 3.49428104, 2.81780056, 2.94957624,\n        2.9189039 , 3.318132  , 5.04678115, 5.63293884, 4.64112055],\n       [0.87749644, 0.59160798, 0.74161985, 0.        , 0.80622577,\n        3.48568501, 4.0385641 , 3.12569992, 3.71483512, 3.96358424,\n        3.55105618, 3.48855271, 3.42344855, 2.82665881, 2.88963666,\n        2.94788059, 3.24345495, 4.92341345, 5.50454358, 4.48887514],\n       [1.64316767, 0.66332496, 0.34641016, 0.80622577, 0.        ,\n        3.81313519, 4.38634244, 3.21869539, 3.97617907, 4.16173041,\n        3.78153408, 3.80525952, 3.65376518, 2.98998328, 3.08868904,\n        3.09192497, 3.50285598, 5.19711458, 5.82666285, 4.78121324],\n       [3.48425028, 3.24653662, 3.63593179, 3.48568501, 3.81313519,\n        0.        , 0.64807407, 1.28840987, 0.65574385, 0.81240384,\n        0.6164414 , 0.31622777, 0.5       , 1.02956301, 0.93808315,\n        1.02956301, 0.45825757, 1.49331845, 2.05669638, 1.13137085],\n       [3.98748041, 3.81051178, 4.18568991, 4.0385641 , 4.38634244,\n        0.64807407, 0.        , 1.63707055, 1.05356538, 0.84852814,\n        0.92736185, 0.6       , 1.00498756, 1.56843871, 1.54272486,\n        1.53622915, 0.96436508, 1.21243557, 1.5       , 1.02956301],\n       [3.39705755, 2.74954542, 3.01330383, 3.12569992, 3.21869539,\n        1.28840987, 1.63707055, 0.        , 1.5132746 , 1.11355287,\n        0.9486833 , 1.14891253, 0.99498744, 0.58309519, 0.9486833 ,\n        0.48989795, 0.84261498, 2.36008474, 2.84780617, 2.13072758],\n       [3.78549865, 3.4568772 , 3.8457769 , 3.71483512, 3.97617907,\n        0.65574385, 1.05356538, 1.5132746 , 0.        , 0.8660254 ,\n        0.75498344, 0.92195445, 0.52915026, 1.19582607, 0.93273791,\n        1.17046999, 0.82462113, 1.2489996 , 2.07364414, 0.8660254 ],\n       [4.09145451, 3.64965752, 3.97994975, 3.96358424, 4.16173041,\n        0.81240384, 0.84852814, 1.11355287, 0.8660254 , 0.        ,\n        0.50990195, 0.77459667, 0.64031242, 1.17473401, 1.19163753,\n        1.07703296, 0.75498344, 1.26095202, 1.79164729, 1.14017543],\n       [3.68781778, 3.27719392, 3.60277671, 3.55105618, 3.78153408,\n        0.6164414 , 0.92736185, 0.9486833 , 0.75498344, 0.50990195,\n        0.        , 0.64807407, 0.38729833, 0.86023253, 0.81240384,\n        0.78740079, 0.43588989, 1.55241747, 2.0904545 , 1.34907376],\n       [3.48998567, 3.23109888, 3.60555128, 3.48855271, 3.80525952,\n        0.31622777, 0.6       , 1.14891253, 0.92195445, 0.77459667,\n        0.64807407, 0.        , 0.6244998 , 1.00995049, 1.04880885,\n        1.        , 0.43588989, 1.61554944, 2.06639783, 1.30384048],\n       [3.54259792, 3.13209195, 3.49428104, 3.42344855, 3.65376518,\n        0.5       , 1.00498756, 0.99498744, 0.52915026, 0.64031242,\n        0.38729833, 0.6244998 , 0.        , 0.72801099, 0.60827625,\n        0.68556546, 0.34641016, 1.56204994, 2.24053565, 1.23693169],\n       [3.04959014, 2.48596058, 2.81780056, 2.82665881, 2.98998328,\n        1.02956301, 1.56843871, 0.58309519, 1.19582607, 1.17473401,\n        0.86023253, 1.00995049, 0.72801099, 0.        , 0.42426407,\n        0.14142136, 0.60827625, 2.27815715, 2.9       , 1.94422221],\n       [3.08868904, 2.596151  , 2.94957624, 2.88963666, 3.08868904,\n        0.93808315, 1.54272486, 0.9486833 , 0.93273791, 1.19163753,\n        0.81240384, 1.04880885, 0.60827625, 0.42426407, 0.        ,\n        0.46904158, 0.64031242, 2.12367606, 2.82665881, 1.76635217],\n       [3.18433667, 2.6       , 2.9189039 , 2.94788059, 3.09192497,\n        1.02956301, 1.53622915, 0.48989795, 1.17046999, 1.07703296,\n        0.78740079, 1.        , 0.68556546, 0.14142136, 0.46904158,\n        0.        , 0.59160798, 2.21133444, 2.82665881, 1.90262976],\n       [3.33916157, 2.96141858, 3.318132  , 3.24345495, 3.50285598,\n        0.45825757, 0.96436508, 0.84261498, 0.82462113, 0.75498344,\n        0.43588989, 0.43588989, 0.34641016, 0.60827625, 0.64031242,\n        0.59160798, 0.        , 1.77763888, 2.33666429, 1.45945195],\n       [4.93254498, 4.66368953, 5.04678115, 4.92341345, 5.19711458,\n        1.49331845, 1.21243557, 2.36008474, 1.2489996 , 1.26095202,\n        1.55241747, 1.61554944, 1.56204994, 2.27815715, 2.12367606,\n        2.21133444, 1.77763888, 0.        , 1.02956301, 0.55677644],\n       [5.45985348, 5.27730992, 5.63293884, 5.50454358, 5.82666285,\n        2.05669638, 1.5       , 2.84780617, 2.07364414, 1.79164729,\n        2.0904545 , 2.06639783, 2.24053565, 2.9       , 2.82665881,\n        2.82665881, 2.33666429, 1.02956301, 0.        , 1.46628783],\n       [4.46989933, 4.23083916, 4.64112055, 4.48887514, 4.78121324,\n        1.13137085, 1.02956301, 2.13072758, 0.8660254 , 1.14017543,\n        1.34907376, 1.30384048, 1.23693169, 1.94422221, 1.76635217,\n        1.90262976, 1.45945195, 0.55677644, 1.46628783, 0.        ]])", "D_low": "array([[ 0.        ,  1.99684011,  3.75455916,  6.87572865,  2.34172724,\n        40.51445023, 34.93911601, 30.62651423, 40.05391313, 42.04126982,\n        41.69302794, 41.22274965, 42.42328441, 30.6944351 , 40.62994306,\n        31.62722304, 42.04763517, 41.73753429, 43.9243087 , 40.48367853],\n       [ 1.99684011,  0.        ,  1.86281269,  8.70136972,  1.48961102,\n        40.80343322, 35.19435962, 32.5786021 , 40.35775327, 42.43681613,\n        42.03958526, 41.64319584, 42.76671595, 32.64596325, 40.93603397,\n        33.53447358, 42.31238138, 43.51310763, 45.70267284, 42.25058543],\n       [ 3.75455916,  1.86281269,  0.        , 10.55648225,  2.96242421,\n        40.29479754, 34.66842774, 34.05433227, 39.8635759 , 42.02284406,\n        41.58112678, 41.25395024, 42.30399399, 34.12020677, 40.44271202,\n        35.36990813, 41.77878451, 44.64781903, 46.83984451, 43.37304167],\n       [ 6.87572865,  8.70136972, 10.55648225,  0.        ,  8.10807601,\n        43.36565232, 37.98596141, 25.70620492, 42.86638957, 44.53716822,\n        44.34871658, 43.6510477 , 45.07847338, 25.78020858, 43.42685967,\n        24.8671158 , 44.95115939, 38.20267159, 40.3444992 , 37.0243473 ],\n       [ 2.34172724,  1.48961102,  2.96242421,  8.10807601,  0.        ,\n        42.23247357, 36.62900688, 32.73694153, 41.78356647, 43.84189191,\n        43.45626363, 43.04182587, 44.18424843, 32.80615499, 42.36148037,\n        32.96414896, 43.74664301, 44.0362176 , 46.2212679 , 42.78664057],\n       [40.51445023, 40.80343322, 40.29479754, 43.36565232, 42.23247357,\n         0.        ,  5.63107054, 41.86146535,  0.54586047,  2.74539802,\n         1.70599892,  2.85293108,  2.2519308 , 41.85138398,  0.37399675,\n        55.88560568,  1.60392225, 38.13828646, 39.38909474, 37.18471802],\n       [34.93911601, 35.19435962, 34.66842774, 37.98596141, 36.62900688,\n         5.63107054,  0.        , 38.57529331,  5.22305884,  7.68033539,\n         7.02895375,  7.12698678,  7.72605838, 38.57425544,  5.80033159,\n        51.78575683,  7.1180219 , 36.74209321, 38.23839269, 35.66505451],\n       [30.62651423, 32.5786021 , 34.05433227, 25.70620492, 32.73694153,\n        41.86146535, 38.57529331,  0.        , 41.32642631, 41.40526116,\n        41.87291752, 40.45791074, 42.44396646,  0.07960664, 41.69959103,\n        16.29639284, 43.30633896, 14.63438528, 16.42292721, 13.84817866],\n       [40.05391313, 40.35775327, 39.8635759 , 42.86638957, 41.78356647,\n         0.54586047,  5.22305884, 41.32642631,  0.        ,  2.79848505,\n         1.88416066,  2.71671674,  2.5303631 , 41.31655129,  0.57917111,\n        55.33993636,  2.1361358 , 37.67523616, 38.94001465, 36.7147972 ],\n       [42.04126982, 42.43681613, 42.02284406, 44.53716822, 43.84189191,\n         2.74539802,  7.68033539, 41.40526116,  2.79848505,  0.        ,\n         1.11419019,  0.96647709,  1.18139235, 41.390069  ,  2.3850673 ,\n        55.8774003 ,  2.80409891, 36.76462196, 37.90219276, 35.87199476],\n       [41.69302794, 42.03958526, 41.58112678, 44.34871658, 43.45626363,\n         1.70599892,  7.02895375, 41.87291752,  1.88416066,  1.11419019,\n         0.        ,  1.62908742,  0.73197441, 41.85962711,  1.37647498,\n        56.17956353,  1.77024941, 37.55547529, 38.73081229, 36.64203105],\n       [41.22274965, 41.64319584, 41.25395024, 43.6510477 , 43.04182587,\n         2.85293108,  7.12698678, 40.45791074,  2.71671674,  0.96647709,\n         1.62908742,  0.        ,  2.01889357, 40.44308583,  2.48077859,\n        54.91175122,  3.3920955 , 35.94660435, 37.11122044, 35.04044728],\n       [42.42328441, 42.76671595, 42.30399399, 45.07847338, 44.18424843,\n         2.2519308 ,  7.72605838, 42.44396646,  2.5303631 ,  1.18139235,\n         0.73197441,  2.01889357,  0.        , 42.42982316,  1.97716283,\n        56.81584853,  1.74019837, 37.93388561, 39.07836618, 37.03642389],\n       [30.6944351 , 32.64596325, 34.12020677, 25.78020858, 32.80615499,\n        41.85138398, 38.57425544,  0.07960664, 41.31655129, 41.390069  ,\n        41.85962711, 40.44308583, 42.42982316,  0.        , 41.68887299,\n        16.35101719, 43.29496487, 14.55842929, 16.34527292, 13.77421106],\n       [40.62994306, 40.93603397, 40.44271202, 43.42685967, 42.36148037,\n         0.37399675,  5.80033159, 41.69959103,  0.57917111,  2.3850673 ,\n         1.37647498,  2.48077859,  1.97716283, 41.68887299,  0.        ,\n        55.78346785,  1.64487301, 37.86887183, 39.10785639, 36.92170247],\n       [31.62722304, 33.53447358, 35.36990813, 24.8671158 , 32.96414896,\n        55.88560568, 51.78575683, 16.29639284, 55.33993636, 55.8774003 ,\n        56.17956353, 54.91175122, 56.81584853, 16.35101719, 55.78346785,\n         0.        , 57.42636707, 29.92123913, 31.28226777, 29.42690397],\n       [42.04763517, 42.31238138, 41.77878451, 44.95115939, 43.74664301,\n         1.60392225,  7.1180219 , 43.30633896,  2.1361358 ,  2.80409891,\n         1.77024941,  3.3920955 ,  1.74019837, 43.29496487,  1.64487301,\n        57.42636707,  0.        , 39.2574988 , 40.45394669, 38.33140295],\n       [41.73753429, 43.51310763, 44.64781903, 38.20267159, 44.0362176 ,\n        38.13828646, 36.74209321, 14.63438528, 37.67523616, 36.76462196,\n        37.55547529, 35.94660435, 37.93388561, 14.55842929, 37.86887183,\n        29.92123913, 39.2574988 ,  0.        ,  2.19238004,  1.3186985 ],\n       [43.9243087 , 45.70267284, 46.83984451, 40.3444992 , 46.2212679 ,\n        39.38909474, 38.23839269, 16.42292721, 38.94001465, 37.90219276,\n        38.73081229, 37.11122044, 39.07836618, 16.34527292, 39.10785639,\n        31.28226777, 40.45394669,  2.19238004,  0.        ,  3.48806534],\n       [40.48367853, 42.25058543, 43.37304167, 37.0243473 , 42.78664057,\n        37.18471802, 35.66505451, 13.84817866, 36.7147972 , 35.87199476,\n        36.64203105, 35.04044728, 37.03642389, 13.77421106, 36.92170247,\n        29.42690397, 38.33140295,  1.3186985 ,  3.48806534,  0.        ]])"}}