{"duration": 0.002053976058959961, "input_args": {"D_high": "array([[0.        , 0.5       , 0.74833148, 0.53851648, 3.49714169,\n        3.47275107, 2.88963666, 2.99499583, 3.18747549, 2.89482297],\n       [0.5       , 0.        , 0.75498344, 0.6       , 3.69052842,\n        3.69459064, 3.12729915, 3.30756708, 3.43074336, 3.19530906],\n       [0.74833148, 0.75498344, 0.        , 1.11803399, 4.14125585,\n        4.14004831, 3.51994318, 3.60138862, 3.84707681, 3.48998567],\n       [0.53851648, 0.6       , 1.11803399, 0.        , 3.38526218,\n        3.31209903, 2.78926514, 2.94957624, 3.02820079, 2.91376046],\n       [3.49714169, 3.69052842, 4.14125585, 3.38526218, 0.        ,\n        0.55677644, 0.74833148, 1.12249722, 0.79372539, 1.08166538],\n       [3.47275107, 3.69459064, 4.14004831, 3.31209903, 0.55677644,\n        0.        , 0.71414284, 0.97467943, 0.37416574, 1.17473401],\n       [2.88963666, 3.12729915, 3.51994318, 2.78926514, 0.74833148,\n        0.71414284, 0.        , 0.58309519, 0.51961524, 0.67082039],\n       [2.99499583, 3.30756708, 3.60138862, 2.94957624, 1.12249722,\n        0.97467943, 0.58309519, 0.        , 0.72801099, 0.51961524],\n       [3.18747549, 3.43074336, 3.84707681, 3.02820079, 0.79372539,\n        0.37416574, 0.51961524, 0.72801099, 0.        , 1.02956301],\n       [2.89482297, 3.19530906, 3.48998567, 2.91376046, 1.08166538,\n        1.17473401, 0.67082039, 0.51961524, 1.02956301, 0.        ]])", "D_low": "array([[ 0.        ,  7.95439684,  2.01913193,  2.67347195,  8.57631642,\n        10.4592309 , 10.37148293, 11.50325704, 10.11689335, 12.07610455],\n       [ 7.95439684,  0.        ,  7.26494812,  6.21166902, 13.47906946,\n        16.38266562, 15.7451508 , 18.42160071, 15.47963107, 16.59684729],\n       [ 2.01913193,  7.26494812,  0.        ,  3.73356127, 10.58040052,\n        12.46127494, 12.39041897, 13.36306992, 12.13598484, 14.0831717 ],\n       [ 2.67347195,  6.21166902,  3.73356127,  0.        ,  7.95407905,\n        10.50190352, 10.07905379, 12.26370828,  9.81111663, 11.3792669 ],\n       [ 8.57631642, 13.47906946, 10.58040052,  7.95407905,  0.        ,\n         3.22953899,  2.29050125,  6.2935584 ,  2.03393942,  3.50437257],\n       [10.4592309 , 16.38266562, 12.46127494, 10.50190352,  3.22953899,\n         0.        ,  1.32423511,  3.34385486,  1.43166786,  3.33550342],\n       [10.37148293, 15.7451508 , 12.39041897, 10.07905379,  2.29050125,\n         1.32423511,  0.        ,  4.66736489,  0.26838963,  2.26503317],\n       [11.50325704, 18.42160071, 13.36306992, 12.26370828,  6.2935584 ,\n         3.34385486,  4.66736489,  0.        ,  4.76573771,  6.43738654],\n       [10.11689335, 15.47963107, 12.13598484,  9.81111663,  2.03393942,\n         1.43166786,  0.26838963,  4.76573771,  0.        ,  2.39737236],\n       [12.07610455, 16.59684729, 14.0831717 , 11.3792669 ,  3.50437257,\n         3.33550342,  2.26503317,  6.43738654,  2.39737236,  0.        ]])"}}