{"duration": 0.004835844039916992, "input_args": {"D_high": "array([[  0.        ,  99.03767478, 222.48737404, ...,  68.05106924,\n         70.4634419 ,  60.21040362],\n       [ 99.03767478,   0.        , 164.71032149, ...,  64.29096437,\n         79.46048483,  91.05102311],\n       [222.48737404, 164.71032149,   0.        , ..., 171.03618466,\n        234.92428202, 228.54251158],\n       ...,\n       [ 68.05106924,  64.29096437, 171.03618466, ...,   0.        ,\n         81.67068317,  66.23426945],\n       [ 70.4634419 ,  79.46048483, 234.92428202, ...,  81.67068317,\n          0.        ,  43.77778089],\n       [ 60.21040362,  91.05102311, 228.54251158, ...,  66.23426945,\n         43.77778089,   0.        ]])", "D_low": "array([[ 0.        , 12.53884631,  9.73604833, ...,  8.65410317,\n        17.36194364, 16.06886554],\n       [12.53884631,  0.        , 13.36185139, ...,  3.95358054,\n         5.058248  ,  5.46794589],\n       [ 9.73604833, 13.36185139,  0.        , ..., 10.38145365,\n        18.11899995, 18.70137414],\n       ...,\n       [ 8.65410317,  3.95358054, 10.38145365, ...,  0.        ,\n         8.96427674,  8.56612414],\n       [17.36194364,  5.058248  , 18.11899995, ...,  8.96427674,\n         0.        ,  3.45168017],\n       [16.06886554,  5.46794589, 18.70137414, ...,  8.56612414,\n         3.45168017,  0.        ]])"}}