{"duration": 0.0047991275787353516, "input_args": {"D_high": "array([[  0.        ,  99.03767478, 222.48737404, ...,  68.05106924,\n         70.4634419 ,  60.21040362],\n       [ 99.03767478,   0.        , 164.71032149, ...,  64.29096437,\n         79.46048483,  91.05102311],\n       [222.48737404, 164.71032149,   0.        , ..., 171.03618466,\n        234.92428202, 228.54251158],\n       ...,\n       [ 68.05106924,  64.29096437, 171.03618466, ...,   0.        ,\n         81.67068317,  66.23426945],\n       [ 70.4634419 ,  79.46048483, 234.92428202, ...,  81.67068317,\n          0.        ,  43.77778089],\n       [ 60.21040362,  91.05102311, 228.54251158, ...,  66.23426945,\n         43.77778089,   0.        ]])", "D_low": "array([[ 0.        , 12.26720937,  7.84653953, ..., 16.90218449,\n        22.19038837, 13.22070044],\n       [12.26720937,  0.        , 13.36524596, ...,  5.32853577,\n        11.21128296,  8.08434382],\n       [ 7.84653953, 13.36524596,  0.        , ..., 15.95241054,\n        24.56897419, 18.15839356],\n       ...,\n       [16.90218449,  5.32853577, 15.95241054, ...,  0.        ,\n        10.95139994, 12.52699956],\n       [22.19038837, 11.21128296, 24.56897419, ..., 10.95139994,\n         0.        , 10.5326054 ],\n       [13.22070044,  8.08434382, 18.15839356, ..., 12.52699956,\n        10.5326054 ,  0.        ]])"}}