{"duration": 0.004936933517456055, "input_args": {"D_high": "array([[0.        , 0.53851648, 0.50990195, ..., 4.27668096, 4.45982062,\n        4.65080638],\n       [0.53851648, 0.        , 0.3       , ..., 4.24970587, 4.49888875,\n        4.71805044],\n       [0.50990195, 0.3       , 0.        , ..., 4.43057558, 4.66154481,\n        4.84871117],\n       ...,\n       [4.27668096, 4.24970587, 4.43057558, ..., 0.        , 0.58309519,\n        1.06770783],\n       [4.45982062, 4.49888875, 4.66154481, ..., 0.58309519, 0.        ,\n        0.6164414 ],\n       [4.65080638, 4.71805044, 4.84871117, ..., 1.06770783, 0.6164414 ,\n        0.        ]])", "D_low": "array([[0.        , 0.30936558, 0.48734629, ..., 4.24914173, 4.79279663,\n        5.00283101],\n       [0.30936558, 0.        , 0.72441141, ..., 3.95812748, 4.50387594,\n        4.70765035],\n       [0.48734629, 0.72441141, 0.        , ..., 4.67183551, 5.21942584,\n        5.41512182],\n       ...,\n       [4.24914173, 3.95812748, 4.67183551, ..., 0.        , 0.55130153,\n        0.77483501],\n       [4.79279663, 4.50387594, 5.21942584, ..., 0.55130153, 0.        ,\n        0.35822879],\n       [5.00283101, 4.70765035, 5.41512182, ..., 0.77483501, 0.35822879,\n        0.        ]])"}}