{"duration": 0.0018918514251708984, "input_args": {"D_high": "array([[0.        , 0.38729833, 0.52915026, 2.69443872, 2.65518361,\n        3.55246393, 5.17107339],\n       [0.38729833, 0.        , 0.33166248, 2.65518361, 2.64952826,\n        3.55387113, 5.25642464],\n       [0.52915026, 0.33166248, 0.        , 2.82488938, 2.75862284,\n        3.591657  , 5.2516664 ],\n       [2.69443872, 2.65518361, 2.82488938, 0.        , 0.67082039,\n        1.63707055, 3.51852242],\n       [2.65518361, 2.64952826, 2.75862284, 0.67082039, 0.        ,\n        1.10905365, 2.99499583],\n       [3.55246393, 3.55387113, 3.591657  , 1.63707055, 1.10905365,\n        0.        , 2.00499377],\n       [5.17107339, 5.25642464, 5.2516664 , 3.51852242, 2.99499583,\n        2.00499377, 0.        ]])", "D_low": "array([[0.        , 2.06289516, 1.72333705, 4.54769886, 4.36127171,\n        4.0046756 , 4.21785259],\n       [2.06289516, 0.        , 0.70281148, 6.58707012, 6.38947491,\n        6.06676301, 6.24184321],\n       [1.72333705, 0.70281148, 0.        , 6.10993587, 5.89925316,\n        5.64927072, 5.93616518],\n       [4.54769886, 6.58707012, 6.10993587, 0.        , 0.25962479,\n        0.83160252, 1.85277926],\n       [4.36127171, 6.38947491, 5.89925316, 0.25962479, 0.        ,\n        0.86289064, 1.96051244],\n       [4.0046756 , 6.06676301, 5.64927072, 0.83160252, 0.86289064,\n        0.        , 1.13316452],\n       [4.21785259, 6.24184321, 5.93616518, 1.85277926, 1.96051244,\n        1.13316452, 0.        ]])"}}