{"duration": 0.0018420219421386719, "input_args": {"D_high": "array([[0.        , 0.53851648, 0.50990195, ..., 3.15277655, 4.69041576,\n        5.63914887],\n       [0.53851648, 0.        , 0.3       , ..., 3.10322413, 4.70850295,\n        5.74717322],\n       [0.50990195, 0.3       , 0.        , ..., 3.26802693, 4.86826458,\n        5.89406481],\n       ...,\n       [3.15277655, 3.10322413, 3.26802693, ..., 0.        , 1.65529454,\n        2.90172363],\n       [4.69041576, 4.70850295, 4.86826458, ..., 1.65529454, 0.        ,\n        1.42828569],\n       [5.63914887, 5.74717322, 5.89406481, ..., 2.90172363, 1.42828569,\n        0.        ]])", "D_low": "array([[ 0.        ,  0.83879163,  1.2789668 , ..., 23.28028332,\n         5.87820297,  5.63299963],\n       [ 0.83879163,  0.        ,  0.4584379 , ..., 22.80446916,\n         5.58869304,  5.35336614],\n       [ 1.2789668 ,  0.4584379 ,  0.        , ..., 22.4359643 ,\n         5.32978564,  5.10125217],\n       ...,\n       [23.28028332, 22.80446916, 22.4359643 , ...,  0.        ,\n        17.55478803, 17.80530415],\n       [ 5.87820297,  5.58869304,  5.32978564, ..., 17.55478803,\n         0.        ,  0.25088943],\n       [ 5.63299963,  5.35336614,  5.10125217, ..., 17.80530415,\n         0.25088943,  0.        ]])"}}