{"duration": 0.0020170211791992188, "input_args": {"D_high": "array([[0.        , 0.5       , 0.2       , ..., 4.22018957, 4.45757782,\n        4.10609303],\n       [0.5       , 0.        , 0.55677644, ..., 4.23792402, 4.42040722,\n        4.1024383 ],\n       [0.2       , 0.55677644, 0.        , ..., 4.0484565 , 4.29534632,\n        3.95221457],\n       ...,\n       [4.22018957, 4.23792402, 4.0484565 , ..., 0.        , 0.58309519,\n        0.65574385],\n       [4.45757782, 4.42040722, 4.29534632, ..., 0.58309519, 0.        ,\n        0.64031242],\n       [4.10609303, 4.1024383 , 3.95221457, ..., 0.65574385, 0.64031242,\n        0.        ]])", "D_low": "array([[ 0.        , 37.03810626,  2.15425402, ..., 43.88499097,\n        29.94308865, 43.41496789],\n       [37.03810626,  0.        , 38.38753695, ..., 26.72108512,\n        43.82347202, 25.58135939],\n       [ 2.15425402, 38.38753695,  0.        , ..., 43.94280415,\n        28.50370201, 43.52511525],\n       ...,\n       [43.88499097, 26.72108512, 43.94280415, ...,  0.        ,\n        30.32494547,  1.15127751],\n       [29.94308865, 43.82347202, 28.50370201, ..., 30.32494547,\n         0.        , 30.70294073],\n       [43.41496789, 25.58135939, 43.52511525, ...,  1.15127751,\n        30.70294073,  0.        ]])"}}