{"duration": 0.0034461021423339844, "input_args": {"D_high": "array([[ 0.        , 10.19803903, 12.489996  , ..., 14.38749457,\n        14.28285686, 13.52774926],\n       [10.19803903,  0.        , 14.2126704 , ..., 15.65247584,\n        17.3781472 , 15.96871942],\n       [12.489996  , 14.2126704 ,  0.        , ..., 18.46618531,\n        19.33907961, 17.17556404],\n       ...,\n       [14.38749457, 15.65247584, 18.46618531, ...,  0.        ,\n         4.12310563,  3.16227766],\n       [14.28285686, 17.3781472 , 19.33907961, ...,  4.12310563,\n         0.        ,  4.35889894],\n       [13.52774926, 15.96871942, 17.17556404, ...,  3.16227766,\n         4.35889894,  0.        ]])", "D_low": "array([[ 0.        ,  2.68843871,  5.7607135 , ...,  4.65759137,\n         8.72276915,  5.06813314],\n       [ 2.68843871,  0.        ,  3.09551411, ...,  5.24780593,\n        10.29507521,  5.12288373],\n       [ 5.7607135 ,  3.09551411,  0.        , ...,  6.83988594,\n        12.21391503,  6.26145844],\n       ...,\n       [ 4.65759137,  5.24780593,  6.83988594, ...,  0.        ,\n         5.37838947,  1.01821676],\n       [ 8.72276915, 10.29507521, 12.21391503, ...,  5.37838947,\n         0.        ,  6.0984571 ],\n       [ 5.06813314,  5.12288373,  6.26145844, ...,  1.01821676,\n         6.0984571 ,  0.        ]])"}}