{"duration": 0.002374887466430664, "input_args": {"D_high": "array([[0.        , 0.53851648, 0.50990195, ..., 3.591657  , 5.63914887,\n        4.51995575],\n       [0.53851648, 0.        , 0.3       , ..., 3.47994253, 5.74717322,\n        4.52106182],\n       [0.50990195, 0.3       , 0.        , ..., 3.60832371, 5.89406481,\n        4.69361268],\n       ...,\n       [3.591657  , 3.47994253, 3.60832371, ..., 0.        , 3.1144823 ,\n        1.72336879],\n       [5.63914887, 5.74717322, 5.89406481, ..., 3.1144823 , 0.        ,\n        1.56524758],\n       [4.51995575, 4.52106182, 4.69361268, ..., 1.72336879, 1.56524758,\n        0.        ]])", "D_low": "array([[ 0.        , 11.84627796,  7.12110746, ..., 22.15903468,\n        19.99855468, 24.07314135],\n       [11.84627796,  0.        ,  5.07452445, ..., 27.9244401 ,\n        16.63757621, 20.87717573],\n       [ 7.12110746,  5.07452445,  0.        , ..., 23.84252981,\n        15.74932807, 20.08433851],\n       ...,\n       [22.15903468, 27.9244401 , 23.84252981, ...,  0.        ,\n        17.99143414, 18.25485432],\n       [19.99855468, 16.63757621, 15.74932807, ..., 17.99143414,\n         0.        ,  4.34228139],\n       [24.07314135, 20.87717573, 20.08433851, ..., 18.25485432,\n         4.34228139,  0.        ]])"}}