{"duration": 0.001981973648071289, "input_args": {"D_high": "array([[0.        , 0.5       , 0.74833148, 0.53851648, 3.49714169,\n        3.47275107, 2.88963666, 2.99499583, 3.18747549, 2.89482297],\n       [0.5       , 0.        , 0.75498344, 0.6       , 3.69052842,\n        3.69459064, 3.12729915, 3.30756708, 3.43074336, 3.19530906],\n       [0.74833148, 0.75498344, 0.        , 1.11803399, 4.14125585,\n        4.14004831, 3.51994318, 3.60138862, 3.84707681, 3.48998567],\n       [0.53851648, 0.6       , 1.11803399, 0.        , 3.38526218,\n        3.31209903, 2.78926514, 2.94957624, 3.02820079, 2.91376046],\n       [3.49714169, 3.69052842, 4.14125585, 3.38526218, 0.        ,\n        0.55677644, 0.74833148, 1.12249722, 0.79372539, 1.08166538],\n       [3.47275107, 3.69459064, 4.14004831, 3.31209903, 0.55677644,\n        0.        , 0.71414284, 0.97467943, 0.37416574, 1.17473401],\n       [2.88963666, 3.12729915, 3.51994318, 2.78926514, 0.74833148,\n        0.71414284, 0.        , 0.58309519, 0.51961524, 0.67082039],\n       [2.99499583, 3.30756708, 3.60138862, 2.94957624, 1.12249722,\n        0.97467943, 0.58309519, 0.        , 0.72801099, 0.51961524],\n       [3.18747549, 3.43074336, 3.84707681, 3.02820079, 0.79372539,\n        0.37416574, 0.51961524, 0.72801099, 0.        , 1.02956301],\n       [2.89482297, 3.19530906, 3.48998567, 2.91376046, 1.08166538,\n        1.17473401, 0.67082039, 0.51961524, 1.02956301, 0.        ]])", "D_low": "array([[0.        , 0.50343291, 0.03556728, 0.22085974, 4.20170417,\n        4.22863135, 3.99655127, 4.16465295, 3.47303701, 4.06892272],\n       [0.50343291, 0.        , 0.52355781, 0.28812955, 4.49327938,\n        4.52002294, 4.28435014, 4.46742971, 3.82136608, 4.39288058],\n       [0.03556728, 0.52355781, 0.        , 0.23709257, 4.21660763,\n        4.24353924, 4.01184468, 4.17864439, 3.4832103 , 4.08110907],\n       [0.22085974, 0.28812955, 0.23709257, 0.        , 4.3534876 ,\n        4.38037043, 4.14659814, 4.32083709, 3.64626104, 4.23332826],\n       [4.20170417, 4.49327938, 4.21660763, 4.3534876 , 0.        ,\n        0.02693583, 0.21090226, 0.12342512, 0.91121454, 0.36756938],\n       [4.22863135, 4.52002294, 4.24353924, 4.38037043, 0.02693583,\n        0.        , 0.23707311, 0.13492228, 0.93427904, 0.37973422],\n       [3.99655127, 4.28435014, 4.01184468, 4.14659814, 0.21090226,\n        0.23707311, 0.        , 0.23450598, 0.77980514, 0.3891471 ],\n       [4.16465295, 4.46742971, 4.17864439, 4.32083709, 0.12342512,\n        0.13492228, 0.23450598, 0.        , 0.81858936, 0.24492528],\n       [3.47303701, 3.82136608, 3.4832103 , 3.64626104, 0.91121454,\n        0.93427904, 0.77980514, 0.81858936, 0.        , 0.63770978],\n       [4.06892272, 4.39288058, 4.08110907, 4.23332826, 0.36756938,\n        0.37973422, 0.3891471 , 0.24492528, 0.63770978, 0.        ]])"}}