{"duration": 0.0029129981994628906, "input_args": {"D_high": "array([[0.        , 0.53851648, 0.50990195, ..., 3.15277655, 4.69041576,\n        5.63914887],\n       [0.53851648, 0.        , 0.3       , ..., 3.10322413, 4.70850295,\n        5.74717322],\n       [0.50990195, 0.3       , 0.        , ..., 3.26802693, 4.86826458,\n        5.89406481],\n       ...,\n       [3.15277655, 3.10322413, 3.26802693, ..., 0.        , 1.65529454,\n        2.90172363],\n       [4.69041576, 4.70850295, 4.86826458, ..., 1.65529454, 0.        ,\n        1.42828569],\n       [5.63914887, 5.74717322, 5.89406481, ..., 2.90172363, 1.42828569,\n        0.        ]])", "D_low": "array([[ 0.        , 33.0379644 , 34.5297078 , ..., 31.97111038,\n        43.65636685, 41.08612889],\n       [33.0379644 ,  0.        ,  1.78722015, ...,  3.60291906,\n        32.95964972, 28.95352744],\n       [34.5297078 ,  1.78722015,  0.        , ...,  5.16325699,\n        32.18516383, 28.18707699],\n       ...,\n       [31.97111038,  3.60291906,  5.16325699, ...,  0.        ,\n        36.19616838, 32.19254713],\n       [43.65636685, 32.95964972, 32.18516383, ..., 36.19616838,\n         0.        ,  4.00638767],\n       [41.08612889, 28.95352744, 28.18707699, ..., 32.19254713,\n         4.00638767,  0.        ]])"}}