{"duration": 0.0021390914916992188, "input_args": {"D_high": "array([[0.        , 0.33166248, 0.70710678, ..., 4.40227214, 4.71911009,\n        4.27317212],\n       [0.33166248, 0.        , 0.41231056, ..., 4.28835633, 4.63680925,\n        4.15331193],\n       [0.70710678, 0.41231056, 0.        , ..., 4.39317653, 4.77807493,\n        4.26380112],\n       ...,\n       [4.40227214, 4.28835633, 4.39317653, ..., 0.        , 0.57445626,\n        0.81240384],\n       [4.71911009, 4.63680925, 4.77807493, ..., 0.57445626, 0.        ,\n        1.13578167],\n       [4.27317212, 4.15331193, 4.26380112, ..., 0.81240384, 1.13578167,\n        0.        ]])", "D_low": "array([[ 0.        ,  4.34957179, 18.5310253 , ..., 22.22415686,\n        33.17806397, 21.84290827],\n       [ 4.34957179,  0.        , 17.21799594, ..., 26.51447132,\n        35.18684694, 26.09316302],\n       [18.5310253 , 17.21799594,  0.        , ..., 36.10278059,\n        25.03479751, 36.24592304],\n       ...,\n       [22.22415686, 26.51447132, 36.10278059, ...,  0.        ,\n        35.22988261,  1.2425207 ],\n       [33.17806397, 35.18684694, 25.03479751, ..., 35.22988261,\n         0.        , 36.14428706],\n       [21.84290827, 26.09316302, 36.24592304, ...,  1.2425207 ,\n        36.14428706,  0.        ]])"}}