{"duration": 0.002057313919067383, "input_args": {"D_high": "array([[0.        , 1.27279221, 1.55563492, 0.87749644, 1.64316767,\n        3.48425028, 3.98748041, 3.39705755, 3.78549865, 4.09145451,\n        3.68781778, 3.48998567, 3.54259792, 3.04959014, 3.08868904,\n        3.18433667, 3.33916157, 4.93254498, 5.45985348, 4.46989933],\n       [1.27279221, 0.        , 0.52915026, 0.59160798, 0.66332496,\n        3.24653662, 3.81051178, 2.74954542, 3.4568772 , 3.64965752,\n        3.27719392, 3.23109888, 3.13209195, 2.48596058, 2.596151  ,\n        2.6       , 2.96141858, 4.66368953, 5.27730992, 4.23083916],\n       [1.55563492, 0.52915026, 0.        , 0.74161985, 0.34641016,\n        3.63593179, 4.18568991, 3.01330383, 3.8457769 , 3.97994975,\n        3.60277671, 3.60555128, 3.49428104, 2.81780056, 2.94957624,\n        2.9189039 , 3.318132  , 5.04678115, 5.63293884, 4.64112055],\n       [0.87749644, 0.59160798, 0.74161985, 0.        , 0.80622577,\n        3.48568501, 4.0385641 , 3.12569992, 3.71483512, 3.96358424,\n        3.55105618, 3.48855271, 3.42344855, 2.82665881, 2.88963666,\n        2.94788059, 3.24345495, 4.92341345, 5.50454358, 4.48887514],\n       [1.64316767, 0.66332496, 0.34641016, 0.80622577, 0.        ,\n        3.81313519, 4.38634244, 3.21869539, 3.97617907, 4.16173041,\n        3.78153408, 3.80525952, 3.65376518, 2.98998328, 3.08868904,\n        3.09192497, 3.50285598, 5.19711458, 5.82666285, 4.78121324],\n       [3.48425028, 3.24653662, 3.63593179, 3.48568501, 3.81313519,\n        0.        , 0.64807407, 1.28840987, 0.65574385, 0.81240384,\n        0.6164414 , 0.31622777, 0.5       , 1.02956301, 0.93808315,\n        1.02956301, 0.45825757, 1.49331845, 2.05669638, 1.13137085],\n       [3.98748041, 3.81051178, 4.18568991, 4.0385641 , 4.38634244,\n        0.64807407, 0.        , 1.63707055, 1.05356538, 0.84852814,\n        0.92736185, 0.6       , 1.00498756, 1.56843871, 1.54272486,\n        1.53622915, 0.96436508, 1.21243557, 1.5       , 1.02956301],\n       [3.39705755, 2.74954542, 3.01330383, 3.12569992, 3.21869539,\n        1.28840987, 1.63707055, 0.        , 1.5132746 , 1.11355287,\n        0.9486833 , 1.14891253, 0.99498744, 0.58309519, 0.9486833 ,\n        0.48989795, 0.84261498, 2.36008474, 2.84780617, 2.13072758],\n       [3.78549865, 3.4568772 , 3.8457769 , 3.71483512, 3.97617907,\n        0.65574385, 1.05356538, 1.5132746 , 0.        , 0.8660254 ,\n        0.75498344, 0.92195445, 0.52915026, 1.19582607, 0.93273791,\n        1.17046999, 0.82462113, 1.2489996 , 2.07364414, 0.8660254 ],\n       [4.09145451, 3.64965752, 3.97994975, 3.96358424, 4.16173041,\n        0.81240384, 0.84852814, 1.11355287, 0.8660254 , 0.        ,\n        0.50990195, 0.77459667, 0.64031242, 1.17473401, 1.19163753,\n        1.07703296, 0.75498344, 1.26095202, 1.79164729, 1.14017543],\n       [3.68781778, 3.27719392, 3.60277671, 3.55105618, 3.78153408,\n        0.6164414 , 0.92736185, 0.9486833 , 0.75498344, 0.50990195,\n        0.        , 0.64807407, 0.38729833, 0.86023253, 0.81240384,\n        0.78740079, 0.43588989, 1.55241747, 2.0904545 , 1.34907376],\n       [3.48998567, 3.23109888, 3.60555128, 3.48855271, 3.80525952,\n        0.31622777, 0.6       , 1.14891253, 0.92195445, 0.77459667,\n        0.64807407, 0.        , 0.6244998 , 1.00995049, 1.04880885,\n        1.        , 0.43588989, 1.61554944, 2.06639783, 1.30384048],\n       [3.54259792, 3.13209195, 3.49428104, 3.42344855, 3.65376518,\n        0.5       , 1.00498756, 0.99498744, 0.52915026, 0.64031242,\n        0.38729833, 0.6244998 , 0.        , 0.72801099, 0.60827625,\n        0.68556546, 0.34641016, 1.56204994, 2.24053565, 1.23693169],\n       [3.04959014, 2.48596058, 2.81780056, 2.82665881, 2.98998328,\n        1.02956301, 1.56843871, 0.58309519, 1.19582607, 1.17473401,\n        0.86023253, 1.00995049, 0.72801099, 0.        , 0.42426407,\n        0.14142136, 0.60827625, 2.27815715, 2.9       , 1.94422221],\n       [3.08868904, 2.596151  , 2.94957624, 2.88963666, 3.08868904,\n        0.93808315, 1.54272486, 0.9486833 , 0.93273791, 1.19163753,\n        0.81240384, 1.04880885, 0.60827625, 0.42426407, 0.        ,\n        0.46904158, 0.64031242, 2.12367606, 2.82665881, 1.76635217],\n       [3.18433667, 2.6       , 2.9189039 , 2.94788059, 3.09192497,\n        1.02956301, 1.53622915, 0.48989795, 1.17046999, 1.07703296,\n        0.78740079, 1.        , 0.68556546, 0.14142136, 0.46904158,\n        0.        , 0.59160798, 2.21133444, 2.82665881, 1.90262976],\n       [3.33916157, 2.96141858, 3.318132  , 3.24345495, 3.50285598,\n        0.45825757, 0.96436508, 0.84261498, 0.82462113, 0.75498344,\n        0.43588989, 0.43588989, 0.34641016, 0.60827625, 0.64031242,\n        0.59160798, 0.        , 1.77763888, 2.33666429, 1.45945195],\n       [4.93254498, 4.66368953, 5.04678115, 4.92341345, 5.19711458,\n        1.49331845, 1.21243557, 2.36008474, 1.2489996 , 1.26095202,\n        1.55241747, 1.61554944, 1.56204994, 2.27815715, 2.12367606,\n        2.21133444, 1.77763888, 0.        , 1.02956301, 0.55677644],\n       [5.45985348, 5.27730992, 5.63293884, 5.50454358, 5.82666285,\n        2.05669638, 1.5       , 2.84780617, 2.07364414, 1.79164729,\n        2.0904545 , 2.06639783, 2.24053565, 2.9       , 2.82665881,\n        2.82665881, 2.33666429, 1.02956301, 0.        , 1.46628783],\n       [4.46989933, 4.23083916, 4.64112055, 4.48887514, 4.78121324,\n        1.13137085, 1.02956301, 2.13072758, 0.8660254 , 1.14017543,\n        1.34907376, 1.30384048, 1.23693169, 1.94422221, 1.76635217,\n        1.90262976, 1.45945195, 0.55677644, 1.46628783, 0.        ]])", "D_low": "array([[ 0.        ,  3.93345509,  4.90215867,  2.27713627,  4.76560273,\n         5.99877278,  6.65057431, 11.27921601,  8.48222086, 11.14872978,\n         7.86767621,  5.55168729,  7.50812852,  9.88696339, 10.05987925,\n         9.66574871,  7.26171181,  6.27860777,  9.94255625,  4.62626559],\n       [ 3.93345509,  0.        ,  8.08429431,  1.94802523,  7.90885184,\n         9.5009483 , 10.55048047, 14.1291367 , 11.04033434, 12.93906084,\n        11.08096533,  9.37059347, 10.70936825, 13.01181305, 13.43021782,\n        12.821128  , 10.49976811,  6.95230553,  9.66862444,  5.26647049],\n       [ 4.90215867,  8.08429431,  0.        ,  6.1410571 ,  0.1895116 ,\n         7.24014196,  5.75164222, 12.90795844, 10.95539227, 14.21947477,\n         9.32078266,  5.71950617,  9.06667017, 11.16987421, 10.74468852,\n        10.91741301,  8.79830402, 10.68664661, 14.4919765 ,  9.25455055],\n       [ 2.27713627,  1.94802523,  6.1410571 ,  0.        ,  5.96716511,\n         8.21987675,  8.90041677, 13.29410433, 10.34804573, 12.68122078,\n        10.00258158,  7.82816762,  9.63590979, 12.00126754, 12.25868565,\n        11.79014156,  9.40137004,  7.11329082, 10.36401721,  5.33776354],\n       [ 4.76560273,  7.90885184,  0.1895116 ,  5.96716511,  0.        ,\n         7.27014896,  5.84847442, 12.9520577 , 10.96019986, 14.20798475,\n         9.35780273,  5.77332737,  9.09825557, 11.22150706, 10.81655427,\n        10.96926658,  8.82910769, 10.60060474, 14.40117334,  9.1513023 ],\n       [ 5.99877278,  9.5009483 ,  7.24014196,  8.21987675,  7.27014896,\n         0.        ,  2.83492688,  5.72244653,  3.88957797,  7.30632986,\n         2.1071341 ,  1.72309508,  1.82872275,  4.07907964,  4.0678615 ,\n         3.83551039,  1.55903905,  6.41536339,  9.77621164,  6.18746764],\n       [ 6.65057431, 10.55048047,  5.75164222,  8.90041677,  5.84847442,\n         2.83492688,  0.        ,  7.58975681,  6.54511239,  9.96559708,\n         4.32646838,  1.43097215,  4.22630052,  5.78731123,  5.11507007,\n         5.5403164 ,  4.01430086,  9.00047618, 12.52740617,  8.43218198],\n       [11.27921601, 14.1291367 , 12.90795844, 13.29410433, 12.9520577 ,\n         5.72244653,  7.58975681,  0.        ,  3.17562761,  4.19305149,\n         3.61534868,  7.19856449,  3.91637965,  1.80343767,  2.81487882,\n         2.04944219,  4.18676127,  8.42872217,  9.93134111,  9.3788561 ],\n       [ 8.48222086, 11.04033434, 10.95539227, 10.34804573, 10.96019986,\n         3.88957797,  6.54511239,  3.17562761,  0.        ,  3.42840409,\n         2.36922859,  5.61063331,  2.35006452,  2.77828378,  3.93392337,\n         2.74989581,  2.53596188,  5.31784564,  7.40398584,  6.20341502],\n       [11.14872978, 12.93906084, 14.21947477, 12.68122078, 14.20798475,\n         7.30632986,  9.96559708,  4.19305149,  3.42840409,  0.        ,\n         5.70087012,  9.02940409,  5.7463327 ,  5.19325531,  6.49962346,\n         5.3177921 ,  5.95132035,  6.15597033,  6.24482613,  7.68811361],\n       [ 7.86767621, 11.08096533,  9.32078266, 10.00258158,  9.35780273,\n         2.1071341 ,  4.32646838,  3.61534868,  2.36922859,  5.70087012,\n         0.        ,  3.6549087 ,  0.37160357,  2.02588203,  2.40641516,\n         1.79883881,  0.60643989,  6.66467454,  9.42852316,  6.98865795],\n       [ 5.55168729,  9.37059347,  5.71950617,  7.82816762,  5.77332737,\n         1.72309508,  1.43097215,  7.19856449,  5.61063331,  9.02940409,\n         3.6549087 ,  0.        ,  3.44791273,  5.45047774,  5.09683234,\n         5.1979723 ,  3.19316966,  7.58818958, 11.16211716,  7.00295119],\n       [ 7.50812852, 10.70936825,  9.06667017,  9.63590979,  9.09825557,\n         1.82872275,  4.22630052,  3.91637965,  2.35006452,  5.7463327 ,\n         0.37160357,  3.44791273,  0.        ,  2.37945475,  2.76915804,\n         2.15826556,  0.27136362,  6.36809114,  9.22158765,  6.64400768],\n       [ 9.88696339, 13.01181305, 11.16987421, 12.00126754, 11.22150706,\n         4.07907964,  5.78731123,  1.80343767,  2.77828378,  5.19325531,\n         2.02588203,  5.45047774,  2.37945475,  0.        ,  1.30844344,\n         0.25271492,  2.63167995,  7.98735486, 10.15320366,  8.62343254],\n       [10.05987925, 13.43021782, 10.74468852, 12.25868565, 10.81655427,\n         4.0678615 ,  5.11507007,  2.81487882,  3.93392337,  6.49962346,\n         2.40641516,  5.09683234,  2.76915804,  1.30844344,  0.        ,\n         1.2245259 ,  2.94753922,  8.93414571, 11.33757381,  9.37800027],\n       [ 9.66574871, 12.821128  , 10.91741301, 11.79014156, 10.96926658,\n         3.83551039,  5.5403164 ,  2.04944219,  2.74989581,  5.3177921 ,\n         1.79883881,  5.1979723 ,  2.15826556,  0.25271492,  1.2245259 ,\n         0.        ,  2.40527136,  7.8957918 , 10.14765226,  8.48636832],\n       [ 7.26171181, 10.49976811,  8.79830402,  9.40137004,  8.82910769,\n         1.55903905,  4.01430086,  4.18676127,  2.53596188,  5.95132035,\n         0.60643989,  3.19316966,  0.27136362,  2.63167995,  2.94753922,\n         2.40527136,  0.        ,  6.31424859,  9.25588468,  6.52041572],\n       [ 6.27860777,  6.95230553, 10.68664661,  7.11329082, 10.60060474,\n         6.41536339,  9.00047618,  8.42872217,  5.31784564,  6.15597033,\n         6.66467454,  7.58818958,  6.36809114,  7.98735486,  8.93414571,\n         7.8957918 ,  6.31424859,  0.        ,  3.81931364,  1.77552771],\n       [ 9.94255625,  9.66862444, 14.4919765 , 10.36401721, 14.40117334,\n         9.77621164, 12.52740617,  9.93134111,  7.40398584,  6.24482613,\n         9.42852316, 11.16211716,  9.22158765, 10.15320366, 11.33757381,\n        10.14765226,  9.25588468,  3.81931364,  0.        ,  5.3173887 ],\n       [ 4.62626559,  5.26647049,  9.25455055,  5.33776354,  9.1513023 ,\n         6.18746764,  8.43218198,  9.3788561 ,  6.20341502,  7.68811361,\n         6.98865795,  7.00295119,  6.64400768,  8.62343254,  9.37800027,\n         8.48636832,  6.52041572,  1.77552771,  5.3173887 ,  0.        ]])"}}