{"duration": 0.004613161087036133, "input_args": {"D_high": "array([[  0.        ,  99.03767478, 222.48737404, ...,  68.05106924,\n         70.4634419 ,  60.21040362],\n       [ 99.03767478,   0.        , 164.71032149, ...,  64.29096437,\n         79.46048483,  91.05102311],\n       [222.48737404, 164.71032149,   0.        , ..., 171.03618466,\n        234.92428202, 228.54251158],\n       ...,\n       [ 68.05106924,  64.29096437, 171.03618466, ...,   0.        ,\n         81.67068317,  66.23426945],\n       [ 70.4634419 ,  79.46048483, 234.92428202, ...,  81.67068317,\n          0.        ,  43.77778089],\n       [ 60.21040362,  91.05102311, 228.54251158, ...,  66.23426945,\n         43.77778089,   0.        ]])", "D_low": "array([[ 0.        ,  9.29055897, 17.12250009, ...,  8.32794753,\n         5.42014012, 12.02289234],\n       [ 9.29055897,  0.        , 13.39281416, ...,  1.12572467,\n         8.31892415,  5.49814546],\n       [17.12250009, 13.39281416,  0.        , ..., 12.99368004,\n        11.86018041, 18.59834178],\n       ...,\n       [ 8.32794753,  1.12572467, 12.99368004, ...,  0.        ,\n         7.20016033,  6.34776873],\n       [ 5.42014012,  8.31892415, 11.86018041, ...,  7.20016033,\n         0.        , 13.06693257],\n       [12.02289234,  5.49814546, 18.59834178, ...,  6.34776873,\n        13.06693257,  0.        ]])"}}