{"duration": 0.0021657943725585938, "input_args": {"D_high": "array([[0.        , 0.5       , 0.2       , ..., 4.22018957, 4.45757782,\n        4.10609303],\n       [0.5       , 0.        , 0.55677644, ..., 4.23792402, 4.42040722,\n        4.1024383 ],\n       [0.2       , 0.55677644, 0.        , ..., 4.0484565 , 4.29534632,\n        3.95221457],\n       ...,\n       [4.22018957, 4.23792402, 4.0484565 , ..., 0.        , 0.58309519,\n        0.65574385],\n       [4.45757782, 4.42040722, 4.29534632, ..., 0.58309519, 0.        ,\n        0.64031242],\n       [4.10609303, 4.1024383 , 3.95221457, ..., 0.65574385, 0.64031242,\n        0.        ]])", "D_low": "array([[0.        , 0.57969339, 6.25787487, ..., 5.27243159, 6.0261544 ,\n        5.6070721 ],\n       [0.57969339, 0.        , 6.08855673, ..., 4.82376223, 5.55510143,\n        5.13217577],\n       [6.25787487, 6.08855673, 0.        , ..., 3.42793794, 3.84810912,\n        3.83477511],\n       ...,\n       [5.27243159, 4.82376223, 3.42793794, ..., 0.        , 0.81822741,\n        0.50537219],\n       [6.0261544 , 5.55510143, 3.84810912, ..., 0.81822741, 0.        ,\n        0.42601202],\n       [5.6070721 , 5.13217577, 3.83477511, ..., 0.50537219, 0.42601202,\n        0.        ]])"}}