{"duration": 0.0062830448150634766, "input_args": {"D_high": "array([[  0.        ,  77.93464827, 115.40589995, ..., 101.71684227,\n        201.12626702,  59.67790051],\n       [ 77.93464827,   0.        ,  83.43747073, ...,  38.98205746,\n        183.93333012,  21.17286036],\n       [115.40589995,  83.43747073,   0.        , ...,  68.4928943 ,\n        207.62569195,  85.47655366],\n       ...,\n       [101.71684227,  38.98205746,  68.4928943 , ...,   0.        ,\n        189.87669905,  46.59966957],\n       [201.12626702, 183.93333012, 207.62569195, ..., 189.87669905,\n          0.        , 186.26121056],\n       [ 59.67790051,  21.17286036,  85.47655366, ...,  46.59966957,\n        186.26121056,   0.        ]])", "D_low": "array([[ 0.        , 12.57903257,  9.91948141, ..., 23.33430831,\n        16.90679098,  9.06790906],\n       [12.57903257,  0.        , 22.2290167 , ..., 16.16794059,\n        17.99556044,  7.32051887],\n       [ 9.91948141, 22.2290167 ,  0.        , ..., 32.67748087,\n        19.38256274, 17.00535134],\n       ...,\n       [23.33430831, 16.16794059, 32.67748087, ...,  0.        ,\n        34.08440866, 22.93893389],\n       [16.90679098, 17.99556044, 19.38256274, ..., 34.08440866,\n         0.        , 11.32983533],\n       [ 9.06790906,  7.32051887, 17.00535134, ..., 22.93893389,\n        11.32983533,  0.        ]])"}}