{"duration": 0.10180401802062988, "input_args": {"D_high": "array([[  0.        ,  66.90348403,  54.29633528, ..., 117.7833007 ,\n         43.58127217,  61.71982942],\n       [ 66.90348403,   0.        , 102.51825711, ..., 118.02190998,\n         53.16248681,  12.74524602],\n       [ 54.29633528, 102.51825711,   0.        , ..., 130.39398885,\n         59.87774486,  96.3199743 ],\n       ...,\n       [117.7833007 , 118.02190998, 130.39398885, ...,   0.        ,\n        116.45694834, 116.0975663 ],\n       [ 43.58127217,  53.16248681,  59.87774486, ..., 116.45694834,\n          0.        ,  52.21198288],\n       [ 61.71982942,  12.74524602,  96.3199743 , ..., 116.0975663 ,\n         52.21198288,   0.        ]])", "D_low": "array([[ 0.        , 16.14652779,  3.14228209, ..., 26.36891419,\n        12.88817096, 15.85209937],\n       [16.14652779,  0.        , 15.17217363, ..., 18.57791215,\n        10.00923191,  0.29568397],\n       [ 3.14228209, 15.17217363,  0.        , ..., 27.63662474,\n        10.22876569, 14.87799062],\n       ...,\n       [26.36891419, 18.57791215, 27.63662474, ...,  0.        ,\n        27.78868688, 18.65070382],\n       [12.88817096, 10.00923191, 10.22876569, ..., 27.78868688,\n         0.        ,  9.81269925],\n       [15.85209937,  0.29568397, 14.87799062, ..., 18.65070382,\n         9.81269925,  0.        ]])"}}