{"duration": 0.034455060958862305, "input_args": {"D_high": "array([[  0.        ,  66.90348403,  54.29633528, ..., 117.7833007 ,\n         43.58127217,  61.71982942],\n       [ 66.90348403,   0.        , 102.51825711, ..., 118.02190998,\n         53.16248681,  12.74524602],\n       [ 54.29633528, 102.51825711,   0.        , ..., 130.39398885,\n         59.87774486,  96.3199743 ],\n       ...,\n       [117.7833007 , 118.02190998, 130.39398885, ...,   0.        ,\n        116.45694834, 116.0975663 ],\n       [ 43.58127217,  53.16248681,  59.87774486, ..., 116.45694834,\n          0.        ,  52.21198288],\n       [ 61.71982942,  12.74524602,  96.3199743 , ..., 116.0975663 ,\n         52.21198288,   0.        ]])", "D_low": "array([[ 0.        ,  8.86387112,  9.19744307, ..., 25.14734332,\n        12.02622074,  8.66197328],\n       [ 8.86387112,  0.        ,  6.91225199, ..., 16.88992994,\n         5.91478281,  1.35694562],\n       [ 9.19744307,  6.91225199,  0.        , ..., 22.39390866,\n         4.19526063,  8.08583966],\n       ...,\n       [25.14734332, 16.88992994, 22.39390866, ...,  0.        ,\n        18.749136  , 16.6297319 ],\n       [12.02622074,  5.91478281,  4.19526063, ..., 18.749136  ,\n         0.        ,  7.26859554],\n       [ 8.66197328,  1.35694562,  8.08583966, ..., 16.6297319 ,\n         7.26859554,  0.        ]])"}}