{"duration": 0.002889871597290039, "input_args": {"D_high": "array([[0.        , 0.58309519, 1.47986486, 3.25115364, 3.77756535,\n        3.52987252, 3.29393382, 3.21403174, 3.18433667, 2.54754784,\n        2.97657521, 4.70956474, 4.29068759],\n       [0.58309519, 0.        , 1.3       , 3.70540146, 4.2626283 ,\n        3.92428337, 3.75099987, 3.69188299, 3.61109402, 2.97489496,\n        3.43511281, 5.13419906, 4.69574275],\n       [1.47986486, 1.3       , 0.        , 4.01248053, 4.5607017 ,\n        4.15571895, 3.89615195, 3.96484552, 3.78021163, 3.06920185,\n        3.64005494, 5.3244718 , 4.94165964],\n       [3.25115364, 3.70540146, 4.01248053, 0.        , 0.64807407,\n        0.65574385, 0.6164414 , 0.31622777, 0.5       , 1.02956301,\n        0.45825757, 1.49331845, 1.13137085],\n       [3.77756535, 4.2626283 , 4.5607017 , 0.64807407, 0.        ,\n        1.05356538, 0.92736185, 0.6       , 1.00498756, 1.56843871,\n        0.96436508, 1.21243557, 1.02956301],\n       [3.52987252, 3.92428337, 4.15571895, 0.65574385, 1.05356538,\n        0.        , 0.75498344, 0.92195445, 0.52915026, 1.19582607,\n        0.82462113, 1.2489996 , 0.8660254 ],\n       [3.29393382, 3.75099987, 3.89615195, 0.6164414 , 0.92736185,\n        0.75498344, 0.        , 0.64807407, 0.38729833, 0.86023253,\n        0.43588989, 1.55241747, 1.34907376],\n       [3.21403174, 3.69188299, 3.96484552, 0.31622777, 0.6       ,\n        0.92195445, 0.64807407, 0.        , 0.6244998 , 1.00995049,\n        0.43588989, 1.61554944, 1.30384048],\n       [3.18433667, 3.61109402, 3.78021163, 0.5       , 1.00498756,\n        0.52915026, 0.38729833, 0.6244998 , 0.        , 0.72801099,\n        0.34641016, 1.56204994, 1.23693169],\n       [2.54754784, 2.97489496, 3.06920185, 1.02956301, 1.56843871,\n        1.19582607, 0.86023253, 1.00995049, 0.72801099, 0.        ,\n        0.60827625, 2.27815715, 1.94422221],\n       [2.97657521, 3.43511281, 3.64005494, 0.45825757, 0.96436508,\n        0.82462113, 0.43588989, 0.43588989, 0.34641016, 0.60827625,\n        0.        , 1.77763888, 1.45945195],\n       [4.70956474, 5.13419906, 5.3244718 , 1.49331845, 1.21243557,\n        1.2489996 , 1.55241747, 1.61554944, 1.56204994, 2.27815715,\n        1.77763888, 0.        , 0.55677644],\n       [4.29068759, 4.69574275, 4.94165964, 1.13137085, 1.02956301,\n        0.8660254 , 1.34907376, 1.30384048, 1.23693169, 1.94422221,\n        1.45945195, 0.55677644, 0.        ]])", "D_low": "array([[ 0.        ,  3.46480158,  3.82517566,  9.0104678 ,  9.36157774,\n        20.34075565, 11.50963763,  7.57624745, 10.67047941, 10.95989858,\n         7.3423701 , 20.20000342, 21.02871593],\n       [ 3.46480158,  0.        ,  4.98408493,  9.79400195, 11.29011738,\n        23.79332959, 14.97035503,  9.10805253, 14.10349793, 13.92301123,\n        10.63251499, 23.55747903, 24.08290407],\n       [ 3.82517566,  4.98408493,  0.        , 12.8348653 , 12.99620352,\n        20.61025052, 12.56673829, 11.35398676, 12.10807484, 13.71520485,\n         9.65243905, 19.79013172, 19.62625324],\n       [ 9.0104678 ,  9.79400195, 12.8348653 ,  0.        ,  3.66200924,\n        22.63237607, 13.89739186,  2.29561399, 12.52612922,  8.90670535,\n         8.94244794, 23.89285318, 26.46296732],\n       [ 9.36157774, 11.29011738, 12.99620352,  3.66200924,  0.        ,\n        19.23417779, 10.81907517,  2.35256864,  9.42437034,  5.31294677,\n         6.33784664, 20.74722389, 23.74260269],\n       [20.34075565, 23.79332959, 20.61025052, 22.63237607, 19.23417779,\n         0.        ,  9.10989198, 20.4681521 , 10.32837337, 14.02036103,\n        14.22301355,  3.62647132,  9.02222697],\n       [11.50963763, 14.97035503, 12.56673829, 13.89739186, 10.81907517,\n         9.10989198,  0.        , 11.64449702,  1.39483484,  6.30257854,\n         5.1499802 ,  9.99546376, 13.07839198],\n       [ 7.57624745,  9.10805253, 11.35398676,  2.29561399,  2.35256864,\n        20.4681521 , 11.64449702,  0.        , 10.28419737,  7.01434156,\n         6.65079288, 21.63655808, 24.16755674],\n       [10.67047941, 14.10349793, 12.10807484, 12.52612922,  9.42437034,\n        10.32837337,  1.39483484, 10.28419737,  0.        ,  5.00217707,\n         3.89944204, 11.37185151, 14.4438814 ],\n       [10.95989858, 13.92301123, 13.71520485,  8.90670535,  5.31294677,\n        14.02036103,  6.30257854,  7.01434156,  5.00217707,  0.        ,\n         4.18854866, 15.81492142, 19.35447855],\n       [ 7.3423701 , 10.63251499,  9.65243905,  8.94244794,  6.33784664,\n        14.22301355,  5.1499802 ,  6.65079288,  3.89944204,  4.18854866,\n         0.        , 15.06261356, 17.54760723],\n       [20.20000342, 23.55747903, 19.79013172, 23.89285318, 20.74722389,\n         3.62647132,  9.99546376, 21.63655808, 11.37185151, 15.81492142,\n        15.06261356,  0.        ,  5.39658792],\n       [21.02871593, 24.08290407, 19.62625324, 26.46296732, 23.74260269,\n         9.02222697, 13.07839198, 24.16755674, 14.4438814 , 19.35447855,\n        17.54760723,  5.39658792,  0.        ]])"}}