{"duration": 0.02054905891418457, "input_args": {"D_high": "array([[  0.        ,  78.51486107,  69.20815273, ...,  69.73493016,\n         71.7084146 ,  59.3410676 ],\n       [ 78.51486107,   0.        ,  52.82187071, ..., 116.13798098,\n         25.56589605,  57.21757619],\n       [ 69.20815273,  52.82187071,   0.        , ..., 115.90542006,\n         47.68584545,  27.4294094 ],\n       ...,\n       [ 69.73493016, 116.13798098, 115.90542006, ...,   0.        ,\n        116.45694834, 116.0975663 ],\n       [ 71.7084146 ,  25.56589605,  47.68584545, ..., 116.45694834,\n          0.        ,  52.21198288],\n       [ 59.3410676 ,  57.21757619,  27.4294094 , ..., 116.0975663 ,\n         52.21198288,   0.        ]])", "D_low": "array([[ 0.        ,  9.08627209,  6.9176533 , ...,  5.64578448,\n         6.94350393,  6.37290869],\n       [ 9.08627209,  0.        , 12.16819731, ..., 12.85245959,\n         2.25928369, 12.09500302],\n       [ 6.9176533 , 12.16819731,  0.        , ..., 11.89609121,\n        10.04651232,  0.67509704],\n       ...,\n       [ 5.64578448, 12.85245959, 11.89609121, ...,  0.        ,\n        11.17359768, 11.25459901],\n       [ 6.94350393,  2.25928369, 10.04651232, ..., 11.17359768,\n         0.        ,  9.93010671],\n       [ 6.37290869, 12.09500302,  0.67509704, ..., 11.25459901,\n         9.93010671,  0.        ]])"}}