{"duration": 0.003549814224243164, "input_args": {"D_high": "array([[  0.        , 136.88299559, 144.63509711, ...,  53.53524373,\n        141.87200429, 141.91977723],\n       [136.88299559,   0.        ,  31.11839599, ..., 184.18305812,\n         45.52624475,  35.90271834],\n       [144.63509711,  31.11839599,   0.        , ..., 189.98133079,\n         39.42516501,  34.06235871],\n       ...,\n       [ 53.53524373, 184.18305812, 189.98133079, ...,   0.        ,\n        183.80014255, 184.46368641],\n       [141.87200429,  45.52624475,  39.42516501, ..., 183.80014255,\n          0.        ,  20.60302427],\n       [141.91977723,  35.90271834,  34.06235871, ..., 184.46368641,\n         20.60302427,   0.        ]])", "D_low": "array([[ 0.        , 26.26085971, 23.95897124, ...,  6.1063662 ,\n        25.40901317, 25.77255983],\n       [26.26085971,  0.        ,  2.56239725, ..., 25.23493899,\n        12.90565781, 11.31989438],\n       [23.95897124,  2.56239725,  0.        , ..., 23.27623296,\n        13.4478303 , 12.02567141],\n       ...,\n       [ 6.1063662 , 25.23493899, 23.27623296, ...,  0.        ,\n        21.51200857, 22.20925242],\n       [25.40901317, 12.90565781, 13.4478303 , ..., 21.51200857,\n         0.        ,  1.71784498],\n       [25.77255983, 11.31989438, 12.02567141, ..., 22.20925242,\n         1.71784498,  0.        ]])"}}