{"duration": 0.002053976058959961, "input_args": {"D_high": "array([[0.        , 0.33166248, 0.70710678, ..., 4.40227214, 4.71911009,\n        4.27317212],\n       [0.33166248, 0.        , 0.41231056, ..., 4.28835633, 4.63680925,\n        4.15331193],\n       [0.70710678, 0.41231056, 0.        , ..., 4.39317653, 4.77807493,\n        4.26380112],\n       ...,\n       [4.40227214, 4.28835633, 4.39317653, ..., 0.        , 0.57445626,\n        0.81240384],\n       [4.71911009, 4.63680925, 4.77807493, ..., 0.57445626, 0.        ,\n        1.13578167],\n       [4.27317212, 4.15331193, 4.26380112, ..., 0.81240384, 1.13578167,\n        0.        ]])", "D_low": "array([[ 0.        ,  1.9117061 ,  3.61303987, ...,  9.84330186,\n         8.01555587, 16.37511107],\n       [ 1.9117061 ,  0.        ,  2.54318232, ...,  9.56297452,\n         7.66747989, 15.84996238],\n       [ 3.61303987,  2.54318232,  0.        , ...,  7.133028  ,\n         5.23641347, 13.31784861],\n       ...,\n       [ 9.84330186,  9.56297452,  7.133028  , ...,  0.        ,\n         1.89862742,  6.63273463],\n       [ 8.01555587,  7.66747989,  5.23641347, ...,  1.89862742,\n         0.        ,  8.36807589],\n       [16.37511107, 15.84996238, 13.31784861, ...,  6.63273463,\n         8.36807589,  0.        ]])"}}