{"duration": 0.011757135391235352, "input_args": {"D_high": "array([[ 0.        , 11.87434209,  2.23606798, ...,  2.82842712,\n        16.91153453,  4.47213595],\n       [11.87434209,  0.        , 11.3137085 , ..., 12.20655562,\n        10.34408043, 12.68857754],\n       [ 2.23606798, 11.3137085 ,  0.        , ...,  2.23606798,\n        16.88194302,  3.        ],\n       ...,\n       [ 2.82842712, 12.20655562,  2.23606798, ...,  0.        ,\n        17.94435844,  2.        ],\n       [16.91153453, 10.34408043, 16.88194302, ..., 17.94435844,\n         0.        , 18.60107524],\n       [ 4.47213595, 12.68857754,  3.        , ...,  2.        ,\n        18.60107524,  0.        ]])", "D_low": "array([[ 0.        ,  3.61603487,  4.39415311, ...,  8.75322599,\n         6.87697244, 13.56941265],\n       [ 3.61603487,  0.        ,  7.14250534, ..., 11.56859662,\n         3.87688343, 16.71098128],\n       [ 4.39415311,  7.14250534,  0.        , ..., 10.44773385,\n        10.91001071,  9.59096368],\n       ...,\n       [ 8.75322599, 11.56859662, 10.44773385, ...,  0.        ,\n        12.84351808, 14.68583118],\n       [ 6.87697244,  3.87688343, 10.91001071, ..., 12.84351808,\n         0.        , 20.390177  ],\n       [13.56941265, 16.71098128,  9.59096368, ..., 14.68583118,\n        20.390177  ,  0.        ]])"}}