{"duration": 0.0024628639221191406, "input_args": {"D_high": "array([[0.        , 0.33166248, 0.70710678, ..., 4.40227214, 4.71911009,\n        4.27317212],\n       [0.33166248, 0.        , 0.41231056, ..., 4.28835633, 4.63680925,\n        4.15331193],\n       [0.70710678, 0.41231056, 0.        , ..., 4.39317653, 4.77807493,\n        4.26380112],\n       ...,\n       [4.40227214, 4.28835633, 4.39317653, ..., 0.        , 0.57445626,\n        0.81240384],\n       [4.71911009, 4.63680925, 4.77807493, ..., 0.57445626, 0.        ,\n        1.13578167],\n       [4.27317212, 4.15331193, 4.26380112, ..., 0.81240384, 1.13578167,\n        0.        ]])", "D_low": "array([[0.        , 0.01206054, 0.70278137, ..., 5.18303374, 6.33146447,\n        6.59804587],\n       [0.01206054, 0.        , 0.69094327, ..., 5.17514984, 6.32272431,\n        6.59099191],\n       [0.70278137, 0.69094327, 0.        , ..., 4.87045467, 5.95035249,\n        6.33418853],\n       ...,\n       [5.18303374, 5.17514984, 4.87045467, ..., 0.        , 1.27796705,\n        1.50535544],\n       [6.33146447, 6.32272431, 5.95035249, ..., 1.27796705, 0.        ,\n        1.22824517],\n       [6.59804587, 6.59099191, 6.33418853, ..., 1.50535544, 1.22824517,\n        0.        ]])"}}