{"duration": 0.008421897888183594, "input_args": {"D_high": "array([[0.        , 0.53851648, 0.50990195, ..., 4.45982062, 4.65080638,\n        4.14004831],\n       [0.53851648, 0.        , 0.3       , ..., 4.49888875, 4.71805044,\n        4.15331193],\n       [0.50990195, 0.3       , 0.        , ..., 4.66154481, 4.84871117,\n        4.29883705],\n       ...,\n       [4.45982062, 4.49888875, 4.66154481, ..., 0.        , 0.6164414 ,\n        0.64031242],\n       [4.65080638, 4.71805044, 4.84871117, ..., 0.6164414 , 0.        ,\n        0.76811457],\n       [4.14004831, 4.15331193, 4.29883705, ..., 0.64031242, 0.76811457,\n        0.        ]])", "D_low": "array([[ 0.        , 11.84627796,  7.12110746, ..., 24.51764856,\n        23.55471292, 23.97252811],\n       [11.84627796,  0.        ,  5.07452445, ..., 20.99278747,\n        19.17818806, 24.62981126],\n       [ 7.12110746,  5.07452445,  0.        , ..., 20.36731898,\n        18.92855509, 22.23479038],\n       ...,\n       [24.51764856, 20.99278747, 20.36731898, ...,  0.        ,\n         2.20612126,  8.51206689],\n       [23.55471292, 19.17818806, 18.92855509, ...,  2.20612126,\n         0.        , 10.25984749],\n       [23.97252811, 24.62981126, 22.23479038, ...,  8.51206689,\n        10.25984749,  0.        ]])", "k": "5"}}