{"duration": 0.0025398731231689453, "input_args": {"D_high": "array([[0.        , 0.5       , 0.2       , ..., 4.22018957, 4.45757782,\n        4.10609303],\n       [0.5       , 0.        , 0.55677644, ..., 4.23792402, 4.42040722,\n        4.1024383 ],\n       [0.2       , 0.55677644, 0.        , ..., 4.0484565 , 4.29534632,\n        3.95221457],\n       ...,\n       [4.22018957, 4.23792402, 4.0484565 , ..., 0.        , 0.58309519,\n        0.65574385],\n       [4.45757782, 4.42040722, 4.29534632, ..., 0.58309519, 0.        ,\n        0.64031242],\n       [4.10609303, 4.1024383 , 3.95221457, ..., 0.65574385, 0.64031242,\n        0.        ]])", "D_low": "array([[0.        , 1.40862852, 0.36626928, ..., 6.28506404, 6.45343359,\n        7.02046503],\n       [1.40862852, 0.        , 1.08427375, ..., 6.50029651, 6.59236857,\n        7.19596268],\n       [0.36626928, 1.08427375, 0.        , ..., 6.1602264 , 6.31016684,\n        6.88855404],\n       ...,\n       [6.28506404, 6.50029651, 6.1602264 , ..., 0.        , 0.37607966,\n        0.74457243],\n       [6.45343359, 6.59236857, 6.31016684, ..., 0.37607966, 0.        ,\n        0.61471716],\n       [7.02046503, 7.19596268, 6.88855404, ..., 0.74457243, 0.61471716,\n        0.        ]])"}}