{"duration": 0.003259897232055664, "input_args": {"D_high": "array([[  0.        ,  63.23003439,  51.6526914 , ...,  66.22284519,\n         27.80260283, 159.45199265],\n       [ 63.23003439,   0.        ,  64.14069613, ...,  27.67658187,\n         52.44791055, 160.38731457],\n       [ 51.6526914 ,  64.14069613,   0.        , ...,  62.35925404,\n         42.98609637, 123.5982541 ],\n       ...,\n       [ 66.22284519,  27.67658187,  62.35925404, ...,   0.        ,\n         54.08764636, 159.7956386 ],\n       [ 27.80260283,  52.44791055,  42.98609637, ...,  54.08764636,\n          0.        , 157.90239317],\n       [159.45199265, 160.38731457, 123.5982541 , ..., 159.7956386 ,\n        157.90239317,   0.        ]])", "D_low": "array([[ 0.        ,  8.00328343, 13.34635971, ...,  6.78354262,\n         1.43474323,  5.34585818],\n       [ 8.00328343,  0.        , 10.31599453, ...,  1.9977188 ,\n         6.84535813, 11.16754077],\n       [13.34635971, 10.31599453,  0.        , ..., 11.89843935,\n        11.98584206, 11.77131186],\n       ...,\n       [ 6.78354262,  1.9977188 , 11.89843935, ...,  0.        ,\n         5.86503661, 10.74779691],\n       [ 1.43474323,  6.84535813, 11.98584206, ...,  5.86503661,\n         0.        ,  5.26357554],\n       [ 5.34585818, 11.16754077, 11.77131186, ..., 10.74779691,\n         5.26357554,  0.        ]])"}}