{"duration": 0.03851485252380371, "input_args": {"D_high": "array([[  0.        ,  77.93464827, 115.40589995, ..., 128.91608086,\n         71.42824327,  88.2669252 ],\n       [ 77.93464827,   0.        ,  83.43747073, ..., 114.70143766,\n         44.29446946,  17.10820975],\n       [115.40589995,  83.43747073,   0.        , ..., 138.70632141,\n         74.24292516,  83.46352557],\n       ...,\n       [128.91608086, 114.70143766, 138.70632141, ...,   0.        ,\n        116.45694834, 116.0975663 ],\n       [ 71.42824327,  44.29446946,  74.24292516, ..., 116.45694834,\n          0.        ,  52.21198288],\n       [ 88.2669252 ,  17.10820975,  83.46352557, ..., 116.0975663 ,\n         52.21198288,   0.        ]])", "D_low": "array([[ 0.        , 13.51686581, 26.74573359, ..., 18.83721033,\n         7.00224552, 13.58318532],\n       [13.51686581,  0.        , 28.63637696, ..., 14.13272452,\n        11.04185838,  0.11115569],\n       [26.74573359, 28.63637696,  0.        , ..., 15.76270615,\n        20.91923338, 28.57801537],\n       ...,\n       [18.83721033, 14.13272452, 15.76270615, ...,  0.        ,\n        11.89786533, 14.04849189],\n       [ 7.00224552, 11.04185838, 20.91923338, ..., 11.89786533,\n         0.        , 11.05275748],\n       [13.58318532,  0.11115569, 28.57801537, ..., 14.04849189,\n        11.05275748,  0.        ]])"}}