{"duration": 0.008708000183105469, "input_args": {"D_high": "array([[  0.        ,  63.23003439,  51.6526914 , ...,  66.22284519,\n         27.80260283, 159.45199265],\n       [ 63.23003439,   0.        ,  64.14069613, ...,  27.67658187,\n         52.44791055, 160.38731457],\n       [ 51.6526914 ,  64.14069613,   0.        , ...,  62.35925404,\n         42.98609637, 123.5982541 ],\n       ...,\n       [ 66.22284519,  27.67658187,  62.35925404, ...,   0.        ,\n         54.08764636, 159.7956386 ],\n       [ 27.80260283,  52.44791055,  42.98609637, ...,  54.08764636,\n          0.        , 157.90239317],\n       [159.45199265, 160.38731457, 123.5982541 , ..., 159.7956386 ,\n        157.90239317,   0.        ]])", "D_low": "array([[ 0.        , 16.59062028,  5.54762643, ..., 13.60649041,\n         4.09258137, 12.74464947],\n       [16.59062028,  0.        , 19.24657554, ...,  6.7666519 ,\n        14.54538816, 28.89058331],\n       [ 5.54762643, 19.24657554,  0.        , ..., 17.89984848,\n         4.76035052, 13.87069213],\n       ...,\n       [13.60649041,  6.7666519 , 17.89984848, ...,  0.        ,\n        13.2979349 , 24.47950781],\n       [ 4.09258137, 14.54538816,  4.76035052, ..., 13.2979349 ,\n         0.        , 16.31368003],\n       [12.74464947, 28.89058331, 13.87069213, ..., 24.47950781,\n        16.31368003,  0.        ]])"}}