{"duration": 0.0028209686279296875, "input_args": {"D_high": "array([[0.        , 1.27279221, 1.55563492, 0.87749644, 1.64316767,\n        3.48425028, 3.98748041, 3.39705755, 3.78549865, 4.09145451,\n        3.68781778, 3.48998567, 3.54259792, 3.04959014, 3.08868904,\n        3.18433667, 3.33916157, 4.93254498, 5.45985348, 4.46989933],\n       [1.27279221, 0.        , 0.52915026, 0.59160798, 0.66332496,\n        3.24653662, 3.81051178, 2.74954542, 3.4568772 , 3.64965752,\n        3.27719392, 3.23109888, 3.13209195, 2.48596058, 2.596151  ,\n        2.6       , 2.96141858, 4.66368953, 5.27730992, 4.23083916],\n       [1.55563492, 0.52915026, 0.        , 0.74161985, 0.34641016,\n        3.63593179, 4.18568991, 3.01330383, 3.8457769 , 3.97994975,\n        3.60277671, 3.60555128, 3.49428104, 2.81780056, 2.94957624,\n        2.9189039 , 3.318132  , 5.04678115, 5.63293884, 4.64112055],\n       [0.87749644, 0.59160798, 0.74161985, 0.        , 0.80622577,\n        3.48568501, 4.0385641 , 3.12569992, 3.71483512, 3.96358424,\n        3.55105618, 3.48855271, 3.42344855, 2.82665881, 2.88963666,\n        2.94788059, 3.24345495, 4.92341345, 5.50454358, 4.48887514],\n       [1.64316767, 0.66332496, 0.34641016, 0.80622577, 0.        ,\n        3.81313519, 4.38634244, 3.21869539, 3.97617907, 4.16173041,\n        3.78153408, 3.80525952, 3.65376518, 2.98998328, 3.08868904,\n        3.09192497, 3.50285598, 5.19711458, 5.82666285, 4.78121324],\n       [3.48425028, 3.24653662, 3.63593179, 3.48568501, 3.81313519,\n        0.        , 0.64807407, 1.28840987, 0.65574385, 0.81240384,\n        0.6164414 , 0.31622777, 0.5       , 1.02956301, 0.93808315,\n        1.02956301, 0.45825757, 1.49331845, 2.05669638, 1.13137085],\n       [3.98748041, 3.81051178, 4.18568991, 4.0385641 , 4.38634244,\n        0.64807407, 0.        , 1.63707055, 1.05356538, 0.84852814,\n        0.92736185, 0.6       , 1.00498756, 1.56843871, 1.54272486,\n        1.53622915, 0.96436508, 1.21243557, 1.5       , 1.02956301],\n       [3.39705755, 2.74954542, 3.01330383, 3.12569992, 3.21869539,\n        1.28840987, 1.63707055, 0.        , 1.5132746 , 1.11355287,\n        0.9486833 , 1.14891253, 0.99498744, 0.58309519, 0.9486833 ,\n        0.48989795, 0.84261498, 2.36008474, 2.84780617, 2.13072758],\n       [3.78549865, 3.4568772 , 3.8457769 , 3.71483512, 3.97617907,\n        0.65574385, 1.05356538, 1.5132746 , 0.        , 0.8660254 ,\n        0.75498344, 0.92195445, 0.52915026, 1.19582607, 0.93273791,\n        1.17046999, 0.82462113, 1.2489996 , 2.07364414, 0.8660254 ],\n       [4.09145451, 3.64965752, 3.97994975, 3.96358424, 4.16173041,\n        0.81240384, 0.84852814, 1.11355287, 0.8660254 , 0.        ,\n        0.50990195, 0.77459667, 0.64031242, 1.17473401, 1.19163753,\n        1.07703296, 0.75498344, 1.26095202, 1.79164729, 1.14017543],\n       [3.68781778, 3.27719392, 3.60277671, 3.55105618, 3.78153408,\n        0.6164414 , 0.92736185, 0.9486833 , 0.75498344, 0.50990195,\n        0.        , 0.64807407, 0.38729833, 0.86023253, 0.81240384,\n        0.78740079, 0.43588989, 1.55241747, 2.0904545 , 1.34907376],\n       [3.48998567, 3.23109888, 3.60555128, 3.48855271, 3.80525952,\n        0.31622777, 0.6       , 1.14891253, 0.92195445, 0.77459667,\n        0.64807407, 0.        , 0.6244998 , 1.00995049, 1.04880885,\n        1.        , 0.43588989, 1.61554944, 2.06639783, 1.30384048],\n       [3.54259792, 3.13209195, 3.49428104, 3.42344855, 3.65376518,\n        0.5       , 1.00498756, 0.99498744, 0.52915026, 0.64031242,\n        0.38729833, 0.6244998 , 0.        , 0.72801099, 0.60827625,\n        0.68556546, 0.34641016, 1.56204994, 2.24053565, 1.23693169],\n       [3.04959014, 2.48596058, 2.81780056, 2.82665881, 2.98998328,\n        1.02956301, 1.56843871, 0.58309519, 1.19582607, 1.17473401,\n        0.86023253, 1.00995049, 0.72801099, 0.        , 0.42426407,\n        0.14142136, 0.60827625, 2.27815715, 2.9       , 1.94422221],\n       [3.08868904, 2.596151  , 2.94957624, 2.88963666, 3.08868904,\n        0.93808315, 1.54272486, 0.9486833 , 0.93273791, 1.19163753,\n        0.81240384, 1.04880885, 0.60827625, 0.42426407, 0.        ,\n        0.46904158, 0.64031242, 2.12367606, 2.82665881, 1.76635217],\n       [3.18433667, 2.6       , 2.9189039 , 2.94788059, 3.09192497,\n        1.02956301, 1.53622915, 0.48989795, 1.17046999, 1.07703296,\n        0.78740079, 1.        , 0.68556546, 0.14142136, 0.46904158,\n        0.        , 0.59160798, 2.21133444, 2.82665881, 1.90262976],\n       [3.33916157, 2.96141858, 3.318132  , 3.24345495, 3.50285598,\n        0.45825757, 0.96436508, 0.84261498, 0.82462113, 0.75498344,\n        0.43588989, 0.43588989, 0.34641016, 0.60827625, 0.64031242,\n        0.59160798, 0.        , 1.77763888, 2.33666429, 1.45945195],\n       [4.93254498, 4.66368953, 5.04678115, 4.92341345, 5.19711458,\n        1.49331845, 1.21243557, 2.36008474, 1.2489996 , 1.26095202,\n        1.55241747, 1.61554944, 1.56204994, 2.27815715, 2.12367606,\n        2.21133444, 1.77763888, 0.        , 1.02956301, 0.55677644],\n       [5.45985348, 5.27730992, 5.63293884, 5.50454358, 5.82666285,\n        2.05669638, 1.5       , 2.84780617, 2.07364414, 1.79164729,\n        2.0904545 , 2.06639783, 2.24053565, 2.9       , 2.82665881,\n        2.82665881, 2.33666429, 1.02956301, 0.        , 1.46628783],\n       [4.46989933, 4.23083916, 4.64112055, 4.48887514, 4.78121324,\n        1.13137085, 1.02956301, 2.13072758, 0.8660254 , 1.14017543,\n        1.34907376, 1.30384048, 1.23693169, 1.94422221, 1.76635217,\n        1.90262976, 1.45945195, 0.55677644, 1.46628783, 0.        ]])", "D_low": "array([[ 0.        , 10.58055288, 17.3052307 ,  3.03391009, 12.15714048,\n         7.23683483, 10.0706487 , 14.76181627, 26.23321833, 23.85621946,\n        17.13167019,  7.73136049, 15.99765762, 14.25737   , 19.49563573,\n        14.29671586, 12.13151373, 26.56328893, 22.68596819, 27.79166139],\n       [10.58055288,  0.        ,  8.26927082,  8.20595224,  5.51089034,\n        16.44653817, 17.72895881, 20.15837268, 26.68193116, 25.35321957,\n        18.82633592, 15.65617795, 18.35028556, 19.5182845 , 23.14175199,\n        19.59272516, 15.64775303, 25.56035857, 17.99394993, 24.64649082],\n       [17.3052307 ,  8.26927082,  0.        , 14.35909415,  5.39962318,\n        21.24461431, 21.16900221, 21.47617865, 23.21175732, 22.84292596,\n        17.58856703, 19.69761809, 17.74054787, 20.85474605, 22.61381112,\n        20.94101529, 16.67512682, 21.1126255 , 11.70206057, 18.72537681],\n       [ 3.03391009,  8.20595224, 14.35909415,  0.        ,  9.14626224,\n         8.35690036, 10.27326155, 14.07641485, 24.29991002, 22.145252  ,\n        15.30734912,  7.98471584, 14.31554379, 13.49949982, 18.31922165,\n        13.55431569, 10.62396488, 24.31625331, 19.81983808, 25.17739859],\n       [12.15714048,  5.51089034,  5.39962318,  9.14626224,  0.        ,\n        15.85923245, 15.96837988, 16.92651241, 21.45849134, 20.39131133,\n        14.22302014, 14.37657762, 14.0156256 , 16.28569255, 18.9475878 ,\n        16.36903215, 12.12411752, 20.13628371, 12.58637614, 19.14623842],\n       [ 7.23683483, 16.44653817, 21.24461431,  8.35690036, 15.85923245,\n         0.        ,  3.66200924,  9.20435505, 22.63237607, 19.78694492,\n        13.89739186,  2.29561399, 12.52612922,  8.90670535, 14.4775567 ,\n         8.90974657,  8.94244794, 23.89285318, 22.95657684, 26.46296732],\n       [10.0706487 , 17.72895881, 21.16900221, 10.27326155, 15.96837988,\n         3.66200924,  0.        ,  5.5645263 , 19.23417779, 16.30497795,\n        10.81907517,  2.35256864,  9.42437034,  5.31294677, 10.86243469,\n         5.30736355,  6.33784664, 20.74722389, 20.98472782, 23.74260269],\n       [14.76181627, 20.15837268, 21.47617865, 14.07641485, 16.92651241,\n         9.20435505,  5.5645263 ,  0.        , 13.95904227, 10.91796823,\n         6.58230276,  7.40400968,  5.33771844,  0.64535946,  5.30863969,\n         0.56682245,  4.82054435, 15.88844875, 18.22490628, 19.57149789],\n       [26.23321833, 26.68193116, 23.21175732, 24.29991002, 21.45849134,\n        22.63237607, 19.23417779, 13.95904227,  0.        ,  3.16671141,\n         9.10989198, 20.4681521 , 10.32837337, 14.02036103,  9.00912221,\n        14.04629956, 14.22301355,  3.62647132, 13.10325312,  9.02222697],\n       [23.85621946, 25.35321957, 22.84292596, 22.145252  , 20.39131133,\n        19.78694492, 16.30497795, 10.91796823,  3.16671141,  0.        ,\n         6.85276174, 17.68362178,  7.86494176, 11.02891148,  5.85715465,\n        11.04789271, 11.72978585,  6.16732336, 13.94718631, 11.29879692],\n       [17.13167019, 18.82633592, 17.58856703, 15.30734912, 14.22302014,\n        13.89739186, 10.81907517,  6.58230276,  9.10989198,  6.85276174,\n         0.        , 11.64449702,  1.39483484,  6.30257854,  5.08299847,\n         6.36655934,  5.1499802 ,  9.99546376, 11.91685792, 13.07839198],\n       [ 7.73136049, 15.65617795, 19.69761809,  7.98471584, 14.37657762,\n         2.29561399,  2.35256864,  7.40400968, 20.4681521 , 17.68362178,\n        11.64449702,  0.        , 10.28419737,  7.01434156, 12.55679856,\n         7.03171018,  6.65079288, 21.63655808, 20.74668819, 24.16755674],\n       [15.99765762, 18.35028556, 17.74054787, 14.31554379, 14.0156256 ,\n        12.52612922,  9.42437034,  5.33771844, 10.32837337,  7.86494176,\n         1.39483484, 10.28419737,  0.        ,  5.00217707,  4.93932298,\n         5.07123958,  3.89944204, 11.37185151, 12.94718583, 14.4438814 ],\n       [14.25737   , 19.5182845 , 20.85474605, 13.49949982, 16.28569255,\n         8.90670535,  5.31294677,  0.64535946, 14.02036103, 11.02891148,\n         6.30257854,  7.01434156,  5.00217707,  0.        ,  5.57205504,\n         0.08711993,  4.18854866, 15.81492142, 17.80321185, 19.35447855],\n       [19.49563573, 23.14175199, 22.61381112, 18.31922165, 18.9475878 ,\n        14.4775567 , 10.86243469,  5.30863969,  9.00912221,  5.85715465,\n         5.08299847, 12.55679856,  4.93932298,  5.57205504,  0.        ,\n         5.56781221,  7.7697593 , 11.51442058, 16.46334383, 15.98657436],\n       [14.29671586, 19.59272516, 20.94101529, 13.55431569, 16.36903215,\n         8.90974657,  5.30736355,  0.56682245, 14.04629956, 11.04789271,\n         6.36655934,  7.03171018,  5.07123958,  0.08711993,  5.56781221,\n         0.        ,  4.2739917 , 15.85773838, 17.88151361, 19.4136332 ],\n       [12.13151373, 15.64775303, 16.67512682, 10.62396488, 12.12411752,\n         8.94244794,  6.33784664,  4.82054435, 14.22301355, 11.72978585,\n         5.1499802 ,  6.65079288,  3.89944204,  4.18854866,  7.7697593 ,\n         4.2739917 ,  0.        , 15.06261356, 14.69969262, 17.54760723],\n       [26.56328893, 25.56035857, 21.1126255 , 24.31625331, 20.13628371,\n        23.89285318, 20.74722389, 15.88844875,  3.62647132,  6.16732336,\n         9.99546376, 21.63655808, 11.37185151, 15.81492142, 11.51442058,\n        15.85773838, 15.06261356,  0.        , 10.18595972,  5.39658792],\n       [22.68596819, 17.99394993, 11.70206057, 19.81983808, 12.58637614,\n        22.95657684, 20.98472782, 18.22490628, 13.10325312, 13.94718631,\n        11.91685792, 20.74668819, 12.94718583, 17.80321185, 16.46334383,\n        17.88151361, 14.69969262, 10.18595972,  0.        ,  7.02364906],\n       [27.79166139, 24.64649082, 18.72537681, 25.17739859, 19.14623842,\n        26.46296732, 23.74260269, 19.57149789,  9.02222697, 11.29879692,\n        13.07839198, 24.16755674, 14.4438814 , 19.35447855, 15.98657436,\n        19.4136332 , 17.54760723,  5.39658792,  7.02364906,  0.        ]])"}}