{"duration": 0.006208896636962891, "input_args": {"D_high": "array([[  0.        ,  77.93464827, 115.40589995, ..., 101.71684227,\n        201.12626702,  59.67790051],\n       [ 77.93464827,   0.        ,  83.43747073, ...,  38.98205746,\n        183.93333012,  21.17286036],\n       [115.40589995,  83.43747073,   0.        , ...,  68.4928943 ,\n        207.62569195,  85.47655366],\n       ...,\n       [101.71684227,  38.98205746,  68.4928943 , ...,   0.        ,\n        189.87669905,  46.59966957],\n       [201.12626702, 183.93333012, 207.62569195, ..., 189.87669905,\n          0.        , 186.26121056],\n       [ 59.67790051,  21.17286036,  85.47655366, ...,  46.59966957,\n        186.26121056,   0.        ]])", "D_low": "array([[ 0.        , 12.05521184, 27.60012482, ..., 20.27576188,\n        19.36894097, 10.3686014 ],\n       [12.05521184,  0.        , 26.11583753, ..., 18.79105258,\n         7.3146387 ,  2.26994918],\n       [27.60012482, 26.11583753,  0.        , ...,  7.58872483,\n        27.98089851, 27.39548705],\n       ...,\n       [20.27576188, 18.79105258,  7.58872483, ...,  0.        ,\n        21.56326689, 19.9294601 ],\n       [19.36894097,  7.3146387 , 27.98089851, ..., 21.56326689,\n         0.        ,  9.18230117],\n       [10.3686014 ,  2.26994918, 27.39548705, ..., 19.9294601 ,\n         9.18230117,  0.        ]])"}}