{"duration": 0.0032880306243896484, "input_args": {"D_high": "array([[ 0.        , 10.19803903, 12.489996  , ..., 14.38749457,\n        14.28285686, 13.52774926],\n       [10.19803903,  0.        , 14.2126704 , ..., 15.65247584,\n        17.3781472 , 15.96871942],\n       [12.489996  , 14.2126704 ,  0.        , ..., 18.46618531,\n        19.33907961, 17.17556404],\n       ...,\n       [14.38749457, 15.65247584, 18.46618531, ...,  0.        ,\n         4.12310563,  3.16227766],\n       [14.28285686, 17.3781472 , 19.33907961, ...,  4.12310563,\n         0.        ,  4.35889894],\n       [13.52774926, 15.96871942, 17.17556404, ...,  3.16227766,\n         4.35889894,  0.        ]])", "D_low": "array([[ 0.        ,  1.7353337 ,  5.9364006 , ...,  8.5174972 ,\n        13.64822585,  6.8186211 ],\n       [ 1.7353337 ,  0.        ,  4.85409011, ...,  9.62396806,\n        15.36062105,  7.82582508],\n       [ 5.9364006 ,  4.85409011,  0.        , ...,  9.56549287,\n        17.77070017,  7.81519831],\n       ...,\n       [ 8.5174972 ,  9.62396806,  9.56549287, ...,  0.        ,\n         9.69490705,  1.85028452],\n       [13.64822585, 15.36062105, 17.77070017, ...,  9.69490705,\n         0.        , 10.67876366],\n       [ 6.8186211 ,  7.82582508,  7.81519831, ...,  1.85028452,\n        10.67876366,  0.        ]])"}}