{"duration": 0.018971920013427734, "input_args": {"D_high": "array([[0.        , 0.53851648, 0.50990195, ..., 4.45982062, 4.65080638,\n        4.14004831],\n       [0.53851648, 0.        , 0.3       , ..., 4.49888875, 4.71805044,\n        4.15331193],\n       [0.50990195, 0.3       , 0.        , ..., 4.66154481, 4.84871117,\n        4.29883705],\n       ...,\n       [4.45982062, 4.49888875, 4.66154481, ..., 0.        , 0.6164414 ,\n        0.64031242],\n       [4.65080638, 4.71805044, 4.84871117, ..., 0.6164414 , 0.        ,\n        0.76811457],\n       [4.14004831, 4.15331193, 4.29883705, ..., 0.64031242, 0.76811457,\n        0.        ]])", "D_low": "array([[0.        , 0.31626283, 0.63971341, ..., 5.85075647, 5.7796989 ,\n        5.69234932],\n       [0.31626283, 0.        , 0.6125457 , ..., 5.63240932, 5.56085749,\n        5.46342877],\n       [0.63971341, 0.6125457 , 0.        , ..., 6.15676831, 6.08473092,\n        5.97310449],\n       ...,\n       [5.85075647, 5.63240932, 6.15676831, ..., 0.        , 0.07237815,\n        0.31370625],\n       [5.7796989 , 5.56085749, 6.08473092, ..., 0.07237815, 0.        ,\n        0.27006935],\n       [5.69234932, 5.46342877, 5.97310449, ..., 0.31370625, 0.27006935,\n        0.        ]])", "k": "28"}}