{"duration": 0.0632472038269043, "input_args": {"D_high": "array([[  0.        ,  63.23003439,  51.6526914 , ...,  66.22284519,\n         27.80260283, 159.45199265],\n       [ 63.23003439,   0.        ,  64.14069613, ...,  27.67658187,\n         52.44791055, 160.38731457],\n       [ 51.6526914 ,  64.14069613,   0.        , ...,  62.35925404,\n         42.98609637, 123.5982541 ],\n       ...,\n       [ 66.22284519,  27.67658187,  62.35925404, ...,   0.        ,\n         54.08764636, 159.7956386 ],\n       [ 27.80260283,  52.44791055,  42.98609637, ...,  54.08764636,\n          0.        , 157.90239317],\n       [159.45199265, 160.38731457, 123.5982541 , ..., 159.7956386 ,\n        157.90239317,   0.        ]])", "D_low": "array([[ 0.        ,  7.57634517,  7.39170403, ...,  7.38231543,\n         1.71650356, 10.50349408],\n       [ 7.57634517,  0.        ,  7.79974183, ...,  1.34828504,\n         7.12938744, 14.19988661],\n       [ 7.39170403,  7.79974183,  0.        , ...,  8.79128774,\n         5.68637852,  6.71973207],\n       ...,\n       [ 7.38231543,  1.34828504,  8.79128774, ...,  0.        ,\n         7.24624896, 14.97545363],\n       [ 1.71650356,  7.12938744,  5.68637852, ...,  7.24624896,\n         0.        ,  9.12663934],\n       [10.50349408, 14.19988661,  6.71973207, ..., 14.97545363,\n         9.12663934,  0.        ]])"}}