{"duration": 0.0030450820922851562, "input_args": {"D_high": "array([[0.        , 0.53851648, 0.50990195, ..., 3.15277655, 4.69041576,\n        5.63914887],\n       [0.53851648, 0.        , 0.3       , ..., 3.10322413, 4.70850295,\n        5.74717322],\n       [0.50990195, 0.3       , 0.        , ..., 3.26802693, 4.86826458,\n        5.89406481],\n       ...,\n       [3.15277655, 3.10322413, 3.26802693, ..., 0.        , 1.65529454,\n        2.90172363],\n       [4.69041576, 4.70850295, 4.86826458, ..., 1.65529454, 0.        ,\n        1.42828569],\n       [5.63914887, 5.74717322, 5.89406481, ..., 2.90172363, 1.42828569,\n        0.        ]])", "D_low": "array([[ 0.        , 13.12876061,  9.11973534, ..., 22.44053901,\n        17.77505648, 23.54050583],\n       [13.12876061,  0.        ,  6.12896543, ..., 27.04892347,\n        14.07799907, 15.89016877],\n       [ 9.11973534,  6.12896543,  0.        , ..., 21.2896597 ,\n        10.51296328, 14.95006237],\n       ...,\n       [22.44053901, 27.04892347, 21.2896597 , ...,  0.        ,\n        15.63020927, 21.4313082 ],\n       [17.77505648, 14.07799907, 10.51296328, ..., 15.63020927,\n         0.        ,  7.10297676],\n       [23.54050583, 15.89016877, 14.95006237, ..., 21.4313082 ,\n         7.10297676,  0.        ]])"}}