{"duration": 0.011937856674194336, "input_args": {"D_high": "array([[  0.        ,  77.93464827, 115.40589995, ..., 101.71684227,\n        201.12626702,  59.67790051],\n       [ 77.93464827,   0.        ,  83.43747073, ...,  38.98205746,\n        183.93333012,  21.17286036],\n       [115.40589995,  83.43747073,   0.        , ...,  68.4928943 ,\n        207.62569195,  85.47655366],\n       ...,\n       [101.71684227,  38.98205746,  68.4928943 , ...,   0.        ,\n        189.87669905,  46.59966957],\n       [201.12626702, 183.93333012, 207.62569195, ..., 189.87669905,\n          0.        , 186.26121056],\n       [ 59.67790051,  21.17286036,  85.47655366, ...,  46.59966957,\n        186.26121056,   0.        ]])", "D_low": "array([[ 0.        , 16.92820099, 16.82627662, ..., 11.13306797,\n        25.42646862, 17.63638035],\n       [16.92820099,  0.        , 23.47222593, ..., 17.86567125,\n         8.84615377,  1.94936893],\n       [16.82627662, 23.47222593,  0.        , ...,  6.38643718,\n        28.29482491, 25.23909101],\n       ...,\n       [11.13306797, 17.86567125,  6.38643718, ...,  0.        ,\n        23.8603606 , 19.50272966],\n       [25.42646862,  8.84615377, 28.29482491, ..., 23.8603606 ,\n         0.        ,  9.11142607],\n       [17.63638035,  1.94936893, 25.23909101, ..., 19.50272966,\n         9.11142607,  0.        ]])"}}