{"duration": 0.01141214370727539, "input_args": {"D_high": "array([[  0.        ,  84.1961696 ,  77.77817558, ..., 164.25094499,\n         96.7953527 , 143.21994847],\n       [ 84.1961696 ,   0.        , 123.13577912, ..., 226.59142528,\n         74.06281237, 214.02748194],\n       [ 77.77817558, 123.13577912,   0.        , ..., 111.20643942,\n         90.52153753, 101.51019271],\n       ...,\n       [164.25094499, 226.59142528, 111.20643942, ...,   0.        ,\n        189.87669905,  46.59966957],\n       [ 96.7953527 ,  74.06281237,  90.52153753, ..., 189.87669905,\n          0.        , 186.26121056],\n       [143.21994847, 214.02748194, 101.51019271, ...,  46.59966957,\n        186.26121056,   0.        ]])", "D_low": "array([[ 0.        , 14.22715825, 12.83765679, ..., 34.19258225,\n        10.84273077, 15.66812101],\n       [14.22715825,  0.        , 24.90590321, ..., 36.46516246,\n         3.72989788, 13.52854263],\n       [12.83765679, 24.90590321,  0.        , ..., 26.97465486,\n        21.17608162, 18.50839235],\n       ...,\n       [34.19258225, 36.46516246, 26.97465486, ...,  0.        ,\n        34.08440866, 22.93893389],\n       [10.84273077,  3.72989788, 21.17608162, ..., 34.08440866,\n         0.        , 11.32983533],\n       [15.66812101, 13.52854263, 18.50839235, ..., 22.93893389,\n        11.32983533,  0.        ]])"}}