{"duration": 0.006166696548461914, "input_args": {"D_high": "array([[0.        , 0.53851648, 0.50990195, ..., 4.27668096, 4.45982062,\n        4.65080638],\n       [0.53851648, 0.        , 0.3       , ..., 4.24970587, 4.49888875,\n        4.71805044],\n       [0.50990195, 0.3       , 0.        , ..., 4.43057558, 4.66154481,\n        4.84871117],\n       ...,\n       [4.27668096, 4.24970587, 4.43057558, ..., 0.        , 0.58309519,\n        1.06770783],\n       [4.45982062, 4.49888875, 4.66154481, ..., 0.58309519, 0.        ,\n        0.6164414 ],\n       [4.65080638, 4.71805044, 4.84871117, ..., 1.06770783, 0.6164414 ,\n        0.        ]])", "D_low": "array([[ 0.        ,  7.62518248,  5.03281971, ..., 13.12603512,\n        16.8356262 , 13.6686431 ],\n       [ 7.62518248,  0.        ,  2.60781356, ..., 13.97890406,\n        16.56643985,  8.95040677],\n       [ 5.03281971,  2.60781356,  0.        , ..., 13.43422965,\n        16.49198287, 10.35909591],\n       ...,\n       [13.12603512, 13.97890406, 13.43422965, ...,  0.        ,\n         3.93668312,  9.65769507],\n       [16.8356262 , 16.56643985, 16.49198287, ...,  3.93668312,\n         0.        , 10.1611533 ],\n       [13.6686431 ,  8.95040677, 10.35909591, ...,  9.65769507,\n        10.1611533 ,  0.        ]])"}}