{"duration": 0.03576397895812988, "input_args": {"D_high": "array([[  0.        ,  66.90348403,  54.29633528, ...,  50.39119964,\n         89.23943184,  61.27038404],\n       [ 66.90348403,   0.        , 102.51825711, ...,  26.11680932,\n         80.22894802,  38.63518149],\n       [ 54.29633528, 102.51825711,   0.        , ...,  85.13919448,\n         91.66838038,  76.41017076],\n       ...,\n       [ 50.39119964,  26.11680932,  85.13919448, ...,   0.        ,\n         86.1426327 ,  33.06672648],\n       [ 89.23943184,  80.22894802,  91.66838038, ...,  86.1426327 ,\n          0.        ,  65.05813008],\n       [ 61.27038404,  38.63518149,  76.41017076, ...,  33.06672648,\n         65.05813008,   0.        ]])", "D_low": "array([[ 0.        , 13.65831726,  5.91873898, ..., 10.98084584,\n        21.71391788,  9.65529967],\n       [13.65831726,  0.        , 17.17304517, ...,  2.70523728,\n        25.12403088, 12.13472361],\n       [ 5.91873898, 17.17304517,  0.        , ..., 14.77140634,\n        16.82125621,  8.13839954],\n       ...,\n       [10.98084584,  2.70523728, 14.77140634, ...,  0.        ,\n        24.19818986, 10.63482281],\n       [21.71391788, 25.12403088, 16.82125621, ..., 24.19818986,\n         0.        , 13.89336956],\n       [ 9.65529967, 12.13472361,  8.13839954, ..., 10.63482281,\n        13.89336956,  0.        ]])"}}