{"duration": 0.22214508056640625, "input_args": {"D_high": "array([[ 0.        , 11.87434209,  2.23606798, ..., 17.3781472 ,\n        12.9614814 , 13.89244399],\n       [11.87434209,  0.        , 11.3137085 , ..., 14.6628783 ,\n        11.78982612, 10.95445115],\n       [ 2.23606798, 11.3137085 ,  0.        , ..., 17.40689519,\n        12.76714533, 13.6381817 ],\n       ...,\n       [17.3781472 , 14.6628783 , 17.40689519, ...,  0.        ,\n         7.74596669,  8.18535277],\n       [12.9614814 , 11.78982612, 12.76714533, ...,  7.74596669,\n         0.        ,  3.31662479],\n       [13.89244399, 10.95445115, 13.6381817 , ...,  8.18535277,\n         3.31662479,  0.        ]])", "D_low": "array([[ 0.        ,  6.62521094,  2.00466223, ...,  8.60054358,\n         7.97644655,  7.87876113],\n       [ 6.62521094,  0.        ,  7.81650015, ...,  6.01730666,\n         5.68203027,  5.4277139 ],\n       [ 2.00466223,  7.81650015,  0.        , ..., 10.54199455,\n         9.92176586,  9.8103202 ],\n       ...,\n       [ 8.60054358,  6.01730666, 10.54199455, ...,  0.        ,\n         0.62658118,  0.74772393],\n       [ 7.97644655,  5.68203027,  9.92176586, ...,  0.62658118,\n         0.        ,  0.26039127],\n       [ 7.87876113,  5.4277139 ,  9.8103202 , ...,  0.74772393,\n         0.26039127,  0.        ]])", "k": "70"}}