{"duration": 0.002621889114379883, "input_args": {"D_high": "array([[0.        , 0.58309519, 1.47986486, 3.25115364, 3.77756535,\n        3.52987252, 3.29393382, 3.21403174, 3.18433667, 2.54754784,\n        2.97657521, 4.70956474, 4.29068759],\n       [0.58309519, 0.        , 1.3       , 3.70540146, 4.2626283 ,\n        3.92428337, 3.75099987, 3.69188299, 3.61109402, 2.97489496,\n        3.43511281, 5.13419906, 4.69574275],\n       [1.47986486, 1.3       , 0.        , 4.01248053, 4.5607017 ,\n        4.15571895, 3.89615195, 3.96484552, 3.78021163, 3.06920185,\n        3.64005494, 5.3244718 , 4.94165964],\n       [3.25115364, 3.70540146, 4.01248053, 0.        , 0.64807407,\n        0.65574385, 0.6164414 , 0.31622777, 0.5       , 1.02956301,\n        0.45825757, 1.49331845, 1.13137085],\n       [3.77756535, 4.2626283 , 4.5607017 , 0.64807407, 0.        ,\n        1.05356538, 0.92736185, 0.6       , 1.00498756, 1.56843871,\n        0.96436508, 1.21243557, 1.02956301],\n       [3.52987252, 3.92428337, 4.15571895, 0.65574385, 1.05356538,\n        0.        , 0.75498344, 0.92195445, 0.52915026, 1.19582607,\n        0.82462113, 1.2489996 , 0.8660254 ],\n       [3.29393382, 3.75099987, 3.89615195, 0.6164414 , 0.92736185,\n        0.75498344, 0.        , 0.64807407, 0.38729833, 0.86023253,\n        0.43588989, 1.55241747, 1.34907376],\n       [3.21403174, 3.69188299, 3.96484552, 0.31622777, 0.6       ,\n        0.92195445, 0.64807407, 0.        , 0.6244998 , 1.00995049,\n        0.43588989, 1.61554944, 1.30384048],\n       [3.18433667, 3.61109402, 3.78021163, 0.5       , 1.00498756,\n        0.52915026, 0.38729833, 0.6244998 , 0.        , 0.72801099,\n        0.34641016, 1.56204994, 1.23693169],\n       [2.54754784, 2.97489496, 3.06920185, 1.02956301, 1.56843871,\n        1.19582607, 0.86023253, 1.00995049, 0.72801099, 0.        ,\n        0.60827625, 2.27815715, 1.94422221],\n       [2.97657521, 3.43511281, 3.64005494, 0.45825757, 0.96436508,\n        0.82462113, 0.43588989, 0.43588989, 0.34641016, 0.60827625,\n        0.        , 1.77763888, 1.45945195],\n       [4.70956474, 5.13419906, 5.3244718 , 1.49331845, 1.21243557,\n        1.2489996 , 1.55241747, 1.61554944, 1.56204994, 2.27815715,\n        1.77763888, 0.        , 0.55677644],\n       [4.29068759, 4.69574275, 4.94165964, 1.13137085, 1.02956301,\n        0.8660254 , 1.34907376, 1.30384048, 1.23693169, 1.94422221,\n        1.45945195, 0.55677644, 0.        ]])", "D_low": "array([[0.00000000e+00, 1.76730195e-01, 3.19737974e-01, 5.07297518e+00,\n        5.24269672e+00, 5.00415902e+00, 5.34838361e+00, 5.22095001e+00,\n        1.83268816e+01, 5.33992883e+00, 5.18112941e+00, 5.32404416e+00,\n        5.33835669e+00],\n       [1.76730195e-01, 0.00000000e+00, 4.95939443e-01, 5.21887504e+00,\n        5.38398903e+00, 5.14705741e+00, 5.48801172e+00, 5.36957564e+00,\n        1.84955351e+01, 5.49819094e+00, 5.32588079e+00, 5.46693151e+00,\n        5.47822758e+00],\n       [3.19737974e-01, 4.95939443e-01, 0.00000000e+00, 4.83407105e+00,\n        5.01367538e+00, 4.77196684e+00, 5.12282990e+00, 4.97580537e+00,\n        1.80141917e+01, 5.07276245e+00, 4.94461744e+00, 5.09143465e+00,\n        5.11229097e+00],\n       [5.07297518e+00, 5.21887504e+00, 4.83407105e+00, 0.00000000e+00,\n        2.87687061e-01, 1.66173143e-01, 4.18754890e-01, 2.08600959e-01,\n        1.57518444e+01, 7.79497915e-01, 1.22881053e-01, 2.94208838e-01,\n        4.03102953e-01],\n       [5.24269672e+00, 5.38398903e+00, 5.01367538e+00, 2.87687061e-01,\n        0.00000000e+00, 2.50644713e-01, 1.33887166e-01, 3.85673953e-01,\n        1.59074865e+01, 9.86856578e-01, 1.85953878e-01, 1.15550933e-01,\n        1.18648802e-01],\n       [5.00415902e+00, 5.14705741e+00, 4.77196684e+00, 1.66173143e-01,\n        2.50644713e-01, 0.00000000e+00, 3.78765984e-01, 3.69680395e-01,\n        1.59178626e+01, 9.43837829e-01, 2.00823356e-01, 3.19895893e-01,\n        3.64788762e-01],\n       [5.34838361e+00, 5.48801172e+00, 5.12282990e+00, 4.18754890e-01,\n        1.33887166e-01, 3.78765984e-01, 0.00000000e+00, 4.87818416e-01,\n        1.59514521e+01, 1.07450340e+00, 3.08242660e-01, 1.67491089e-01,\n        1.56742723e-02],\n       [5.22095001e+00, 5.36957564e+00, 4.97580537e+00, 2.08600959e-01,\n        3.85673953e-01, 3.69680395e-01, 4.87818416e-01, 0.00000000e+00,\n        1.55579804e+01, 6.04244163e-01, 2.11537187e-01, 3.23075962e-01,\n        4.73338120e-01],\n       [1.83268816e+01, 1.84955351e+01, 1.80141917e+01, 1.57518444e+01,\n        1.59074865e+01, 1.59178626e+01, 1.59514521e+01, 1.55579804e+01,\n        0.00000000e+00, 1.49782723e+01, 1.57648063e+01, 1.58027727e+01,\n        1.59431208e+01],\n       [5.33992883e+00, 5.49819094e+00, 5.07276245e+00, 7.79497915e-01,\n        9.86856578e-01, 9.43837829e-01, 1.07450340e+00, 6.04244163e-01,\n        1.49782723e+01, 0.00000000e+00, 8.15423892e-01, 9.07288971e-01,\n        1.06148590e+00],\n       [5.18112941e+00, 5.32588079e+00, 4.94461744e+00, 1.22881053e-01,\n        1.85953878e-01, 2.00823356e-01, 3.08242660e-01, 2.11537187e-01,\n        1.57648063e+01, 8.15423892e-01, 0.00000000e+00, 1.71745713e-01,\n        2.92646496e-01],\n       [5.32404416e+00, 5.46693151e+00, 5.09143465e+00, 2.94208838e-01,\n        1.15550933e-01, 3.19895893e-01, 1.67491089e-01, 3.23075962e-01,\n        1.58027727e+01, 9.07288971e-01, 1.71745713e-01, 0.00000000e+00,\n        1.54204638e-01],\n       [5.33835669e+00, 5.47822758e+00, 5.11229097e+00, 4.03102953e-01,\n        1.18648802e-01, 3.64788762e-01, 1.56742723e-02, 4.73338120e-01,\n        1.59431208e+01, 1.06148590e+00, 2.92646496e-01, 1.54204638e-01,\n        0.00000000e+00]])"}}