{"duration": 0.005217075347900391, "input_args": {"D_high": "array([[  0.        ,  77.93464827, 115.40589995, ..., 101.71684227,\n        201.12626702,  59.67790051],\n       [ 77.93464827,   0.        ,  83.43747073, ...,  38.98205746,\n        183.93333012,  21.17286036],\n       [115.40589995,  83.43747073,   0.        , ...,  68.4928943 ,\n        207.62569195,  85.47655366],\n       ...,\n       [101.71684227,  38.98205746,  68.4928943 , ...,   0.        ,\n        189.87669905,  46.59966957],\n       [201.12626702, 183.93333012, 207.62569195, ..., 189.87669905,\n          0.        , 186.26121056],\n       [ 59.67790051,  21.17286036,  85.47655366, ...,  46.59966957,\n        186.26121056,   0.        ]])", "D_low": "array([[ 0.        , 14.82987964, 31.78936969, ..., 26.40526655,\n        15.90604555, 11.57779623],\n       [14.82987964,  0.        , 20.90198008, ..., 13.67014071,\n        10.38151209,  3.85611064],\n       [31.78936969, 20.90198008,  0.        , ...,  7.91980294,\n        30.83016825, 24.40176698],\n       ...,\n       [26.40526655, 13.67014071,  7.91980294, ...,  0.        ,\n        23.15391724, 17.40937325],\n       [15.90604555, 10.38151209, 30.83016825, ..., 23.15391724,\n         0.        ,  8.2929148 ],\n       [11.57779623,  3.85611064, 24.40176698, ..., 17.40937325,\n         8.2929148 ,  0.        ]])"}}