{"duration": 0.0030059814453125, "input_args": {"D_high": "array([[0.        , 0.5       , 0.74833148, 0.53851648, 3.49714169,\n        3.47275107, 2.88963666, 2.99499583, 3.18747549, 2.89482297],\n       [0.5       , 0.        , 0.75498344, 0.6       , 3.69052842,\n        3.69459064, 3.12729915, 3.30756708, 3.43074336, 3.19530906],\n       [0.74833148, 0.75498344, 0.        , 1.11803399, 4.14125585,\n        4.14004831, 3.51994318, 3.60138862, 3.84707681, 3.48998567],\n       [0.53851648, 0.6       , 1.11803399, 0.        , 3.38526218,\n        3.31209903, 2.78926514, 2.94957624, 3.02820079, 2.91376046],\n       [3.49714169, 3.69052842, 4.14125585, 3.38526218, 0.        ,\n        0.55677644, 0.74833148, 1.12249722, 0.79372539, 1.08166538],\n       [3.47275107, 3.69459064, 4.14004831, 3.31209903, 0.55677644,\n        0.        , 0.71414284, 0.97467943, 0.37416574, 1.17473401],\n       [2.88963666, 3.12729915, 3.51994318, 2.78926514, 0.74833148,\n        0.71414284, 0.        , 0.58309519, 0.51961524, 0.67082039],\n       [2.99499583, 3.30756708, 3.60138862, 2.94957624, 1.12249722,\n        0.97467943, 0.58309519, 0.        , 0.72801099, 0.51961524],\n       [3.18747549, 3.43074336, 3.84707681, 3.02820079, 0.79372539,\n        0.37416574, 0.51961524, 0.72801099, 0.        , 1.02956301],\n       [2.89482297, 3.19530906, 3.48998567, 2.91376046, 1.08166538,\n        1.17473401, 0.67082039, 0.51961524, 1.02956301, 0.        ]])", "D_low": "array([[ 0.        ,  6.96189173,  1.15101494,  6.01114101,  6.05846187,\n         8.60550542,  9.68575358, 14.08939719,  8.18906306, 11.1460179 ],\n       [ 6.96189173,  0.        ,  8.10376723,  2.52398262,  8.44068467,\n         8.71904281, 10.35973467, 13.27546574,  8.5177724 , 12.48928814],\n       [ 1.15101494,  8.10376723,  0.        ,  7.13726143,  6.20038684,\n         8.97325159,  9.89660784, 14.3985667 ,  8.54727827, 11.17300384],\n       [ 6.01114101,  2.52398262,  7.13726143,  0.        ,  9.33458774,\n        10.32251333, 11.90434712, 15.28774745, 10.04622391, 13.93666246],\n       [ 6.05846187,  8.44068467,  6.20038684,  9.33458774,  0.        ,\n         3.04919552,  3.70154776,  8.24638948,  2.63513115,  5.1097682 ],\n       [ 8.60550542,  8.71904281,  8.97325159, 10.32251333,  3.04919552,\n         0.        ,  1.64746462,  5.49359864,  0.42864472,  3.80764194],\n       [ 9.68575358, 10.35973467,  9.89660784, 11.90434712,  3.70154776,\n         1.64746462,  0.        ,  4.5765012 ,  1.8609344 ,  2.16710985],\n       [14.08939719, 13.27546574, 14.3985667 , 15.28774745,  8.24638948,\n         5.49359864,  4.5765012 ,  0.        ,  5.90334461,  4.39294594],\n       [ 8.18906306,  8.5177724 ,  8.54727827, 10.04622391,  2.63513115,\n         0.42864472,  1.8609344 ,  5.90334461,  0.        ,  3.97219093],\n       [11.1460179 , 12.48928814, 11.17300384, 13.93666246,  5.1097682 ,\n         3.80764194,  2.16710985,  4.39294594,  3.97219093,  0.        ]])"}}