{"duration": 0.037484169006347656, "input_args": {"D_high": "array([[  0.        ,  77.93464827, 115.40589995, ..., 128.91608086,\n         71.42824327,  88.2669252 ],\n       [ 77.93464827,   0.        ,  83.43747073, ..., 114.70143766,\n         44.29446946,  17.10820975],\n       [115.40589995,  83.43747073,   0.        , ..., 138.70632141,\n         74.24292516,  83.46352557],\n       ...,\n       [128.91608086, 114.70143766, 138.70632141, ...,   0.        ,\n        116.45694834, 116.0975663 ],\n       [ 71.42824327,  44.29446946,  74.24292516, ..., 116.45694834,\n          0.        ,  52.21198288],\n       [ 88.2669252 ,  17.10820975,  83.46352557, ..., 116.0975663 ,\n         52.21198288,   0.        ]])", "D_low": "array([[ 0.        , 11.75396588, 19.28875072, ..., 15.57523882,\n         5.5642674 , 12.2445244 ],\n       [11.75396588,  0.        , 21.73850599, ..., 11.58415676,\n        11.03104061,  0.75820783],\n       [19.28875072, 21.73850599,  0.        , ..., 11.7631906 ,\n        14.04277996, 21.45067285],\n       ...,\n       [15.57523882, 11.58415676, 11.7631906 , ...,  0.        ,\n        10.57376218, 11.06293672],\n       [ 5.5642674 , 11.03104061, 14.04277996, ..., 10.57376218,\n         0.        , 11.1989459 ],\n       [12.2445244 ,  0.75820783, 21.45067285, ..., 11.06293672,\n        11.1989459 ,  0.        ]])"}}