{"duration": 0.010320901870727539, "input_args": {"D_high": "array([[0.        , 0.53851648, 0.50990195, ..., 4.45982062, 4.65080638,\n        4.14004831],\n       [0.53851648, 0.        , 0.3       , ..., 4.49888875, 4.71805044,\n        4.15331193],\n       [0.50990195, 0.3       , 0.        , ..., 4.66154481, 4.84871117,\n        4.29883705],\n       ...,\n       [4.45982062, 4.49888875, 4.66154481, ..., 0.        , 0.6164414 ,\n        0.64031242],\n       [4.65080638, 4.71805044, 4.84871117, ..., 0.6164414 , 0.        ,\n        0.76811457],\n       [4.14004831, 4.15331193, 4.29883705, ..., 0.64031242, 0.76811457,\n        0.        ]])", "D_low": "array([[ 0.        ,  3.03972955,  3.05375804, ...,  8.74987994,\n         8.46873658, 15.21697652],\n       [ 3.03972955,  0.        ,  0.58539075, ...,  6.6175689 ,\n         6.6216916 , 13.01857476],\n       [ 3.05375804,  0.58539075,  0.        , ...,  6.18014174,\n         6.13144704, 12.61912264],\n       ...,\n       [ 8.74987994,  6.6175689 ,  6.18014174, ...,  0.        ,\n         0.94880192,  6.47644173],\n       [ 8.46873658,  6.6216916 ,  6.13144704, ...,  0.94880192,\n         0.        ,  6.80196514],\n       [15.21697652, 13.01857476, 12.61912264, ...,  6.47644173,\n         6.80196514,  0.        ]])", "k": "15"}}