{"duration": 0.23023176193237305, "input_args": {"D_high": "array([[ 0.        , 11.87434209,  2.23606798, ..., 17.3781472 ,\n        12.9614814 , 13.89244399],\n       [11.87434209,  0.        , 11.3137085 , ..., 14.6628783 ,\n        11.78982612, 10.95445115],\n       [ 2.23606798, 11.3137085 ,  0.        , ..., 17.40689519,\n        12.76714533, 13.6381817 ],\n       ...,\n       [17.3781472 , 14.6628783 , 17.40689519, ...,  0.        ,\n         7.74596669,  8.18535277],\n       [12.9614814 , 11.78982612, 12.76714533, ...,  7.74596669,\n         0.        ,  3.31662479],\n       [13.89244399, 10.95445115, 13.6381817 , ...,  8.18535277,\n         3.31662479,  0.        ]])", "D_low": "array([[ 0.        ,  2.59105117,  6.62107411, ...,  5.89603635,\n         5.88320902,  5.86744126],\n       [ 2.59105117,  0.        ,  8.58078678, ...,  3.71764426,\n         3.77764584,  3.81946492],\n       [ 6.62107411,  8.58078678,  0.        , ..., 12.27580474,\n        12.30961213, 12.32546294],\n       ...,\n       [ 5.89603635,  3.71764426, 12.27580474, ...,  0.        ,\n         0.23605652,  0.41194284],\n       [ 5.88320902,  3.77764584, 12.30961213, ...,  0.23605652,\n         0.        ,  0.17613495],\n       [ 5.86744126,  3.81946492, 12.32546294, ...,  0.41194284,\n         0.17613495,  0.        ]])", "k": "60"}}