{"duration": 0.0027611255645751953, "input_args": {"D_high": "array([[0.        , 0.58309519, 1.47986486, 3.25115364, 3.77756535,\n        3.52987252, 3.29393382, 3.21403174, 3.18433667, 2.54754784,\n        2.97657521, 4.70956474, 4.29068759],\n       [0.58309519, 0.        , 1.3       , 3.70540146, 4.2626283 ,\n        3.92428337, 3.75099987, 3.69188299, 3.61109402, 2.97489496,\n        3.43511281, 5.13419906, 4.69574275],\n       [1.47986486, 1.3       , 0.        , 4.01248053, 4.5607017 ,\n        4.15571895, 3.89615195, 3.96484552, 3.78021163, 3.06920185,\n        3.64005494, 5.3244718 , 4.94165964],\n       [3.25115364, 3.70540146, 4.01248053, 0.        , 0.64807407,\n        0.65574385, 0.6164414 , 0.31622777, 0.5       , 1.02956301,\n        0.45825757, 1.49331845, 1.13137085],\n       [3.77756535, 4.2626283 , 4.5607017 , 0.64807407, 0.        ,\n        1.05356538, 0.92736185, 0.6       , 1.00498756, 1.56843871,\n        0.96436508, 1.21243557, 1.02956301],\n       [3.52987252, 3.92428337, 4.15571895, 0.65574385, 1.05356538,\n        0.        , 0.75498344, 0.92195445, 0.52915026, 1.19582607,\n        0.82462113, 1.2489996 , 0.8660254 ],\n       [3.29393382, 3.75099987, 3.89615195, 0.6164414 , 0.92736185,\n        0.75498344, 0.        , 0.64807407, 0.38729833, 0.86023253,\n        0.43588989, 1.55241747, 1.34907376],\n       [3.21403174, 3.69188299, 3.96484552, 0.31622777, 0.6       ,\n        0.92195445, 0.64807407, 0.        , 0.6244998 , 1.00995049,\n        0.43588989, 1.61554944, 1.30384048],\n       [3.18433667, 3.61109402, 3.78021163, 0.5       , 1.00498756,\n        0.52915026, 0.38729833, 0.6244998 , 0.        , 0.72801099,\n        0.34641016, 1.56204994, 1.23693169],\n       [2.54754784, 2.97489496, 3.06920185, 1.02956301, 1.56843871,\n        1.19582607, 0.86023253, 1.00995049, 0.72801099, 0.        ,\n        0.60827625, 2.27815715, 1.94422221],\n       [2.97657521, 3.43511281, 3.64005494, 0.45825757, 0.96436508,\n        0.82462113, 0.43588989, 0.43588989, 0.34641016, 0.60827625,\n        0.        , 1.77763888, 1.45945195],\n       [4.70956474, 5.13419906, 5.3244718 , 1.49331845, 1.21243557,\n        1.2489996 , 1.55241747, 1.61554944, 1.56204994, 2.27815715,\n        1.77763888, 0.        , 0.55677644],\n       [4.29068759, 4.69574275, 4.94165964, 1.13137085, 1.02956301,\n        0.8660254 , 1.34907376, 1.30384048, 1.23693169, 1.94422221,\n        1.45945195, 0.55677644, 0.        ]])", "D_low": "array([[ 0.        ,  5.18276575,  4.95182928, 42.19097477, 36.63744788,\n        41.72345381, 43.33925722, 42.82954729, 44.07051589, 30.35622563,\n        43.73474964, 41.8996036 , 40.66637921],\n       [ 5.18276575,  0.        ,  0.74988704, 41.53798533, 35.91021378,\n        41.10877274, 42.83054492, 42.51063079, 43.55281669, 34.83814085,\n        43.01817917, 45.60394531, 44.33567689],\n       [ 4.95182928,  0.74988704,  0.        , 40.86318112, 35.23727349,\n        40.43131334, 42.14724024, 41.81616381, 42.87035209, 34.26830872,\n        42.34821891, 44.93126903, 43.66037444],\n       [42.19097477, 41.53798533, 40.86318112,  0.        ,  5.63107054,\n         0.54586047,  1.70599892,  2.85293108,  2.2519308 , 41.85138398,\n         1.60392225, 38.13828646, 37.18471802],\n       [36.63744788, 35.91021378, 35.23727349,  5.63107054,  0.        ,\n         5.22305884,  7.02895375,  7.12698678,  7.72605838, 38.57425544,\n         7.1180219 , 36.74209321, 35.66505451],\n       [41.72345381, 41.10877274, 40.43131334,  0.54586047,  5.22305884,\n         0.        ,  1.88416066,  2.71671674,  2.5303631 , 41.31655129,\n         2.1361358 , 37.67523616, 36.7147972 ],\n       [43.33925722, 42.83054492, 42.14724024,  1.70599892,  7.02895375,\n         1.88416066,  0.        ,  1.62908742,  0.73197441, 41.85962711,\n         1.77024941, 37.55547529, 36.64203105],\n       [42.82954729, 42.51063079, 41.81616381,  2.85293108,  7.12698678,\n         2.71671674,  1.62908742,  0.        ,  2.01889357, 40.44308583,\n         3.3920955 , 35.94660435, 35.04044728],\n       [44.07051589, 43.55281669, 42.87035209,  2.2519308 ,  7.72605838,\n         2.5303631 ,  0.73197441,  2.01889357,  0.        , 42.42982316,\n         1.74019837, 37.93388561, 37.03642389],\n       [30.35622563, 34.83814085, 34.26830872, 41.85138398, 38.57425544,\n        41.31655129, 41.85962711, 40.44308583, 42.42982316,  0.        ,\n        43.29496487, 14.55842929, 13.77421106],\n       [43.73474964, 43.01817917, 42.34821891,  1.60392225,  7.1180219 ,\n         2.1361358 ,  1.77024941,  3.3920955 ,  1.74019837, 43.29496487,\n         0.        , 39.2574988 , 38.33140295],\n       [41.8996036 , 45.60394531, 44.93126903, 38.13828646, 36.74209321,\n        37.67523616, 37.55547529, 35.94660435, 37.93388561, 14.55842929,\n        39.2574988 ,  0.        ,  1.3186985 ],\n       [40.66637921, 44.33567689, 43.66037444, 37.18471802, 35.66505451,\n        36.7147972 , 36.64203105, 35.04044728, 37.03642389, 13.77421106,\n        38.33140295,  1.3186985 ,  0.        ]])"}}