{"duration": 0.00581812858581543, "input_args": {"D_high": "array([[  0.        ,  77.93464827, 115.40589995, ..., 101.71684227,\n        201.12626702,  59.67790051],\n       [ 77.93464827,   0.        ,  83.43747073, ...,  38.98205746,\n        183.93333012,  21.17286036],\n       [115.40589995,  83.43747073,   0.        , ...,  68.4928943 ,\n        207.62569195,  85.47655366],\n       ...,\n       [101.71684227,  38.98205746,  68.4928943 , ...,   0.        ,\n        189.87669905,  46.59966957],\n       [201.12626702, 183.93333012, 207.62569195, ..., 189.87669905,\n          0.        , 186.26121056],\n       [ 59.67790051,  21.17286036,  85.47655366, ...,  46.59966957,\n        186.26121056,   0.        ]])", "D_low": "array([[ 0.        , 13.51686581, 26.74573359, ..., 10.67492807,\n        22.36434343,  8.89520606],\n       [13.51686581,  0.        , 28.63637696, ..., 15.36741062,\n        10.55259461,  4.67949262],\n       [26.74573359, 28.63637696,  0.        , ..., 16.16493111,\n        26.56128142, 26.67625075],\n       ...,\n       [10.67492807, 15.36741062, 16.16493111, ...,  0.        ,\n        19.16194528, 11.87177263],\n       [22.36434343, 10.55259461, 26.56128142, ..., 19.16194528,\n         0.        , 13.97679319],\n       [ 8.89520606,  4.67949262, 26.67625075, ..., 11.87177263,\n        13.97679319,  0.        ]])"}}