{"duration": 0.0027441978454589844, "input_args": {"D_high": "array([[0.        , 0.53851648, 0.50990195, ..., 3.15277655, 4.69041576,\n        5.63914887],\n       [0.53851648, 0.        , 0.3       , ..., 3.10322413, 4.70850295,\n        5.74717322],\n       [0.50990195, 0.3       , 0.        , ..., 3.26802693, 4.86826458,\n        5.89406481],\n       ...,\n       [3.15277655, 3.10322413, 3.26802693, ..., 0.        , 1.65529454,\n        2.90172363],\n       [4.69041576, 4.70850295, 4.86826458, ..., 1.65529454, 0.        ,\n        1.42828569],\n       [5.63914887, 5.74717322, 5.89406481, ..., 2.90172363, 1.42828569,\n        0.        ]])", "D_low": "array([[ 0.        ,  3.03972955,  3.05375804, ..., 19.2289338 ,\n         9.14593382,  6.16738428],\n       [ 3.03972955,  0.        ,  0.58539075, ..., 17.49681133,\n         7.23472025,  4.16001552],\n       [ 3.05375804,  0.58539075,  0.        , ..., 17.01991404,\n         6.75892512,  3.67164434],\n       ...,\n       [19.2289338 , 17.49681133, 17.01991404, ...,  0.        ,\n        10.26283249, 13.34827868],\n       [ 9.14593382,  7.23472025,  6.75892512, ..., 10.26283249,\n         0.        ,  3.08890319],\n       [ 6.16738428,  4.16001552,  3.67164434, ..., 13.34827868,\n         3.08890319,  0.        ]])"}}