{"duration": 0.002335071563720703, "input_args": {"D_high": "array([[0.        , 0.53851648, 0.50990195, ..., 3.15277655, 4.69041576,\n        5.63914887],\n       [0.53851648, 0.        , 0.3       , ..., 3.10322413, 4.70850295,\n        5.74717322],\n       [0.50990195, 0.3       , 0.        , ..., 3.26802693, 4.86826458,\n        5.89406481],\n       ...,\n       [3.15277655, 3.10322413, 3.26802693, ..., 0.        , 1.65529454,\n        2.90172363],\n       [4.69041576, 4.70850295, 4.86826458, ..., 1.65529454, 0.        ,\n        1.42828569],\n       [5.63914887, 5.74717322, 5.89406481, ..., 2.90172363, 1.42828569,\n        0.        ]])", "D_low": "array([[ 0.        , 28.10726045, 27.60466591, ..., 22.11639319,\n        42.60632253, 42.88341742],\n       [28.10726045,  0.        ,  0.50540426, ..., 12.90366713,\n        32.01946327, 31.89274617],\n       [27.60466591,  0.50540426,  0.        , ..., 12.62705785,\n        31.97068422, 31.85291565],\n       ...,\n       [22.11639319, 12.90366713, 12.62705785, ...,  0.        ,\n        42.70471211, 42.68953802],\n       [42.60632253, 32.01946327, 31.97068422, ..., 42.70471211,\n         0.        ,  0.58061209],\n       [42.88341742, 31.89274617, 31.85291565, ..., 42.68953802,\n         0.58061209,  0.        ]])"}}