{"duration": 0.013763904571533203, "input_args": {"D_high": "array([[0.        , 0.53851648, 0.50990195, ..., 4.45982062, 4.65080638,\n        4.14004831],\n       [0.53851648, 0.        , 0.3       , ..., 4.49888875, 4.71805044,\n        4.15331193],\n       [0.50990195, 0.3       , 0.        , ..., 4.66154481, 4.84871117,\n        4.29883705],\n       ...,\n       [4.45982062, 4.49888875, 4.66154481, ..., 0.        , 0.6164414 ,\n        0.64031242],\n       [4.65080638, 4.71805044, 4.84871117, ..., 0.6164414 , 0.        ,\n        0.76811457],\n       [4.14004831, 4.15331193, 4.29883705, ..., 0.64031242, 0.76811457,\n        0.        ]])", "D_low": "array([[ 0.        , 13.12876061,  9.11973534, ..., 25.50496722,\n        23.47740962, 17.83817366],\n       [13.12876061,  0.        ,  6.12896543, ..., 19.86573064,\n        17.93867874, 18.94255929],\n       [ 9.11973534,  6.12896543,  0.        , ..., 17.74302912,\n        15.67957576, 13.7400626 ],\n       ...,\n       [25.50496722, 19.86573064, 17.74302912, ...,  0.        ,\n         2.06546871, 11.56273818],\n       [23.47740962, 17.93867874, 15.67957576, ...,  2.06546871,\n         0.        , 10.30628775],\n       [17.83817366, 18.94255929, 13.7400626 , ..., 11.56273818,\n        10.30628775,  0.        ]])", "k": "5"}}