{"duration": 0.004960060119628906, "input_args": {"D_high": "array([[  0.        ,  84.1961696 ,  77.77817558, ..., 164.25094499,\n         96.7953527 , 143.21994847],\n       [ 84.1961696 ,   0.        , 123.13577912, ..., 226.59142528,\n         74.06281237, 214.02748194],\n       [ 77.77817558, 123.13577912,   0.        , ..., 111.20643942,\n         90.52153753, 101.51019271],\n       ...,\n       [164.25094499, 226.59142528, 111.20643942, ...,   0.        ,\n        189.87669905,  46.59966957],\n       [ 96.7953527 ,  74.06281237,  90.52153753, ..., 189.87669905,\n          0.        , 186.26121056],\n       [143.21994847, 214.02748194, 101.51019271, ...,  46.59966957,\n        186.26121056,   0.        ]])", "D_low": "array([[ 0.        ,  5.00246664, 14.10920108, ..., 30.90492582,\n         8.61555531, 16.86739919],\n       [ 5.00246664,  0.        , 15.65039781, ..., 28.41820048,\n         5.26643011, 12.78310979],\n       [14.10920108, 15.65039781,  0.        , ..., 22.58956494,\n        12.99417538, 17.57673954],\n       ...,\n       [30.90492582, 28.41820048, 22.58956494, ...,  0.        ,\n        23.15391724, 17.40937325],\n       [ 8.61555531,  5.26643011, 12.99417538, ..., 23.15391724,\n         0.        ,  8.2929148 ],\n       [16.86739919, 12.78310979, 17.57673954, ..., 17.40937325,\n         8.2929148 ,  0.        ]])"}}