{"duration": 0.003831148147583008, "input_args": {"D_high": "array([[  0.        , 136.88299559, 144.63509711, ...,  53.53524373,\n        141.87200429, 141.91977723],\n       [136.88299559,   0.        ,  31.11839599, ..., 184.18305812,\n         45.52624475,  35.90271834],\n       [144.63509711,  31.11839599,   0.        , ..., 189.98133079,\n         39.42516501,  34.06235871],\n       ...,\n       [ 53.53524373, 184.18305812, 189.98133079, ...,   0.        ,\n        183.80014255, 184.46368641],\n       [141.87200429,  45.52624475,  39.42516501, ..., 183.80014255,\n          0.        ,  20.60302427],\n       [141.91977723,  35.90271834,  34.06235871, ..., 184.46368641,\n         20.60302427,   0.        ]])", "D_low": "array([[ 0.        , 14.1064423 , 12.80938905, ...,  4.67380008,\n        15.25665632, 13.62455074],\n       [14.1064423 ,  0.        ,  9.82293453, ..., 18.77747484,\n         9.07562526,  9.846479  ],\n       [12.80938905,  9.82293453,  0.        , ..., 16.4611946 ,\n         2.9468002 ,  0.84217327],\n       ...,\n       [ 4.67380008, 18.77747484, 16.4611946 , ...,  0.        ,\n        19.15655163, 17.30188415],\n       [15.25665632,  9.07562526,  2.9468002 , ..., 19.15655163,\n         0.        ,  2.19140398],\n       [13.62455074,  9.846479  ,  0.84217327, ..., 17.30188415,\n         2.19140398,  0.        ]])"}}