{"duration": 0.03812527656555176, "input_args": {"D_high": "array([[  0.        ,  77.93464827, 115.40589995, ..., 128.91608086,\n         71.42824327,  88.2669252 ],\n       [ 77.93464827,   0.        ,  83.43747073, ..., 114.70143766,\n         44.29446946,  17.10820975],\n       [115.40589995,  83.43747073,   0.        , ..., 138.70632141,\n         74.24292516,  83.46352557],\n       ...,\n       [128.91608086, 114.70143766, 138.70632141, ...,   0.        ,\n        116.45694834, 116.0975663 ],\n       [ 71.42824327,  44.29446946,  74.24292516, ..., 116.45694834,\n          0.        ,  52.21198288],\n       [ 88.2669252 ,  17.10820975,  83.46352557, ..., 116.0975663 ,\n         52.21198288,   0.        ]])", "D_low": "array([[ 0.        , 10.72160157, 17.53363879, ..., 18.48387397,\n        12.58308463, 12.32796578],\n       [10.72160157,  0.        , 20.12155691, ..., 14.39674464,\n         9.38564148,  1.6589129 ],\n       [17.53363879, 20.12155691,  0.        , ..., 33.66608255,\n        11.45012227, 20.58486971],\n       ...,\n       [18.48387397, 14.39674464, 33.66608255, ...,  0.        ,\n        23.70877532, 14.82845079],\n       [12.58308463,  9.38564148, 11.45012227, ..., 23.70877532,\n         0.        ,  9.4540617 ],\n       [12.32796578,  1.6589129 , 20.58486971, ..., 14.82845079,\n         9.4540617 ,  0.        ]])"}}