{"duration": 0.002371072769165039, "input_args": {"D_high": "array([[0.        , 0.5       , 0.74833148, 0.53851648, 3.49714169,\n        3.47275107, 2.88963666, 2.99499583, 3.18747549, 2.89482297],\n       [0.5       , 0.        , 0.75498344, 0.6       , 3.69052842,\n        3.69459064, 3.12729915, 3.30756708, 3.43074336, 3.19530906],\n       [0.74833148, 0.75498344, 0.        , 1.11803399, 4.14125585,\n        4.14004831, 3.51994318, 3.60138862, 3.84707681, 3.48998567],\n       [0.53851648, 0.6       , 1.11803399, 0.        , 3.38526218,\n        3.31209903, 2.78926514, 2.94957624, 3.02820079, 2.91376046],\n       [3.49714169, 3.69052842, 4.14125585, 3.38526218, 0.        ,\n        0.55677644, 0.74833148, 1.12249722, 0.79372539, 1.08166538],\n       [3.47275107, 3.69459064, 4.14004831, 3.31209903, 0.55677644,\n        0.        , 0.71414284, 0.97467943, 0.37416574, 1.17473401],\n       [2.88963666, 3.12729915, 3.51994318, 2.78926514, 0.74833148,\n        0.71414284, 0.        , 0.58309519, 0.51961524, 0.67082039],\n       [2.99499583, 3.30756708, 3.60138862, 2.94957624, 1.12249722,\n        0.97467943, 0.58309519, 0.        , 0.72801099, 0.51961524],\n       [3.18747549, 3.43074336, 3.84707681, 3.02820079, 0.79372539,\n        0.37416574, 0.51961524, 0.72801099, 0.        , 1.02956301],\n       [2.89482297, 3.19530906, 3.48998567, 2.91376046, 1.08166538,\n        1.17473401, 0.67082039, 0.51961524, 1.02956301, 0.        ]])", "D_low": "array([[ 0.        ,  3.71988236,  3.06308774, 10.5946893 , 15.44833734,\n        15.08262945, 21.6305689 , 23.8810935 , 13.99767181, 22.51267507],\n       [ 3.71988236,  0.        ,  3.65533468,  6.90990468, 11.78134166,\n        11.49733853, 18.17715955, 20.32085993, 10.45502134, 18.88666172],\n       [ 3.06308774,  3.65533468,  0.        , 10.0098689 , 14.83413504,\n        14.74332765, 19.56229171, 21.98746812, 13.77988343, 20.79376119],\n       [10.5946893 ,  6.90990468, 10.0098689 ,  0.        ,  4.8758995 ,\n         4.75289417, 13.00345243, 14.59075432,  3.89394175, 12.87501959],\n       [15.44833734, 11.78134166, 14.83413504,  4.8758995 ,  0.        ,\n         1.384232  , 10.87825051, 11.60047325,  2.27459787,  9.63420048],\n       [15.08262945, 11.49733853, 14.74332765,  4.75289417,  1.384232  ,\n         0.        , 12.26208674, 12.93937185,  1.17878867, 10.95716959],\n       [21.6305689 , 18.17715955, 19.56229171, 13.00345243, 10.87825051,\n        12.26208674,  0.        ,  2.84925848, 12.99333788,  3.24386049],\n       [23.8810935 , 20.32085993, 21.98746812, 14.59075432, 11.60047325,\n        12.93937185,  2.84925848,  0.        , 13.84842529,  2.02993889],\n       [13.99767181, 10.45502134, 13.77988343,  3.89394175,  2.27459787,\n         1.17878867, 12.99333788, 13.84842529,  0.        , 11.89560213],\n       [22.51267507, 18.88666172, 20.79376119, 12.87501959,  9.63420048,\n        10.95716959,  3.24386049,  2.02993889, 11.89560213,  0.        ]])"}}