{"duration": 0.01923823356628418, "input_args": {"D_high": "array([[0.        , 0.53851648, 0.50990195, ..., 4.45982062, 4.65080638,\n        4.14004831],\n       [0.53851648, 0.        , 0.3       , ..., 4.49888875, 4.71805044,\n        4.15331193],\n       [0.50990195, 0.3       , 0.        , ..., 4.66154481, 4.84871117,\n        4.29883705],\n       ...,\n       [4.45982062, 4.49888875, 4.66154481, ..., 0.        , 0.6164414 ,\n        0.64031242],\n       [4.65080638, 4.71805044, 4.84871117, ..., 0.6164414 , 0.        ,\n        0.76811457],\n       [4.14004831, 4.15331193, 4.29883705, ..., 0.64031242, 0.76811457,\n        0.        ]])", "D_low": "array([[ 0.        ,  0.24490965,  0.48071665, ..., 10.47081478,\n         4.82673792,  4.01395825],\n       [ 0.24490965,  0.        ,  0.26925219, ..., 10.26623598,\n         4.58268892,  3.76964058],\n       [ 0.48071665,  0.26925219,  0.        , ..., 10.20138415,\n         4.40182305,  3.5868411 ],\n       ...,\n       [10.47081478, 10.26623598, 10.20138415, ...,  0.        ,\n         6.62841705,  7.23292504],\n       [ 4.82673792,  4.58268892,  4.40182305, ...,  6.62841705,\n         0.        ,  0.81521917],\n       [ 4.01395825,  3.76964058,  3.5868411 , ...,  7.23292504,\n         0.81521917,  0.        ]])", "k": "45"}}