{"duration": 0.03589677810668945, "input_args": {"D_high": "array([[  0.        ,  77.93464827, 115.40589995, ..., 128.91608086,\n         71.42824327,  88.2669252 ],\n       [ 77.93464827,   0.        ,  83.43747073, ..., 114.70143766,\n         44.29446946,  17.10820975],\n       [115.40589995,  83.43747073,   0.        , ..., 138.70632141,\n         74.24292516,  83.46352557],\n       ...,\n       [128.91608086, 114.70143766, 138.70632141, ...,   0.        ,\n        116.45694834, 116.0975663 ],\n       [ 71.42824327,  44.29446946,  74.24292516, ..., 116.45694834,\n          0.        ,  52.21198288],\n       [ 88.2669252 ,  17.10820975,  83.46352557, ..., 116.0975663 ,\n         52.21198288,   0.        ]])", "D_low": "array([[ 0.        , 12.54172217, 25.15187538, ..., 18.81078875,\n         5.80909085, 12.94776841],\n       [12.54172217,  0.        , 28.15949945, ..., 14.08206839,\n         7.22954347,  0.95963762],\n       [25.15187538, 28.15949945,  0.        , ..., 16.76685825,\n        24.05432631, 27.54965463],\n       ...,\n       [18.81078875, 14.08206839, 16.76685825, ...,  0.        ,\n        14.13181088, 13.20647266],\n       [ 5.80909085,  7.22954347, 24.05432631, ..., 14.13181088,\n         0.        ,  7.43835443],\n       [12.94776841,  0.95963762, 27.54965463, ..., 13.20647266,\n         7.43835443,  0.        ]])"}}