{"duration": 0.003994941711425781, "input_args": {"D_high": "array([[0.        , 1.25698051, 0.78740079, ..., 4.57602448, 4.79165942,\n        4.21781934],\n       [1.25698051, 0.        , 0.50990195, ..., 4.05215992, 4.25440948,\n        3.80657326],\n       [0.78740079, 0.50990195, 0.        , ..., 4.10609303, 4.32897216,\n        3.81182371],\n       ...,\n       [4.57602448, 4.05215992, 4.10609303, ..., 0.        , 0.6164414 ,\n        0.64031242],\n       [4.79165942, 4.25440948, 4.32897216, ..., 0.6164414 , 0.        ,\n        0.76811457],\n       [4.21781934, 3.80657326, 3.81182371, ..., 0.64031242, 0.76811457,\n        0.        ]])", "D_low": "array([[ 0.        , 14.76229897, 14.65265654, ..., 19.41496539,\n        17.47505306, 18.37884937],\n       [14.76229897,  0.        ,  2.45779526, ..., 22.36810448,\n        20.46189419, 13.11840029],\n       [14.65265654,  2.45779526,  0.        , ..., 24.34081777,\n        22.38560542, 15.50468271],\n       ...,\n       [19.41496539, 22.36810448, 24.34081777, ...,  0.        ,\n         2.06546871, 11.56273818],\n       [17.47505306, 20.46189419, 22.38560542, ...,  2.06546871,\n         0.        , 10.30628775],\n       [18.37884937, 13.11840029, 15.50468271, ..., 11.56273818,\n        10.30628775,  0.        ]])"}}