{"duration": 0.003744840621948242, "input_args": {"D_high": "array([[ 0.        , 10.19803903, 12.489996  , ..., 14.38749457,\n        14.28285686, 13.52774926],\n       [10.19803903,  0.        , 14.2126704 , ..., 15.65247584,\n        17.3781472 , 15.96871942],\n       [12.489996  , 14.2126704 ,  0.        , ..., 18.46618531,\n        19.33907961, 17.17556404],\n       ...,\n       [14.38749457, 15.65247584, 18.46618531, ...,  0.        ,\n         4.12310563,  3.16227766],\n       [14.28285686, 17.3781472 , 19.33907961, ...,  4.12310563,\n         0.        ,  4.35889894],\n       [13.52774926, 15.96871942, 17.17556404, ...,  3.16227766,\n         4.35889894,  0.        ]])", "D_low": "array([[ 0.        ,  2.81947615,  3.43599803, ...,  6.34996849,\n        10.85129597,  4.62807779],\n       [ 2.81947615,  0.        ,  3.47090939, ...,  7.11014159,\n        11.8831868 ,  5.41505129],\n       [ 3.43599803,  3.47090939,  0.        , ...,  9.65341207,\n        14.25681948,  7.89821553],\n       ...,\n       [ 6.34996849,  7.11014159,  9.65341207, ...,  0.        ,\n         4.77566066,  1.75815558],\n       [10.85129597, 11.8831868 , 14.25681948, ...,  4.77566066,\n         0.        ,  6.48486199],\n       [ 4.62807779,  5.41505129,  7.89821553, ...,  1.75815558,\n         6.48486199,  0.        ]])"}}