{"duration": 0.03589892387390137, "input_args": {"D_high": "array([[  0.        ,  66.90348403,  54.29633528, ...,  50.39119964,\n         89.23943184,  61.27038404],\n       [ 66.90348403,   0.        , 102.51825711, ...,  26.11680932,\n         80.22894802,  38.63518149],\n       [ 54.29633528, 102.51825711,   0.        , ...,  85.13919448,\n         91.66838038,  76.41017076],\n       ...,\n       [ 50.39119964,  26.11680932,  85.13919448, ...,   0.        ,\n         86.1426327 ,  33.06672648],\n       [ 89.23943184,  80.22894802,  91.66838038, ...,  86.1426327 ,\n          0.        ,  65.05813008],\n       [ 61.27038404,  38.63518149,  76.41017076, ...,  33.06672648,\n         65.05813008,   0.        ]])", "D_low": "array([[ 0.        , 10.56125074,  5.51146176, ...,  9.30716623,\n        19.43458669, 11.58579558],\n       [10.56125074,  0.        , 14.11167175, ...,  2.09209664,\n        20.67358657, 15.67816815],\n       [ 5.51146176, 14.11167175,  0.        , ..., 13.48127066,\n        15.47621877,  7.30628238],\n       ...,\n       [ 9.30716623,  2.09209664, 13.48127066, ...,  0.        ,\n        21.69771106, 16.03680961],\n       [19.43458669, 20.67358657, 15.47621877, ..., 21.69771106,\n         0.        ,  8.17025674],\n       [11.58579558, 15.67816815,  7.30628238, ..., 16.03680961,\n         8.17025674,  0.        ]])"}}