{"duration": 0.004769802093505859, "input_args": {"D_high": "array([[ 0.        , 10.19803903, 12.489996  , ..., 14.38749457,\n        14.28285686, 13.52774926],\n       [10.19803903,  0.        , 14.2126704 , ..., 15.65247584,\n        17.3781472 , 15.96871942],\n       [12.489996  , 14.2126704 ,  0.        , ..., 18.46618531,\n        19.33907961, 17.17556404],\n       ...,\n       [14.38749457, 15.65247584, 18.46618531, ...,  0.        ,\n         4.12310563,  3.16227766],\n       [14.28285686, 17.3781472 , 19.33907961, ...,  4.12310563,\n         0.        ,  4.35889894],\n       [13.52774926, 15.96871942, 17.17556404, ...,  3.16227766,\n         4.35889894,  0.        ]])", "D_low": "array([[ 0.        ,  0.61034182,  5.49212328, ...,  8.91941006,\n        13.38156627,  6.60980715],\n       [ 0.61034182,  0.        ,  5.02515258, ...,  9.06290667,\n        13.86350415,  6.71999838],\n       [ 5.49212328,  5.02515258,  0.        , ...,  8.14419861,\n        15.59522355,  6.11185111],\n       ...,\n       [ 8.91941006,  9.06290667,  8.14419861, ...,  0.        ,\n         8.65096067,  2.36770069],\n       [13.38156627, 13.86350415, 15.59522355, ...,  8.65096067,\n         0.        ,  9.72294361],\n       [ 6.60980715,  6.71999838,  6.11185111, ...,  2.36770069,\n         9.72294361,  0.        ]])"}}