{"duration": 0.0048639774322509766, "input_args": {"D_high": "array([[  0.        ,  99.03767478, 222.48737404, ...,  68.05106924,\n         70.4634419 ,  60.21040362],\n       [ 99.03767478,   0.        , 164.71032149, ...,  64.29096437,\n         79.46048483,  91.05102311],\n       [222.48737404, 164.71032149,   0.        , ..., 171.03618466,\n        234.92428202, 228.54251158],\n       ...,\n       [ 68.05106924,  64.29096437, 171.03618466, ...,   0.        ,\n         81.67068317,  66.23426945],\n       [ 70.4634419 ,  79.46048483, 234.92428202, ...,  81.67068317,\n          0.        ,  43.77778089],\n       [ 60.21040362,  91.05102311, 228.54251158, ...,  66.23426945,\n         43.77778089,   0.        ]])", "D_low": "array([[ 0.        , 10.3169462 ,  7.94515727, ..., 13.83360923,\n        17.89120928, 12.29226554],\n       [10.3169462 ,  0.        , 12.22925851, ...,  3.87589916,\n         9.07659574,  7.25459755],\n       [ 7.94515727, 12.22925851,  0.        , ..., 14.07909771,\n        21.28317386, 17.58459224],\n       ...,\n       [13.83360923,  3.87589916, 14.07909771, ...,  0.        ,\n         8.86989453,  9.8765114 ],\n       [17.89120928,  9.07659574, 21.28317386, ...,  8.86989453,\n         0.        ,  6.79197282],\n       [12.29226554,  7.25459755, 17.58459224, ...,  9.8765114 ,\n         6.79197282,  0.        ]])"}}