{"duration": 0.002076864242553711, "input_args": {"D_high": "array([[0.        , 0.33166248, 0.70710678, ..., 4.40227214, 4.71911009,\n        4.27317212],\n       [0.33166248, 0.        , 0.41231056, ..., 4.28835633, 4.63680925,\n        4.15331193],\n       [0.70710678, 0.41231056, 0.        , ..., 4.39317653, 4.77807493,\n        4.26380112],\n       ...,\n       [4.40227214, 4.28835633, 4.39317653, ..., 0.        , 0.57445626,\n        0.81240384],\n       [4.71911009, 4.63680925, 4.77807493, ..., 0.57445626, 0.        ,\n        1.13578167],\n       [4.27317212, 4.15331193, 4.26380112, ..., 0.81240384, 1.13578167,\n        0.        ]])", "D_low": "array([[ 0.        ,  0.94675389, 10.50499431, ...,  4.76761422,\n         4.75691582,  5.4498464 ],\n       [ 0.94675389,  0.        , 10.6716804 , ...,  4.39365278,\n         4.37283105,  4.93764631],\n       [10.50499431, 10.6716804 ,  0.        , ...,  7.22972297,\n         7.28219006,  7.65522972],\n       ...,\n       [ 4.76761422,  4.39365278,  7.22972297, ...,  0.        ,\n         0.05561269,  1.01392077],\n       [ 4.75691582,  4.37283105,  7.28219006, ...,  0.05561269,\n         0.        ,  0.97860088],\n       [ 5.4498464 ,  4.93764631,  7.65522972, ...,  1.01392077,\n         0.97860088,  0.        ]])"}}