{"duration": 0.0020728111267089844, "input_args": {"D_high": "array([[0.        , 0.53851648, 0.50990195, ..., 3.15277655, 4.69041576,\n        5.63914887],\n       [0.53851648, 0.        , 0.3       , ..., 3.10322413, 4.70850295,\n        5.74717322],\n       [0.50990195, 0.3       , 0.        , ..., 3.26802693, 4.86826458,\n        5.89406481],\n       ...,\n       [3.15277655, 3.10322413, 3.26802693, ..., 0.        , 1.65529454,\n        2.90172363],\n       [4.69041576, 4.70850295, 4.86826458, ..., 1.65529454, 0.        ,\n        1.42828569],\n       [5.63914887, 5.74717322, 5.89406481, ..., 2.90172363, 1.42828569,\n        0.        ]])", "D_low": "array([[ 0.        ,  7.62518248,  5.03281971, ..., 10.88358725,\n        16.46372692, 15.90046543],\n       [ 7.62518248,  0.        ,  2.60781356, ..., 14.35763232,\n        16.57688812, 12.49307649],\n       [ 5.03281971,  2.60781356,  0.        , ..., 12.96894675,\n        16.36805974, 13.4782017 ],\n       ...,\n       [10.88358725, 14.35763232, 12.96894675, ...,  0.        ,\n         7.68522094, 12.18960359],\n       [16.46372692, 16.57688812, 16.36805974, ...,  7.68522094,\n         0.        ,  7.62574265],\n       [15.90046543, 12.49307649, 13.4782017 , ..., 12.18960359,\n         7.62574265,  0.        ]])"}}