{"duration": 0.002279996871948242, "input_args": {"D_high": "array([[0.        , 0.53851648, 0.50990195, ..., 3.15277655, 4.69041576,\n        5.63914887],\n       [0.53851648, 0.        , 0.3       , ..., 3.10322413, 4.70850295,\n        5.74717322],\n       [0.50990195, 0.3       , 0.        , ..., 3.26802693, 4.86826458,\n        5.89406481],\n       ...,\n       [3.15277655, 3.10322413, 3.26802693, ..., 0.        , 1.65529454,\n        2.90172363],\n       [4.69041576, 4.70850295, 4.86826458, ..., 1.65529454, 0.        ,\n        1.42828569],\n       [5.63914887, 5.74717322, 5.89406481, ..., 2.90172363, 1.42828569,\n        0.        ]])", "D_low": "array([[0.        , 0.30936558, 0.48734629, ..., 4.87298458, 5.21994291,\n        5.09673697],\n       [0.30936558, 0.        , 0.72441141, ..., 4.5728304 , 4.92129236,\n        4.80249468],\n       [0.48734629, 0.72441141, 0.        , ..., 5.27040924, 5.62204888,\n        5.51135891],\n       ...,\n       [4.87298458, 4.5728304 , 5.27040924, ..., 0.        , 0.36033447,\n        0.40449327],\n       [5.21994291, 4.92129236, 5.62204888, ..., 0.36033447, 0.        ,\n        0.27810731],\n       [5.09673697, 4.80249468, 5.51135891, ..., 0.40449327, 0.27810731,\n        0.        ]])"}}