{"duration": 0.003201723098754883, "input_args": {"D_high": "array([[0.        , 1.25698051, 0.78740079, ..., 4.57602448, 4.79165942,\n        4.21781934],\n       [1.25698051, 0.        , 0.50990195, ..., 4.05215992, 4.25440948,\n        3.80657326],\n       [0.78740079, 0.50990195, 0.        , ..., 4.10609303, 4.32897216,\n        3.81182371],\n       ...,\n       [4.57602448, 4.05215992, 4.10609303, ..., 0.        , 0.6164414 ,\n        0.64031242],\n       [4.79165942, 4.25440948, 4.32897216, ..., 0.6164414 , 0.        ,\n        0.76811457],\n       [4.21781934, 3.80657326, 3.81182371, ..., 0.64031242, 0.76811457,\n        0.        ]])", "D_low": "array([[0.        , 0.05068499, 0.39855066, ..., 5.7821116 , 5.65431438,\n        5.36191948],\n       [0.05068499, 0.        , 0.42046727, ..., 5.74583359, 5.61626478,\n        5.32520517],\n       [0.39855066, 0.42046727, 0.        , ..., 5.64662874, 5.5387358 ,\n        5.23220883],\n       ...,\n       [5.7821116 , 5.74583359, 5.64662874, ..., 0.        , 0.32007588,\n        0.42601202],\n       [5.65431438, 5.61626478, 5.5387358 , ..., 0.32007588, 0.        ,\n        0.36187591],\n       [5.36191948, 5.32520517, 5.23220883, ..., 0.42601202, 0.36187591,\n        0.        ]])"}}