{"duration": 0.0049610137939453125, "input_args": {"D_high": "array([[0.        , 1.25698051, 0.78740079, ..., 4.57602448, 4.79165942,\n        4.21781934],\n       [1.25698051, 0.        , 0.50990195, ..., 4.05215992, 4.25440948,\n        3.80657326],\n       [0.78740079, 0.50990195, 0.        , ..., 4.10609303, 4.32897216,\n        3.81182371],\n       ...,\n       [4.57602448, 4.05215992, 4.10609303, ..., 0.        , 0.6164414 ,\n        0.64031242],\n       [4.79165942, 4.25440948, 4.32897216, ..., 0.6164414 , 0.        ,\n        0.76811457],\n       [4.21781934, 3.80657326, 3.81182371, ..., 0.64031242, 0.76811457,\n        0.        ]])", "D_low": "array([[ 0.        , 16.4324033 , 15.10092967, ..., 42.53334236,\n        27.48803309, 38.77198473],\n       [16.4324033 ,  0.        ,  1.33545346, ..., 32.88851465,\n        37.80145927, 29.95247743],\n       [15.10092967,  1.33545346,  0.        , ..., 33.38597619,\n        36.73441381, 30.34160181],\n       ...,\n       [42.53334236, 32.88851465, 33.38597619, ...,  0.        ,\n        42.93906678,  4.04162753],\n       [27.48803309, 37.80145927, 36.73441381, ..., 42.93906678,\n         0.        , 39.09353605],\n       [38.77198473, 29.95247743, 30.34160181, ...,  4.04162753,\n        39.09353605,  0.        ]])"}}