{"duration": 0.002886056900024414, "input_args": {"D_high": "array([[0.        , 0.33166248, 0.70710678, ..., 4.40227214, 4.71911009,\n        4.27317212],\n       [0.33166248, 0.        , 0.41231056, ..., 4.28835633, 4.63680925,\n        4.15331193],\n       [0.70710678, 0.41231056, 0.        , ..., 4.39317653, 4.77807493,\n        4.26380112],\n       ...,\n       [4.40227214, 4.28835633, 4.39317653, ..., 0.        , 0.57445626,\n        0.81240384],\n       [4.71911009, 4.63680925, 4.77807493, ..., 0.57445626, 0.        ,\n        1.13578167],\n       [4.27317212, 4.15331193, 4.26380112, ..., 0.81240384, 1.13578167,\n        0.        ]])", "D_low": "array([[ 0.        ,  0.88827218, 35.38802113, ..., 46.97684021,\n        50.47164148, 26.50906326],\n       [ 0.88827218,  0.        , 34.65449712, ..., 46.1072186 ,\n        49.60940465, 25.96170146],\n       [35.38802113, 34.65449712,  0.        , ..., 33.64260201,\n        37.36267492, 42.37413719],\n       ...,\n       [46.97684021, 46.1072186 , 33.64260201, ...,  0.        ,\n         3.93721867, 31.44981152],\n       [50.47164148, 49.60940465, 37.36267492, ...,  3.93721867,\n         0.        , 33.53763758],\n       [26.50906326, 25.96170146, 42.37413719, ..., 31.44981152,\n        33.53763758,  0.        ]])"}}