{"duration": 0.005013942718505859, "input_args": {"D_high": "array([[0.        , 0.53851648, 0.50990195, ..., 4.27668096, 4.45982062,\n        4.65080638],\n       [0.53851648, 0.        , 0.3       , ..., 4.24970587, 4.49888875,\n        4.71805044],\n       [0.50990195, 0.3       , 0.        , ..., 4.43057558, 4.66154481,\n        4.84871117],\n       ...,\n       [4.27668096, 4.24970587, 4.43057558, ..., 0.        , 0.58309519,\n        1.06770783],\n       [4.45982062, 4.49888875, 4.66154481, ..., 0.58309519, 0.        ,\n        0.6164414 ],\n       [4.65080638, 4.71805044, 4.84871117, ..., 1.06770783, 0.6164414 ,\n        0.        ]])", "D_low": "array([[0.        , 2.92152984, 2.84851611, ..., 5.47486488, 6.28369177,\n        6.32132165],\n       [2.92152984, 0.        , 0.19882241, ..., 4.95036528, 5.71380481,\n        5.59985427],\n       [2.84851611, 0.19882241, 0.        , ..., 5.12441723, 5.89272635,\n        5.78305573],\n       ...,\n       [5.47486488, 4.95036528, 5.12441723, ..., 0.        , 0.81822741,\n        0.86388974],\n       [6.28369177, 5.71380481, 5.89272635, ..., 0.81822741, 0.        ,\n        0.32007588],\n       [6.32132165, 5.59985427, 5.78305573, ..., 0.86388974, 0.32007588,\n        0.        ]])"}}