{"duration": 0.019778013229370117, "input_args": {"D_high": "array([[  0.        ,  78.51486107,  69.20815273, ...,  69.73493016,\n         71.7084146 ,  59.3410676 ],\n       [ 78.51486107,   0.        ,  52.82187071, ..., 116.13798098,\n         25.56589605,  57.21757619],\n       [ 69.20815273,  52.82187071,   0.        , ..., 115.90542006,\n         47.68584545,  27.4294094 ],\n       ...,\n       [ 69.73493016, 116.13798098, 115.90542006, ...,   0.        ,\n        116.45694834, 116.0975663 ],\n       [ 71.7084146 ,  25.56589605,  47.68584545, ..., 116.45694834,\n          0.        ,  52.21198288],\n       [ 59.3410676 ,  57.21757619,  27.4294094 , ..., 116.0975663 ,\n         52.21198288,   0.        ]])", "D_low": "array([[ 0.        , 21.05294475,  7.28546134, ...,  8.27015876,\n        19.6520149 ,  9.44694184],\n       [21.05294475,  0.        , 14.15560698, ..., 29.13446377,\n         1.54085901, 13.11550701],\n       [ 7.28546134, 14.15560698,  0.        , ..., 15.03703592,\n        12.68093813,  2.58005926],\n       ...,\n       [ 8.27015876, 29.13446377, 15.03703592, ...,  0.        ,\n        27.68823001, 16.68098067],\n       [19.6520149 ,  1.54085901, 12.68093813, ..., 27.68823001,\n         0.        , 11.58415985],\n       [ 9.44694184, 13.11550701,  2.58005926, ..., 16.68098067,\n        11.58415985,  0.        ]])"}}