{"duration": 0.03474593162536621, "input_args": {"D_high": "array([[  0.        ,  66.90348403,  54.29633528, ...,  50.39119964,\n         89.23943184,  61.27038404],\n       [ 66.90348403,   0.        , 102.51825711, ...,  26.11680932,\n         80.22894802,  38.63518149],\n       [ 54.29633528, 102.51825711,   0.        , ...,  85.13919448,\n         91.66838038,  76.41017076],\n       ...,\n       [ 50.39119964,  26.11680932,  85.13919448, ...,   0.        ,\n         86.1426327 ,  33.06672648],\n       [ 89.23943184,  80.22894802,  91.66838038, ...,  86.1426327 ,\n          0.        ,  65.05813008],\n       [ 61.27038404,  38.63518149,  76.41017076, ...,  33.06672648,\n         65.05813008,   0.        ]])", "D_low": "array([[ 0.        , 12.2429305 ,  4.4147916 , ...,  9.53455908,\n        18.83369395,  8.82750515],\n       [12.2429305 ,  0.        , 15.57583303, ...,  2.75651829,\n        21.84451203, 10.08187618],\n       [ 4.4147916 , 15.57583303,  0.        , ..., 13.04994011,\n        16.08673744,  9.0377091 ],\n       ...,\n       [ 9.53455908,  2.75651829, 13.04994011, ...,  0.        ,\n        21.0072811 ,  8.78475452],\n       [18.83369395, 21.84451203, 16.08673744, ..., 21.0072811 ,\n         0.        , 12.31215347],\n       [ 8.82750515, 10.08187618,  9.0377091 , ...,  8.78475452,\n        12.31215347,  0.        ]])"}}