{"duration": 0.0025310516357421875, "input_args": {"D_high": "array([[0.        , 0.5       , 0.2       , ..., 4.22018957, 4.45757782,\n        4.10609303],\n       [0.5       , 0.        , 0.55677644, ..., 4.23792402, 4.42040722,\n        4.1024383 ],\n       [0.2       , 0.55677644, 0.        , ..., 4.0484565 , 4.29534632,\n        3.95221457],\n       ...,\n       [4.22018957, 4.23792402, 4.0484565 , ..., 0.        , 0.58309519,\n        0.65574385],\n       [4.45757782, 4.42040722, 4.29534632, ..., 0.58309519, 0.        ,\n        0.64031242],\n       [4.10609303, 4.1024383 , 3.95221457, ..., 0.65574385, 0.64031242,\n        0.        ]])", "D_low": "array([[0.        , 0.44908992, 0.55284374, ..., 5.69777246, 5.63953981,\n        5.93246116],\n       [0.44908992, 0.        , 0.12186767, ..., 5.25941033, 5.20378669,\n        5.49841051],\n       [0.55284374, 0.12186767, 0.        , ..., 5.17958905, 5.12645584,\n        5.42248937],\n       ...,\n       [5.69777246, 5.25941033, 5.17958905, ..., 0.        , 0.14908936,\n        0.32772955],\n       [5.63953981, 5.20378669, 5.12645584, ..., 0.14908936, 0.        ,\n        0.30572431],\n       [5.93246116, 5.49841051, 5.42248937, ..., 0.32772955, 0.30572431,\n        0.        ]])"}}