{"duration": 0.0069620609283447266, "input_args": {"D_high": "array([[0.        , 0.53851648, 0.50990195, ..., 4.27668096, 4.45982062,\n        4.65080638],\n       [0.53851648, 0.        , 0.3       , ..., 4.24970587, 4.49888875,\n        4.71805044],\n       [0.50990195, 0.3       , 0.        , ..., 4.43057558, 4.66154481,\n        4.84871117],\n       ...,\n       [4.27668096, 4.24970587, 4.43057558, ..., 0.        , 0.58309519,\n        1.06770783],\n       [4.45982062, 4.49888875, 4.66154481, ..., 0.58309519, 0.        ,\n        0.6164414 ],\n       [4.65080638, 4.71805044, 4.84871117, ..., 1.06770783, 0.6164414 ,\n        0.        ]])", "D_low": "array([[ 0.        , 11.84627796,  7.12110746, ..., 21.05136025,\n        24.51764856, 23.55471292],\n       [11.84627796,  0.        ,  5.07452445, ..., 21.87510294,\n        20.99278747, 19.17818806],\n       [ 7.12110746,  5.07452445,  0.        , ..., 19.32101751,\n        20.36731898, 18.92855509],\n       ...,\n       [21.05136025, 21.87510294, 19.32101751, ...,  0.        ,\n         8.2727603 ,  9.50575036],\n       [24.51764856, 20.99278747, 20.36731898, ...,  8.2727603 ,\n         0.        ,  2.20612126],\n       [23.55471292, 19.17818806, 18.92855509, ...,  9.50575036,\n         2.20612126,  0.        ]])"}}