{"duration": 0.0021979808807373047, "input_args": {"D_high": "array([[0.        , 0.33166248, 0.70710678, ..., 4.40227214, 4.71911009,\n        4.27317212],\n       [0.33166248, 0.        , 0.41231056, ..., 4.28835633, 4.63680925,\n        4.15331193],\n       [0.70710678, 0.41231056, 0.        , ..., 4.39317653, 4.77807493,\n        4.26380112],\n       ...,\n       [4.40227214, 4.28835633, 4.39317653, ..., 0.        , 0.57445626,\n        0.81240384],\n       [4.71911009, 4.63680925, 4.77807493, ..., 0.57445626, 0.        ,\n        1.13578167],\n       [4.27317212, 4.15331193, 4.26380112, ..., 0.81240384, 1.13578167,\n        0.        ]])", "D_low": "array([[0.        , 0.57198607, 0.71109058, ..., 7.18898022, 7.03789103,\n        7.34959939],\n       [0.57198607, 0.        , 0.78716361, ..., 6.65597787, 6.55394889,\n        6.82245207],\n       [0.71109058, 0.78716361, 0.        , ..., 6.79938701, 6.54371889,\n        6.94334613],\n       ...,\n       [7.18898022, 6.65597787, 6.79938701, ..., 0.        , 1.31251683,\n        0.25129643],\n       [7.03789103, 6.55394889, 6.54371889, ..., 1.31251683, 0.        ,\n        1.17002641],\n       [7.34959939, 6.82245207, 6.94334613, ..., 0.25129643, 1.17002641,\n        0.        ]])"}}