{"duration": 0.00484919548034668, "input_args": {"D_high": "array([[  0.        ,  84.1961696 ,  77.77817558, ..., 164.25094499,\n         96.7953527 , 143.21994847],\n       [ 84.1961696 ,   0.        , 123.13577912, ..., 226.59142528,\n         74.06281237, 214.02748194],\n       [ 77.77817558, 123.13577912,   0.        , ..., 111.20643942,\n         90.52153753, 101.51019271],\n       ...,\n       [164.25094499, 226.59142528, 111.20643942, ...,   0.        ,\n        189.87669905,  46.59966957],\n       [ 96.7953527 ,  74.06281237,  90.52153753, ..., 189.87669905,\n          0.        , 186.26121056],\n       [143.21994847, 214.02748194, 101.51019271, ...,  46.59966957,\n        186.26121056,   0.        ]])", "D_low": "array([[ 0.        , 11.97288357,  8.22995061, ..., 22.47283461,\n         8.82341534, 21.06222118],\n       [11.97288357,  0.        , 10.37916561, ..., 20.61580858,\n         5.94003443,  9.78598108],\n       [ 8.22995061, 10.37916561,  0.        , ..., 14.34230563,\n        11.71779984, 16.34956557],\n       ...,\n       [22.47283461, 20.61580858, 14.34230563, ...,  0.        ,\n        24.68675972, 19.25022763],\n       [ 8.82341534,  5.94003443, 11.71779984, ..., 24.68675972,\n         0.        , 15.58824401],\n       [21.06222118,  9.78598108, 16.34956557, ..., 19.25022763,\n        15.58824401,  0.        ]])"}}