{"duration": 0.015020132064819336, "input_args": {"D_high": "array([[ 0.        , 11.87434209,  2.23606798, ..., 17.3781472 ,\n        12.9614814 , 13.89244399],\n       [11.87434209,  0.        , 11.3137085 , ..., 14.6628783 ,\n        11.78982612, 10.95445115],\n       [ 2.23606798, 11.3137085 ,  0.        , ..., 17.40689519,\n        12.76714533, 13.6381817 ],\n       ...,\n       [17.3781472 , 14.6628783 , 17.40689519, ...,  0.        ,\n         7.74596669,  8.18535277],\n       [12.9614814 , 11.78982612, 12.76714533, ...,  7.74596669,\n         0.        ,  3.31662479],\n       [13.89244399, 10.95445115, 13.6381817 , ...,  8.18535277,\n         3.31662479,  0.        ]])", "D_low": "array([[0.        , 6.90425187, 0.87523346, ..., 7.66305272, 7.50986227,\n        7.52118039],\n       [6.90425187, 0.        , 6.23012418, ..., 7.26316637, 6.43919541,\n        6.30900655],\n       [0.87523346, 6.23012418, 0.        , ..., 7.81503898, 7.56242535,\n        7.55527959],\n       ...,\n       [7.66305272, 7.26316637, 7.81503898, ..., 0.        , 0.89683978,\n        1.05401641],\n       [7.50986227, 6.43919541, 7.56242535, ..., 0.89683978, 0.        ,\n        0.15921234],\n       [7.52118039, 6.30900655, 7.55527959, ..., 1.05401641, 0.15921234,\n        0.        ]])"}}