{"duration": 0.01462411880493164, "input_args": {"D_high": "array([[  0.        ,  63.23003439,  51.6526914 , ...,  66.22284519,\n         27.80260283, 159.45199265],\n       [ 63.23003439,   0.        ,  64.14069613, ...,  27.67658187,\n         52.44791055, 160.38731457],\n       [ 51.6526914 ,  64.14069613,   0.        , ...,  62.35925404,\n         42.98609637, 123.5982541 ],\n       ...,\n       [ 66.22284519,  27.67658187,  62.35925404, ...,   0.        ,\n         54.08764636, 159.7956386 ],\n       [ 27.80260283,  52.44791055,  42.98609637, ...,  54.08764636,\n          0.        , 157.90239317],\n       [159.45199265, 160.38731457, 123.5982541 , ..., 159.7956386 ,\n        157.90239317,   0.        ]])", "D_low": "array([[ 0.        , 12.92952878,  7.16628234, ..., 10.59793094,\n         1.78112201,  5.77488245],\n       [12.92952878,  0.        ,  7.23858133, ...,  3.01474011,\n        14.32938638, 17.82958533],\n       [ 7.16628234,  7.23858133,  0.        , ...,  6.3454457 ,\n         8.90327594, 10.97052897],\n       ...,\n       [10.59793094,  3.01474011,  6.3454457 , ...,  0.        ,\n        11.82320709, 15.90293604],\n       [ 1.78112201, 14.32938638,  8.90327594, ..., 11.82320709,\n         0.        ,  5.70189362],\n       [ 5.77488245, 17.82958533, 10.97052897, ..., 15.90293604,\n         5.70189362,  0.        ]])"}}