{"duration": 0.0033769607543945312, "input_args": {"D_high": "array([[  0.        ,  63.23003439,  51.6526914 , ...,  66.22284519,\n         27.80260283, 159.45199265],\n       [ 63.23003439,   0.        ,  64.14069613, ...,  27.67658187,\n         52.44791055, 160.38731457],\n       [ 51.6526914 ,  64.14069613,   0.        , ...,  62.35925404,\n         42.98609637, 123.5982541 ],\n       ...,\n       [ 66.22284519,  27.67658187,  62.35925404, ...,   0.        ,\n         54.08764636, 159.7956386 ],\n       [ 27.80260283,  52.44791055,  42.98609637, ...,  54.08764636,\n          0.        , 157.90239317],\n       [159.45199265, 160.38731457, 123.5982541 , ..., 159.7956386 ,\n        157.90239317,   0.        ]])", "D_low": "array([[ 0.        ,  9.59554631, 13.38775656, ...,  5.82383265,\n         3.06437666, 22.34693076],\n       [ 9.59554631,  0.        , 12.78638785, ...,  4.45383562,\n         8.49002216, 29.19117085],\n       [13.38775656, 12.78638785,  0.        , ..., 10.33027767,\n        15.360066  , 19.99867962],\n       ...,\n       [ 5.82383265,  4.45383562, 10.33027767, ...,  0.        ,\n         6.00345577, 24.87768493],\n       [ 3.06437666,  8.49002216, 15.360066  , ...,  6.00345577,\n         0.        , 25.38852766],\n       [22.34693076, 29.19117085, 19.99867962, ..., 24.87768493,\n        25.38852766,  0.        ]])"}}