{"duration": 0.08113694190979004, "input_args": {"D_high": "array([[  0.        ,  66.90348403,  54.29633528, ..., 117.7833007 ,\n         43.58127217,  61.71982942],\n       [ 66.90348403,   0.        , 102.51825711, ..., 118.02190998,\n         53.16248681,  12.74524602],\n       [ 54.29633528, 102.51825711,   0.        , ..., 130.39398885,\n         59.87774486,  96.3199743 ],\n       ...,\n       [117.7833007 , 118.02190998, 130.39398885, ...,   0.        ,\n        116.45694834, 116.0975663 ],\n       [ 43.58127217,  53.16248681,  59.87774486, ..., 116.45694834,\n          0.        ,  52.21198288],\n       [ 61.71982942,  12.74524602,  96.3199743 , ..., 116.0975663 ,\n         52.21198288,   0.        ]])", "D_low": "array([[ 0.        , 13.54198845, 11.97894999, ..., 30.29415961,\n        17.8938014 , 11.61680356],\n       [13.54198845,  0.        ,  8.44715146, ..., 18.8740442 ,\n         4.93285206,  2.6820753 ],\n       [11.97894999,  8.44715146,  0.        , ..., 27.0143054 ,\n         9.51290758,  9.33474404],\n       ...,\n       [30.29415961, 18.8740442 , 27.0143054 , ...,  0.        ,\n        18.22758738, 19.4154637 ],\n       [17.8938014 ,  4.93285206,  9.51290758, ..., 18.22758738,\n         0.        ,  7.60061644],\n       [11.61680356,  2.6820753 ,  9.33474404, ..., 19.4154637 ,\n         7.60061644,  0.        ]])"}}