{"duration": 0.0052721500396728516, "input_args": {"D_high": "array([[  0.        ,  99.03767478, 222.48737404, ...,  68.05106924,\n         70.4634419 ,  60.21040362],\n       [ 99.03767478,   0.        , 164.71032149, ...,  64.29096437,\n         79.46048483,  91.05102311],\n       [222.48737404, 164.71032149,   0.        , ..., 171.03618466,\n        234.92428202, 228.54251158],\n       ...,\n       [ 68.05106924,  64.29096437, 171.03618466, ...,   0.        ,\n         81.67068317,  66.23426945],\n       [ 70.4634419 ,  79.46048483, 234.92428202, ...,  81.67068317,\n          0.        ,  43.77778089],\n       [ 60.21040362,  91.05102311, 228.54251158, ...,  66.23426945,\n         43.77778089,   0.        ]])", "D_low": "array([[ 0.        , 16.29462371, 16.42619611, ...,  8.97509519,\n        13.34740995,  9.45559471],\n       [16.29462371,  0.        , 22.95780292, ..., 10.94854947,\n        27.9328573 , 24.56912979],\n       [16.42619611, 22.95780292,  0.        , ..., 12.64661275,\n        13.24686866, 13.40650165],\n       ...,\n       [ 8.97509519, 10.94854947, 12.64661275, ...,  0.        ,\n        17.48862838, 14.57316455],\n       [13.34740995, 27.9328573 , 13.24686866, ..., 17.48862838,\n         0.        ,  3.93968761],\n       [ 9.45559471, 24.56912979, 13.40650165, ..., 14.57316455,\n         3.93968761,  0.        ]])"}}