{"duration": 0.0031561851501464844, "input_args": {"D_high": "array([[0.        , 0.38729833, 0.52915026, 2.69443872, 2.65518361,\n        3.55246393, 5.17107339],\n       [0.38729833, 0.        , 0.33166248, 2.65518361, 2.64952826,\n        3.55387113, 5.25642464],\n       [0.52915026, 0.33166248, 0.        , 2.82488938, 2.75862284,\n        3.591657  , 5.2516664 ],\n       [2.69443872, 2.65518361, 2.82488938, 0.        , 0.67082039,\n        1.63707055, 3.51852242],\n       [2.65518361, 2.64952826, 2.75862284, 0.67082039, 0.        ,\n        1.10905365, 2.99499583],\n       [3.55246393, 3.55387113, 3.591657  , 1.63707055, 1.10905365,\n        0.        , 2.00499377],\n       [5.17107339, 5.25642464, 5.2516664 , 3.51852242, 2.99499583,\n        2.00499377, 0.        ]])", "D_low": "array([[ 0.        ,  1.94262826,  1.35208968, 33.06350224, 36.12767347,\n        39.97703661, 41.3635367 ],\n       [ 1.94262826,  0.        ,  1.10377771, 31.28595783, 34.33517993,\n        40.11826194, 39.85017509],\n       [ 1.35208968,  1.10377771,  0.        , 32.3377567 , 35.37963263,\n        40.79058356, 40.95270631],\n       [33.06350224, 31.28595783, 32.3377567 ,  0.        ,  3.12661253,\n        42.11044691, 12.67044612],\n       [36.12767347, 34.33517993, 35.37963263,  3.12661253,  0.        ,\n        44.14872863, 11.90905317],\n       [39.97703661, 40.11826194, 40.79058356, 42.11044691, 44.14872863,\n         0.        , 37.45614859],\n       [41.3635367 , 39.85017509, 40.95270631, 12.67044612, 11.90905317,\n        37.45614859,  0.        ]])"}}