{"duration": 0.0056650638580322266, "input_args": {"D_high": "array([[  0.        ,  84.1961696 ,  77.77817558, ..., 164.25094499,\n         96.7953527 , 143.21994847],\n       [ 84.1961696 ,   0.        , 123.13577912, ..., 226.59142528,\n         74.06281237, 214.02748194],\n       [ 77.77817558, 123.13577912,   0.        , ..., 111.20643942,\n         90.52153753, 101.51019271],\n       ...,\n       [164.25094499, 226.59142528, 111.20643942, ...,   0.        ,\n        189.87669905,  46.59966957],\n       [ 96.7953527 ,  74.06281237,  90.52153753, ..., 189.87669905,\n          0.        , 186.26121056],\n       [143.21994847, 214.02748194, 101.51019271, ...,  46.59966957,\n        186.26121056,   0.        ]])", "D_low": "array([[ 0.        ,  4.7020332 ,  6.33510888, ..., 19.98635413,\n         5.55576942, 13.62571422],\n       [ 4.7020332 ,  0.        , 10.56381966, ..., 24.0222188 ,\n         4.15258106, 13.29649667],\n       [ 6.33510888, 10.56381966,  0.        , ..., 13.65126088,\n         9.06156698, 12.90435676],\n       ...,\n       [19.98635413, 24.0222188 , 13.65126088, ...,  0.        ,\n        21.56326689, 19.9294601 ],\n       [ 5.55576942,  4.15258106,  9.06156698, ..., 21.56326689,\n         0.        ,  9.18230117],\n       [13.62571422, 13.29649667, 12.90435676, ..., 19.9294601 ,\n         9.18230117,  0.        ]])"}}