{"duration": 0.0038928985595703125, "input_args": {"D_high": "array([[  0.        , 136.88299559, 144.63509711, ...,  53.53524373,\n        141.87200429, 141.91977723],\n       [136.88299559,   0.        ,  31.11839599, ..., 184.18305812,\n         45.52624475,  35.90271834],\n       [144.63509711,  31.11839599,   0.        , ..., 189.98133079,\n         39.42516501,  34.06235871],\n       ...,\n       [ 53.53524373, 184.18305812, 189.98133079, ...,   0.        ,\n        183.80014255, 184.46368641],\n       [141.87200429,  45.52624475,  39.42516501, ..., 183.80014255,\n          0.        ,  20.60302427],\n       [141.91977723,  35.90271834,  34.06235871, ..., 184.46368641,\n         20.60302427,   0.        ]])", "D_low": "array([[ 0.        , 10.99400612, 10.93932476, ...,  4.29447128,\n        13.48392606, 12.58802201],\n       [10.99400612,  0.        ,  1.90685284, ..., 15.22142604,\n         4.40178758,  4.15271019],\n       [10.93932476,  1.90685284,  0.        , ..., 15.00921536,\n         2.963926  ,  2.43966932],\n       ...,\n       [ 4.29447128, 15.22142604, 15.00921536, ...,  0.        ,\n        17.36257045, 16.4273702 ],\n       [13.48392606,  4.40178758,  2.963926  , ..., 17.36257045,\n         0.        ,  0.96817602],\n       [12.58802201,  4.15271019,  2.43966932, ..., 16.4273702 ,\n         0.96817602,  0.        ]])"}}