{"duration": 0.0019142627716064453, "input_args": {"D_high": "array([[0.        , 1.27279221, 1.55563492, 0.87749644, 1.64316767,\n        3.48425028, 3.98748041, 3.39705755, 3.78549865, 4.09145451,\n        3.68781778, 3.48998567, 3.54259792, 3.04959014, 3.08868904,\n        3.18433667, 3.33916157, 4.93254498, 5.45985348, 4.46989933],\n       [1.27279221, 0.        , 0.52915026, 0.59160798, 0.66332496,\n        3.24653662, 3.81051178, 2.74954542, 3.4568772 , 3.64965752,\n        3.27719392, 3.23109888, 3.13209195, 2.48596058, 2.596151  ,\n        2.6       , 2.96141858, 4.66368953, 5.27730992, 4.23083916],\n       [1.55563492, 0.52915026, 0.        , 0.74161985, 0.34641016,\n        3.63593179, 4.18568991, 3.01330383, 3.8457769 , 3.97994975,\n        3.60277671, 3.60555128, 3.49428104, 2.81780056, 2.94957624,\n        2.9189039 , 3.318132  , 5.04678115, 5.63293884, 4.64112055],\n       [0.87749644, 0.59160798, 0.74161985, 0.        , 0.80622577,\n        3.48568501, 4.0385641 , 3.12569992, 3.71483512, 3.96358424,\n        3.55105618, 3.48855271, 3.42344855, 2.82665881, 2.88963666,\n        2.94788059, 3.24345495, 4.92341345, 5.50454358, 4.48887514],\n       [1.64316767, 0.66332496, 0.34641016, 0.80622577, 0.        ,\n        3.81313519, 4.38634244, 3.21869539, 3.97617907, 4.16173041,\n        3.78153408, 3.80525952, 3.65376518, 2.98998328, 3.08868904,\n        3.09192497, 3.50285598, 5.19711458, 5.82666285, 4.78121324],\n       [3.48425028, 3.24653662, 3.63593179, 3.48568501, 3.81313519,\n        0.        , 0.64807407, 1.28840987, 0.65574385, 0.81240384,\n        0.6164414 , 0.31622777, 0.5       , 1.02956301, 0.93808315,\n        1.02956301, 0.45825757, 1.49331845, 2.05669638, 1.13137085],\n       [3.98748041, 3.81051178, 4.18568991, 4.0385641 , 4.38634244,\n        0.64807407, 0.        , 1.63707055, 1.05356538, 0.84852814,\n        0.92736185, 0.6       , 1.00498756, 1.56843871, 1.54272486,\n        1.53622915, 0.96436508, 1.21243557, 1.5       , 1.02956301],\n       [3.39705755, 2.74954542, 3.01330383, 3.12569992, 3.21869539,\n        1.28840987, 1.63707055, 0.        , 1.5132746 , 1.11355287,\n        0.9486833 , 1.14891253, 0.99498744, 0.58309519, 0.9486833 ,\n        0.48989795, 0.84261498, 2.36008474, 2.84780617, 2.13072758],\n       [3.78549865, 3.4568772 , 3.8457769 , 3.71483512, 3.97617907,\n        0.65574385, 1.05356538, 1.5132746 , 0.        , 0.8660254 ,\n        0.75498344, 0.92195445, 0.52915026, 1.19582607, 0.93273791,\n        1.17046999, 0.82462113, 1.2489996 , 2.07364414, 0.8660254 ],\n       [4.09145451, 3.64965752, 3.97994975, 3.96358424, 4.16173041,\n        0.81240384, 0.84852814, 1.11355287, 0.8660254 , 0.        ,\n        0.50990195, 0.77459667, 0.64031242, 1.17473401, 1.19163753,\n        1.07703296, 0.75498344, 1.26095202, 1.79164729, 1.14017543],\n       [3.68781778, 3.27719392, 3.60277671, 3.55105618, 3.78153408,\n        0.6164414 , 0.92736185, 0.9486833 , 0.75498344, 0.50990195,\n        0.        , 0.64807407, 0.38729833, 0.86023253, 0.81240384,\n        0.78740079, 0.43588989, 1.55241747, 2.0904545 , 1.34907376],\n       [3.48998567, 3.23109888, 3.60555128, 3.48855271, 3.80525952,\n        0.31622777, 0.6       , 1.14891253, 0.92195445, 0.77459667,\n        0.64807407, 0.        , 0.6244998 , 1.00995049, 1.04880885,\n        1.        , 0.43588989, 1.61554944, 2.06639783, 1.30384048],\n       [3.54259792, 3.13209195, 3.49428104, 3.42344855, 3.65376518,\n        0.5       , 1.00498756, 0.99498744, 0.52915026, 0.64031242,\n        0.38729833, 0.6244998 , 0.        , 0.72801099, 0.60827625,\n        0.68556546, 0.34641016, 1.56204994, 2.24053565, 1.23693169],\n       [3.04959014, 2.48596058, 2.81780056, 2.82665881, 2.98998328,\n        1.02956301, 1.56843871, 0.58309519, 1.19582607, 1.17473401,\n        0.86023253, 1.00995049, 0.72801099, 0.        , 0.42426407,\n        0.14142136, 0.60827625, 2.27815715, 2.9       , 1.94422221],\n       [3.08868904, 2.596151  , 2.94957624, 2.88963666, 3.08868904,\n        0.93808315, 1.54272486, 0.9486833 , 0.93273791, 1.19163753,\n        0.81240384, 1.04880885, 0.60827625, 0.42426407, 0.        ,\n        0.46904158, 0.64031242, 2.12367606, 2.82665881, 1.76635217],\n       [3.18433667, 2.6       , 2.9189039 , 2.94788059, 3.09192497,\n        1.02956301, 1.53622915, 0.48989795, 1.17046999, 1.07703296,\n        0.78740079, 1.        , 0.68556546, 0.14142136, 0.46904158,\n        0.        , 0.59160798, 2.21133444, 2.82665881, 1.90262976],\n       [3.33916157, 2.96141858, 3.318132  , 3.24345495, 3.50285598,\n        0.45825757, 0.96436508, 0.84261498, 0.82462113, 0.75498344,\n        0.43588989, 0.43588989, 0.34641016, 0.60827625, 0.64031242,\n        0.59160798, 0.        , 1.77763888, 2.33666429, 1.45945195],\n       [4.93254498, 4.66368953, 5.04678115, 4.92341345, 5.19711458,\n        1.49331845, 1.21243557, 2.36008474, 1.2489996 , 1.26095202,\n        1.55241747, 1.61554944, 1.56204994, 2.27815715, 2.12367606,\n        2.21133444, 1.77763888, 0.        , 1.02956301, 0.55677644],\n       [5.45985348, 5.27730992, 5.63293884, 5.50454358, 5.82666285,\n        2.05669638, 1.5       , 2.84780617, 2.07364414, 1.79164729,\n        2.0904545 , 2.06639783, 2.24053565, 2.9       , 2.82665881,\n        2.82665881, 2.33666429, 1.02956301, 0.        , 1.46628783],\n       [4.46989933, 4.23083916, 4.64112055, 4.48887514, 4.78121324,\n        1.13137085, 1.02956301, 2.13072758, 0.8660254 , 1.14017543,\n        1.34907376, 1.30384048, 1.23693169, 1.94422221, 1.76635217,\n        1.90262976, 1.45945195, 0.55677644, 1.46628783, 0.        ]])", "D_low": "array([[ 0.        ,  1.35399067, 16.33583604,  4.25267966, 13.1101642 ,\n        24.31765743, 26.78743588, 37.03696167, 25.68003657, 27.0328951 ,\n        23.09692808, 26.53209461, 24.76463067, 33.07051108, 35.11943835,\n        36.10070519, 24.67848525, 31.99761393, 33.27532415, 32.78489112],\n       [ 1.35399067,  0.        , 15.20617394,  4.76929539, 12.21276417,\n        25.52637546, 27.98443639, 37.30205019, 26.897529  , 28.23042907,\n        24.32853547, 27.78377327, 25.99953417, 33.20108283, 35.38761189,\n        36.36350743, 25.89681809, 31.7864292 , 33.10003068, 32.51817366],\n       [16.33583604, 15.20617394,  0.        , 19.63301078,  4.82989584,\n        35.49716992, 37.59401266, 34.46882678, 36.90399685, 37.83113553,\n        34.74689318, 38.30015081, 36.34839637, 29.28065477, 32.77969689,\n        33.59485994, 35.98843898, 24.23215497, 25.7857758 , 24.26935164],\n       [ 4.25267966,  4.76929539, 19.63301078,  0.        , 16.93989312,\n        25.63102002, 28.14262721, 40.94532946, 26.91483483, 28.381668  ,\n        24.27171522, 27.50240888, 25.88883067, 37.1262574 , 39.02751359,\n        40.01343637, 25.92179596, 36.24096148, 37.50989237, 37.035933  ],\n       [13.1101642 , 12.21276417,  4.82989584, 16.93989312,  0.        ,\n        30.69031915, 32.77187945, 31.19701965, 32.09471653, 33.00847182,\n        29.96360269, 33.50927912, 31.55537674, 26.20766308, 29.41826472,\n        30.29057546, 31.18493931, 22.29064632, 23.78915132, 22.62243796],\n       [24.31765743, 25.52637546, 35.49716992, 25.63102002, 30.69031915,\n         0.        ,  2.51281068, 29.32663173,  1.41694385,  2.75071613,\n         1.53696827,  2.98824369,  1.2197193 , 28.91318998, 27.87408658,\n        28.67932612,  0.54332322, 33.93888245, 34.26985307, 35.41578505],\n       [26.78743588, 27.98443639, 37.59401266, 28.14262721, 32.77187945,\n         2.51281068,  0.        , 29.08578006,  1.41729758,  0.24683504,\n         3.95833466,  2.60165111,  2.61561094, 29.13442344, 27.7489044 ,\n        28.49987661,  2.29013368, 34.661239  , 34.88410979, 36.16561177],\n       [37.03696167, 37.30205019, 34.46882678, 40.94532946, 31.19701965,\n        29.32663173, 29.08578006,  0.        , 29.83197634, 29.1429295 ,\n        30.19343435, 31.600686  , 30.495353  ,  5.35713567,  1.9181486 ,\n         0.93967934, 29.75702608, 13.21344562, 12.10381937, 14.40990157],\n       [25.68003657, 26.897529  , 36.90399685, 26.91483483, 32.09471653,\n         1.41694385,  1.41729758, 29.83197634,  0.        ,  1.60473223,\n         2.64746252,  1.86179581,  1.19832072, 29.649797  , 28.43788222,\n        29.21599378,  1.00186642, 34.90719153, 35.19141512, 36.39667024],\n       [27.0328951 , 28.23042907, 37.83113553, 28.381668  , 33.00847182,\n         2.75071613,  0.24683504, 29.1429295 ,  1.60473223,  0.        ,\n         4.18213967,  2.62330127,  2.79949996, 29.23454871, 27.81764382,\n        28.56314788,  2.51065986, 34.80304733, 35.01681425, 36.30937773],\n       [23.09692808, 24.32853547, 34.74689318, 24.27171522, 29.96360269,\n         1.53696827,  3.95833466, 30.19343435,  2.64746252,  4.18213967,\n         0.        ,  3.57232517,  1.67571315, 29.53734972, 28.68674371,\n        29.51713919,  1.6728024 , 34.25141768, 34.64873448, 35.70740172],\n       [26.53209461, 27.78377327, 38.30015081, 27.50240888, 33.50927912,\n         2.98824369,  2.60165111, 31.600686  ,  1.86179581,  2.62330127,\n         3.57232517,  0.        ,  1.95682355, 31.49272219, 30.23061741,\n        30.99789212,  2.44685077, 36.7664877 , 37.05313325, 38.25476718],\n       [24.76463067, 25.99953417, 36.34839637, 25.88883067, 31.55537674,\n         1.2197193 ,  2.61561094, 30.495353  ,  1.19832072,  2.79949996,\n         1.67571315,  1.95682355,  0.        , 30.12552283, 29.05679608,\n        29.85581331,  0.73844873, 35.15284036, 35.4878421 , 36.62811776],\n       [33.07051108, 33.20108283, 29.28065477, 37.1262574 , 26.20766308,\n        28.91318998, 29.13442344,  5.35713567, 29.649797  , 29.23454871,\n        29.53734972, 31.49272219, 30.12552283,  0.        ,  4.10112202,\n         4.6139486 , 29.39657471,  8.30265667,  7.49241693,  9.67604469],\n       [35.11943835, 35.38761189, 32.77969689, 39.02751359, 29.41826472,\n        27.87408658, 27.7489044 ,  1.9181486 , 28.43788222, 27.81764382,\n        28.68674371, 30.23061741, 29.05679608,  4.10112202,  0.        ,\n         0.98937172, 28.31857818, 12.34054079, 11.39863989, 13.6533501 ],\n       [36.10070519, 36.36350743, 33.59485994, 40.01343637, 30.29057546,\n        28.67932612, 28.49987661,  0.93967934, 29.21599378, 28.56314788,\n        29.51713919, 30.99789212, 29.85581331,  4.6139486 ,  0.98937172,\n         0.        , 29.11737358, 12.66890533, 11.63155081, 13.91990634],\n       [24.67848525, 25.89681809, 35.98843898, 25.92179596, 31.18493931,\n         0.54332322,  2.29013368, 29.75702608,  1.00186642,  2.51065986,\n         1.6728024 ,  2.44685077,  0.73844873, 29.39657471, 28.31857818,\n        29.11737358,  0.        , 34.4632444 , 34.78737689, 35.9419308 ],\n       [31.99761393, 31.7864292 , 24.23215497, 36.24096148, 22.29064632,\n        33.93888245, 34.661239  , 13.21344562, 34.90719153, 34.80304733,\n        34.25141768, 36.7664877 , 35.15284036,  8.30265667, 12.34054079,\n        12.66890533, 34.4632444 ,  0.        ,  1.56160432,  1.54437137],\n       [33.27532415, 33.10003068, 25.7857758 , 37.50989237, 23.78915132,\n        34.26985307, 34.88410979, 12.10381937, 35.19141512, 35.01681425,\n        34.64873448, 37.05313325, 35.4878421 ,  7.49241693, 11.39863989,\n        11.63155081, 34.78737689,  1.56160432,  0.        ,  2.31589913],\n       [32.78489112, 32.51817366, 24.26935164, 37.035933  , 22.62243796,\n        35.41578505, 36.16561177, 14.40990157, 36.39667024, 36.30937773,\n        35.70740172, 38.25476718, 36.62811776,  9.67604469, 13.6533501 ,\n        13.91990634, 35.9419308 ,  1.54437137,  2.31589913,  0.        ]])"}}