{"duration": 0.005093097686767578, "input_args": {"D_high": "array([[  0.        ,  99.03767478, 222.48737404, ...,  68.05106924,\n         70.4634419 ,  60.21040362],\n       [ 99.03767478,   0.        , 164.71032149, ...,  64.29096437,\n         79.46048483,  91.05102311],\n       [222.48737404, 164.71032149,   0.        , ..., 171.03618466,\n        234.92428202, 228.54251158],\n       ...,\n       [ 68.05106924,  64.29096437, 171.03618466, ...,   0.        ,\n         81.67068317,  66.23426945],\n       [ 70.4634419 ,  79.46048483, 234.92428202, ...,  81.67068317,\n          0.        ,  43.77778089],\n       [ 60.21040362,  91.05102311, 228.54251158, ...,  66.23426945,\n         43.77778089,   0.        ]])", "D_low": "array([[ 0.        , 17.51637748, 18.55935946, ..., 10.42176288,\n        15.27347886, 11.37067796],\n       [17.51637748,  0.        , 24.6445752 , ..., 12.03974058,\n        30.07486447, 26.32245646],\n       [18.55935946, 24.6445752 ,  0.        , ..., 13.20838207,\n        13.76997895, 13.04460503],\n       ...,\n       [10.42176288, 12.03974058, 13.20838207, ...,  0.        ,\n        18.59909355, 15.14480412],\n       [15.27347886, 30.07486447, 13.76997895, ..., 18.59909355,\n         0.        ,  3.95523738],\n       [11.37067796, 26.32245646, 13.04460503, ..., 15.14480412,\n         3.95523738,  0.        ]])"}}