{"duration": 0.005753040313720703, "input_args": {"D_high": "array([[0.        , 1.25698051, 0.78740079, ..., 4.57602448, 4.79165942,\n        4.21781934],\n       [1.25698051, 0.        , 0.50990195, ..., 4.05215992, 4.25440948,\n        3.80657326],\n       [0.78740079, 0.50990195, 0.        , ..., 4.10609303, 4.32897216,\n        3.81182371],\n       ...,\n       [4.57602448, 4.05215992, 4.10609303, ..., 0.        , 0.6164414 ,\n        0.64031242],\n       [4.79165942, 4.25440948, 4.32897216, ..., 0.6164414 , 0.        ,\n        0.76811457],\n       [4.21781934, 3.80657326, 3.81182371, ..., 0.64031242, 0.76811457,\n        0.        ]])", "D_low": "array([[ 0.        ,  5.74591827,  3.81798911, ...,  6.15847987,\n         6.14007168, 12.58056873],\n       [ 5.74591827,  0.        ,  1.97372944, ..., 11.45189912,\n        11.14989215, 17.91467415],\n       [ 3.81798911,  1.97372944,  0.        , ...,  9.72488435,\n         9.5131303 , 16.20115857],\n       ...,\n       [ 6.15847987, 11.45189912,  9.72488435, ...,  0.        ,\n         0.94880192,  6.47644173],\n       [ 6.14007168, 11.14989215,  9.5131303 , ...,  0.94880192,\n         0.        ,  6.80196514],\n       [12.58056873, 17.91467415, 16.20115857, ...,  6.47644173,\n         6.80196514,  0.        ]])"}}