{"duration": 0.036508798599243164, "input_args": {"D_high": "array([[  0.        ,  77.93464827, 115.40589995, ..., 128.91608086,\n         71.42824327,  88.2669252 ],\n       [ 77.93464827,   0.        ,  83.43747073, ..., 114.70143766,\n         44.29446946,  17.10820975],\n       [115.40589995,  83.43747073,   0.        , ..., 138.70632141,\n         74.24292516,  83.46352557],\n       ...,\n       [128.91608086, 114.70143766, 138.70632141, ...,   0.        ,\n        116.45694834, 116.0975663 ],\n       [ 71.42824327,  44.29446946,  74.24292516, ..., 116.45694834,\n          0.        ,  52.21198288],\n       [ 88.2669252 ,  17.10820975,  83.46352557, ..., 116.0975663 ,\n         52.21198288,   0.        ]])", "D_low": "array([[ 0.        , 13.94350727,  6.89894747, ..., 21.04093206,\n        11.87616702, 14.87915344],\n       [13.94350727,  0.        , 20.83037469, ..., 13.76682271,\n         9.93642517,  0.97757826],\n       [ 6.89894747, 20.83037469,  0.        , ..., 26.41282768,\n        17.71290521, 21.77155812],\n       ...,\n       [21.04093206, 13.76682271, 26.41282768, ...,  0.        ,\n        23.17829849, 13.94668483],\n       [11.87616702,  9.93642517, 17.71290521, ..., 23.17829849,\n         0.        , 10.24714073],\n       [14.87915344,  0.97757826, 21.77155812, ..., 13.94668483,\n        10.24714073,  0.        ]])"}}