{"duration": 0.005374908447265625, "input_args": {"D_high": "array([[  0.        ,  84.1961696 ,  77.77817558, ..., 164.25094499,\n         96.7953527 , 143.21994847],\n       [ 84.1961696 ,   0.        , 123.13577912, ..., 226.59142528,\n         74.06281237, 214.02748194],\n       [ 77.77817558, 123.13577912,   0.        , ..., 111.20643942,\n         90.52153753, 101.51019271],\n       ...,\n       [164.25094499, 226.59142528, 111.20643942, ...,   0.        ,\n        189.87669905,  46.59966957],\n       [ 96.7953527 ,  74.06281237,  90.52153753, ..., 189.87669905,\n          0.        , 186.26121056],\n       [143.21994847, 214.02748194, 101.51019271, ...,  46.59966957,\n        186.26121056,   0.        ]])", "D_low": "array([[ 0.        ,  4.27537633,  5.74777403, ..., 17.74080925,\n         7.30074897, 12.99152296],\n       [ 4.27537633,  0.        ,  9.3351252 , ..., 21.21113149,\n         4.59244572, 12.29770101],\n       [ 5.74777403,  9.3351252 ,  0.        , ..., 12.00984279,\n        10.10117993, 11.83896323],\n       ...,\n       [17.74080925, 21.21113149, 12.00984279, ...,  0.        ,\n        20.79389761, 17.8881061 ],\n       [ 7.30074897,  4.59244572, 10.10117993, ..., 20.79389761,\n         0.        ,  8.18535469],\n       [12.99152296, 12.29770101, 11.83896323, ..., 17.8881061 ,\n         8.18535469,  0.        ]])"}}