{"duration": 0.029640913009643555, "input_args": {"D_high": "array([[  0.        ,  63.23003439,  51.6526914 , ...,  66.22284519,\n         27.80260283, 159.45199265],\n       [ 63.23003439,   0.        ,  64.14069613, ...,  27.67658187,\n         52.44791055, 160.38731457],\n       [ 51.6526914 ,  64.14069613,   0.        , ...,  62.35925404,\n         42.98609637, 123.5982541 ],\n       ...,\n       [ 66.22284519,  27.67658187,  62.35925404, ...,   0.        ,\n         54.08764636, 159.7956386 ],\n       [ 27.80260283,  52.44791055,  42.98609637, ...,  54.08764636,\n          0.        , 157.90239317],\n       [159.45199265, 160.38731457, 123.5982541 , ..., 159.7956386 ,\n        157.90239317,   0.        ]])", "D_low": "array([[ 0.        , 11.2810291 ,  6.70382871, ..., 11.06523682,\n         5.28273026,  9.16857805],\n       [11.2810291 ,  0.        ,  7.89096544, ...,  0.26243124,\n         6.02964192, 14.74097494],\n       [ 6.70382871,  7.89096544,  0.        , ...,  7.62861419,\n         4.20288131,  6.8694778 ],\n       ...,\n       [11.06523682,  0.26243124,  7.62861419, ...,  0.        ,\n         5.80460015, 14.47923979],\n       [ 5.28273026,  6.02964192,  4.20288131, ...,  5.80460015,\n         0.        , 10.34709676],\n       [ 9.16857805, 14.74097494,  6.8694778 , ..., 14.47923979,\n        10.34709676,  0.        ]])"}}