{"duration": 0.01353907585144043, "input_args": {"D_high": "array([[  0.        ,  63.23003439,  51.6526914 , ...,  66.22284519,\n         27.80260283, 159.45199265],\n       [ 63.23003439,   0.        ,  64.14069613, ...,  27.67658187,\n         52.44791055, 160.38731457],\n       [ 51.6526914 ,  64.14069613,   0.        , ...,  62.35925404,\n         42.98609637, 123.5982541 ],\n       ...,\n       [ 66.22284519,  27.67658187,  62.35925404, ...,   0.        ,\n         54.08764636, 159.7956386 ],\n       [ 27.80260283,  52.44791055,  42.98609637, ...,  54.08764636,\n          0.        , 157.90239317],\n       [159.45199265, 160.38731457, 123.5982541 , ..., 159.7956386 ,\n        157.90239317,   0.        ]])", "D_low": "array([[ 0.        ,  9.45490285,  6.71710151, ..., 10.04633962,\n         2.48420661,  9.91182039],\n       [ 9.45490285,  0.        , 15.70528673, ...,  1.42518912,\n         7.17472084, 18.61983216],\n       [ 6.71710151, 15.70528673,  0.        , ..., 16.50951101,\n         8.57532313,  8.75658038],\n       ...,\n       [10.04633962,  1.42518912, 16.50951101, ...,  0.        ,\n         7.93433964, 18.78031853],\n       [ 2.48420661,  7.17472084,  8.57532313, ...,  7.93433964,\n         0.        , 12.35434028],\n       [ 9.91182039, 18.61983216,  8.75658038, ..., 18.78031853,\n        12.35434028,  0.        ]])"}}