{"duration": 0.0025110244750976562, "input_args": {"D_high": "array([[0.        , 0.53851648, 0.50990195, ..., 3.15277655, 4.69041576,\n        5.63914887],\n       [0.53851648, 0.        , 0.3       , ..., 3.10322413, 4.70850295,\n        5.74717322],\n       [0.50990195, 0.3       , 0.        , ..., 3.26802693, 4.86826458,\n        5.89406481],\n       ...,\n       [3.15277655, 3.10322413, 3.26802693, ..., 0.        , 1.65529454,\n        2.90172363],\n       [4.69041576, 4.70850295, 4.86826458, ..., 1.65529454, 0.        ,\n        1.42828569],\n       [5.63914887, 5.74717322, 5.89406481, ..., 2.90172363, 1.42828569,\n        0.        ]])", "D_low": "array([[ 0.        ,  4.51650085,  2.27038858, ..., 11.17817032,\n         6.42751498,  7.01666413],\n       [ 4.51650085,  0.        ,  2.72861389, ..., 14.35330404,\n        10.77869012, 11.53105174],\n       [ 2.27038858,  2.72861389,  0.        , ..., 11.74673326,\n         8.11785581,  9.05053664],\n       ...,\n       [11.17817032, 14.35330404, 11.74673326, ...,  0.        ,\n         6.74509418,  8.66549252],\n       [ 6.42751498, 10.77869012,  8.11785581, ...,  6.74509418,\n         0.        ,  2.18333496],\n       [ 7.01666413, 11.53105174,  9.05053664, ...,  8.66549252,\n         2.18333496,  0.        ]])"}}