{"duration": 0.005171775817871094, "input_args": {"D_high": "array([[  0.        ,  77.93464827, 115.40589995, ..., 101.71684227,\n        201.12626702,  59.67790051],\n       [ 77.93464827,   0.        ,  83.43747073, ...,  38.98205746,\n        183.93333012,  21.17286036],\n       [115.40589995,  83.43747073,   0.        , ...,  68.4928943 ,\n        207.62569195,  85.47655366],\n       ...,\n       [101.71684227,  38.98205746,  68.4928943 , ...,   0.        ,\n        189.87669905,  46.59966957],\n       [201.12626702, 183.93333012, 207.62569195, ..., 189.87669905,\n          0.        , 186.26121056],\n       [ 59.67790051,  21.17286036,  85.47655366, ...,  46.59966957,\n        186.26121056,   0.        ]])", "D_low": "array([[ 0.        ,  9.87304277,  6.67327801, ...,  6.17539479,\n        14.48038127,  8.87923893],\n       [ 9.87304277,  0.        , 11.08689647, ...,  4.30637473,\n         9.43113917,  1.28223066],\n       [ 6.67327801, 11.08689647,  0.        , ...,  6.95576305,\n        10.45352171, 10.78918203],\n       ...,\n       [ 6.17539479,  4.30637473,  6.95576305, ...,  0.        ,\n         9.18916995,  3.83928153],\n       [14.48038127,  9.43113917, 10.45352171, ...,  9.18916995,\n         0.        , 10.36224783],\n       [ 8.87923893,  1.28223066, 10.78918203, ...,  3.83928153,\n        10.36224783,  0.        ]])"}}