{"duration": 0.039784908294677734, "input_args": {"D_high": "array([[  0.        ,  77.93464827, 115.40589995, ..., 128.91608086,\n         71.42824327,  88.2669252 ],\n       [ 77.93464827,   0.        ,  83.43747073, ..., 114.70143766,\n         44.29446946,  17.10820975],\n       [115.40589995,  83.43747073,   0.        , ..., 138.70632141,\n         74.24292516,  83.46352557],\n       ...,\n       [128.91608086, 114.70143766, 138.70632141, ...,   0.        ,\n        116.45694834, 116.0975663 ],\n       [ 71.42824327,  44.29446946,  74.24292516, ..., 116.45694834,\n          0.        ,  52.21198288],\n       [ 88.2669252 ,  17.10820975,  83.46352557, ..., 116.0975663 ,\n         52.21198288,   0.        ]])", "D_low": "array([[ 0.        , 12.05521184, 27.60012482, ..., 20.35876257,\n         8.68074858, 12.47000973],\n       [12.05521184,  0.        , 26.11583753, ...,  9.71235995,\n         8.74854305,  1.16990098],\n       [27.60012482, 26.11583753,  0.        , ..., 21.91226609,\n        19.96401575, 25.05305753],\n       ...,\n       [20.35876257,  9.71235995, 21.91226609, ...,  0.        ,\n        13.32852665,  8.72003917],\n       [ 8.68074858,  8.74854305, 19.96401575, ..., 13.32852665,\n         0.        ,  8.26759798],\n       [12.47000973,  1.16990098, 25.05305753, ...,  8.72003917,\n         8.26759798,  0.        ]])"}}