{"duration": 0.006065845489501953, "input_args": {"D_high": "array([[  0.        ,  77.93464827, 115.40589995, ..., 101.71684227,\n        201.12626702,  59.67790051],\n       [ 77.93464827,   0.        ,  83.43747073, ...,  38.98205746,\n        183.93333012,  21.17286036],\n       [115.40589995,  83.43747073,   0.        , ...,  68.4928943 ,\n        207.62569195,  85.47655366],\n       ...,\n       [101.71684227,  38.98205746,  68.4928943 , ...,   0.        ,\n        189.87669905,  46.59966957],\n       [201.12626702, 183.93333012, 207.62569195, ..., 189.87669905,\n          0.        , 186.26121056],\n       [ 59.67790051,  21.17286036,  85.47655366, ...,  46.59966957,\n        186.26121056,   0.        ]])", "D_low": "array([[ 0.        , 14.26087916, 20.73560016, ..., 17.69562986,\n        23.43508751, 11.26751977],\n       [14.26087916,  0.        , 25.24071218, ...,  3.68743556,\n        11.6262332 ,  3.13425604],\n       [20.73560016, 25.24071218,  0.        , ..., 26.18831116,\n        24.74915637, 22.9271335 ],\n       ...,\n       [17.69562986,  3.68743556, 26.18831116, ...,  0.        ,\n         8.49409567,  6.43003997],\n       [23.43508751, 11.6262332 , 24.74915637, ...,  8.49409567,\n         0.        , 13.22257587],\n       [11.26751977,  3.13425604, 22.9271335 , ...,  6.43003997,\n        13.22257587,  0.        ]])"}}