{"duration": 0.01039886474609375, "input_args": {"D_high": "array([[0.        , 0.53851648, 0.50990195, ..., 4.45982062, 4.65080638,\n        4.14004831],\n       [0.53851648, 0.        , 0.3       , ..., 4.49888875, 4.71805044,\n        4.15331193],\n       [0.50990195, 0.3       , 0.        , ..., 4.66154481, 4.84871117,\n        4.29883705],\n       ...,\n       [4.45982062, 4.49888875, 4.66154481, ..., 0.        , 0.6164414 ,\n        0.64031242],\n       [4.65080638, 4.71805044, 4.84871117, ..., 0.6164414 , 0.        ,\n        0.76811457],\n       [4.14004831, 4.15331193, 4.29883705, ..., 0.64031242, 0.76811457,\n        0.        ]])", "D_low": "array([[ 0.        ,  2.2435371 ,  3.83192146, ...,  8.02134509,\n         6.5380704 , 13.39660845],\n       [ 2.2435371 ,  0.        ,  1.6956344 , ...,  5.98522412,\n         4.38645947, 11.3704707 ],\n       [ 3.83192146,  1.6956344 ,  0.        , ...,  5.23187184,\n         3.46728725, 10.48577365],\n       ...,\n       [ 8.02134509,  5.98522412,  5.23187184, ...,  0.        ,\n         1.78222449,  5.38827494],\n       [ 6.5380704 ,  4.38645947,  3.46728725, ...,  1.78222449,\n         0.        ,  7.04582941],\n       [13.39660845, 11.3704707 , 10.48577365, ...,  5.38827494,\n         7.04582941,  0.        ]])", "k": "15"}}