{"duration": 0.0024869441986083984, "input_args": {"D_high": "array([[0.        , 0.38729833, 0.52915026, 2.69443872, 2.65518361,\n        3.55246393, 5.17107339],\n       [0.38729833, 0.        , 0.33166248, 2.65518361, 2.64952826,\n        3.55387113, 5.25642464],\n       [0.52915026, 0.33166248, 0.        , 2.82488938, 2.75862284,\n        3.591657  , 5.2516664 ],\n       [2.69443872, 2.65518361, 2.82488938, 0.        , 0.67082039,\n        1.63707055, 3.51852242],\n       [2.65518361, 2.64952826, 2.75862284, 0.67082039, 0.        ,\n        1.10905365, 2.99499583],\n       [3.55246393, 3.55387113, 3.591657  , 1.63707055, 1.10905365,\n        0.        , 2.00499377],\n       [5.17107339, 5.25642464, 5.2516664 , 3.51852242, 2.99499583,\n        2.00499377, 0.        ]])", "D_low": "array([[0.        , 1.02060551, 0.92431609, 5.36937851, 4.94522261,\n        5.51219336, 6.03694851],\n       [1.02060551, 0.        , 0.33199601, 4.37265262, 3.97275832,\n        4.51862537, 5.02435644],\n       [0.92431609, 0.33199601, 0.        , 4.59235231, 4.21720214,\n        4.74165255, 5.21689613],\n       [5.36937851, 4.37265262, 4.59235231, 0.        , 0.59165668,\n        0.15988824, 0.81103741],\n       [4.94522261, 3.97275832, 4.21720214, 0.59165668, 0.        ,\n        0.66577303, 1.40140963],\n       [5.51219336, 4.51862537, 4.74165255, 0.15988824, 0.66577303,\n        0.        , 0.75499655],\n       [6.03694851, 5.02435644, 5.21689613, 0.81103741, 1.40140963,\n        0.75499655, 0.        ]])"}}