{"duration": 0.03721308708190918, "input_args": {"D_high": "array([[  0.        ,  66.90348403,  54.29633528, ...,  50.39119964,\n         89.23943184,  61.27038404],\n       [ 66.90348403,   0.        , 102.51825711, ...,  26.11680932,\n         80.22894802,  38.63518149],\n       [ 54.29633528, 102.51825711,   0.        , ...,  85.13919448,\n         91.66838038,  76.41017076],\n       ...,\n       [ 50.39119964,  26.11680932,  85.13919448, ...,   0.        ,\n         86.1426327 ,  33.06672648],\n       [ 89.23943184,  80.22894802,  91.66838038, ...,  86.1426327 ,\n          0.        ,  65.05813008],\n       [ 61.27038404,  38.63518149,  76.41017076, ...,  33.06672648,\n         65.05813008,   0.        ]])", "D_low": "array([[ 0.        , 11.8118645 ,  3.81799678, ...,  9.43485141,\n        26.23472058, 12.44955536],\n       [11.8118645 ,  0.        , 12.26447565, ...,  2.55329448,\n        23.00034443, 10.9331701 ],\n       [ 3.81799678, 12.26447565,  0.        , ..., 10.34487514,\n        22.88075788,  9.53493814],\n       ...,\n       [ 9.43485141,  2.55329448, 10.34487514, ...,  0.        ,\n        24.03811655, 11.02027103],\n       [26.23472058, 23.00034443, 22.88075788, ..., 24.03811655,\n         0.        , 13.9965527 ],\n       [12.44955536, 10.9331701 ,  9.53493814, ..., 11.02027103,\n        13.9965527 ,  0.        ]])"}}