{"duration": 0.005203962326049805, "input_args": {"D_high": "array([[0.        , 0.53851648, 0.50990195, ..., 4.27668096, 4.45982062,\n        4.65080638],\n       [0.53851648, 0.        , 0.3       , ..., 4.24970587, 4.49888875,\n        4.71805044],\n       [0.50990195, 0.3       , 0.        , ..., 4.43057558, 4.66154481,\n        4.84871117],\n       ...,\n       [4.27668096, 4.24970587, 4.43057558, ..., 0.        , 0.58309519,\n        1.06770783],\n       [4.45982062, 4.49888875, 4.66154481, ..., 0.58309519, 0.        ,\n        0.6164414 ],\n       [4.65080638, 4.71805044, 4.84871117, ..., 1.06770783, 0.6164414 ,\n        0.        ]])", "D_low": "array([[ 0.        ,  9.47706877,  7.42624167, ..., 18.54943445,\n        22.46293903, 21.45025486],\n       [ 9.47706877,  0.        ,  2.75034924, ..., 17.59527711,\n        17.78656245, 14.9509055 ],\n       [ 7.42624167,  2.75034924,  0.        , ..., 15.75406229,\n        17.09373304, 14.97836152],\n       ...,\n       [18.54943445, 17.59527711, 15.75406229, ...,  0.        ,\n         8.11794827, 11.5973405 ],\n       [22.46293903, 17.78656245, 17.09373304, ...,  8.11794827,\n         0.        ,  4.93355227],\n       [21.45025486, 14.9509055 , 14.97836152, ..., 11.5973405 ,\n         4.93355227,  0.        ]])"}}