{"duration": 0.002079010009765625, "input_args": {"D_high": "array([[0.        , 1.27279221, 1.55563492, 0.87749644, 1.64316767,\n        3.48425028, 3.98748041, 3.39705755, 3.78549865, 4.09145451,\n        3.68781778, 3.48998567, 3.54259792, 3.04959014, 3.08868904,\n        3.18433667, 3.33916157, 4.93254498, 5.45985348, 4.46989933],\n       [1.27279221, 0.        , 0.52915026, 0.59160798, 0.66332496,\n        3.24653662, 3.81051178, 2.74954542, 3.4568772 , 3.64965752,\n        3.27719392, 3.23109888, 3.13209195, 2.48596058, 2.596151  ,\n        2.6       , 2.96141858, 4.66368953, 5.27730992, 4.23083916],\n       [1.55563492, 0.52915026, 0.        , 0.74161985, 0.34641016,\n        3.63593179, 4.18568991, 3.01330383, 3.8457769 , 3.97994975,\n        3.60277671, 3.60555128, 3.49428104, 2.81780056, 2.94957624,\n        2.9189039 , 3.318132  , 5.04678115, 5.63293884, 4.64112055],\n       [0.87749644, 0.59160798, 0.74161985, 0.        , 0.80622577,\n        3.48568501, 4.0385641 , 3.12569992, 3.71483512, 3.96358424,\n        3.55105618, 3.48855271, 3.42344855, 2.82665881, 2.88963666,\n        2.94788059, 3.24345495, 4.92341345, 5.50454358, 4.48887514],\n       [1.64316767, 0.66332496, 0.34641016, 0.80622577, 0.        ,\n        3.81313519, 4.38634244, 3.21869539, 3.97617907, 4.16173041,\n        3.78153408, 3.80525952, 3.65376518, 2.98998328, 3.08868904,\n        3.09192497, 3.50285598, 5.19711458, 5.82666285, 4.78121324],\n       [3.48425028, 3.24653662, 3.63593179, 3.48568501, 3.81313519,\n        0.        , 0.64807407, 1.28840987, 0.65574385, 0.81240384,\n        0.6164414 , 0.31622777, 0.5       , 1.02956301, 0.93808315,\n        1.02956301, 0.45825757, 1.49331845, 2.05669638, 1.13137085],\n       [3.98748041, 3.81051178, 4.18568991, 4.0385641 , 4.38634244,\n        0.64807407, 0.        , 1.63707055, 1.05356538, 0.84852814,\n        0.92736185, 0.6       , 1.00498756, 1.56843871, 1.54272486,\n        1.53622915, 0.96436508, 1.21243557, 1.5       , 1.02956301],\n       [3.39705755, 2.74954542, 3.01330383, 3.12569992, 3.21869539,\n        1.28840987, 1.63707055, 0.        , 1.5132746 , 1.11355287,\n        0.9486833 , 1.14891253, 0.99498744, 0.58309519, 0.9486833 ,\n        0.48989795, 0.84261498, 2.36008474, 2.84780617, 2.13072758],\n       [3.78549865, 3.4568772 , 3.8457769 , 3.71483512, 3.97617907,\n        0.65574385, 1.05356538, 1.5132746 , 0.        , 0.8660254 ,\n        0.75498344, 0.92195445, 0.52915026, 1.19582607, 0.93273791,\n        1.17046999, 0.82462113, 1.2489996 , 2.07364414, 0.8660254 ],\n       [4.09145451, 3.64965752, 3.97994975, 3.96358424, 4.16173041,\n        0.81240384, 0.84852814, 1.11355287, 0.8660254 , 0.        ,\n        0.50990195, 0.77459667, 0.64031242, 1.17473401, 1.19163753,\n        1.07703296, 0.75498344, 1.26095202, 1.79164729, 1.14017543],\n       [3.68781778, 3.27719392, 3.60277671, 3.55105618, 3.78153408,\n        0.6164414 , 0.92736185, 0.9486833 , 0.75498344, 0.50990195,\n        0.        , 0.64807407, 0.38729833, 0.86023253, 0.81240384,\n        0.78740079, 0.43588989, 1.55241747, 2.0904545 , 1.34907376],\n       [3.48998567, 3.23109888, 3.60555128, 3.48855271, 3.80525952,\n        0.31622777, 0.6       , 1.14891253, 0.92195445, 0.77459667,\n        0.64807407, 0.        , 0.6244998 , 1.00995049, 1.04880885,\n        1.        , 0.43588989, 1.61554944, 2.06639783, 1.30384048],\n       [3.54259792, 3.13209195, 3.49428104, 3.42344855, 3.65376518,\n        0.5       , 1.00498756, 0.99498744, 0.52915026, 0.64031242,\n        0.38729833, 0.6244998 , 0.        , 0.72801099, 0.60827625,\n        0.68556546, 0.34641016, 1.56204994, 2.24053565, 1.23693169],\n       [3.04959014, 2.48596058, 2.81780056, 2.82665881, 2.98998328,\n        1.02956301, 1.56843871, 0.58309519, 1.19582607, 1.17473401,\n        0.86023253, 1.00995049, 0.72801099, 0.        , 0.42426407,\n        0.14142136, 0.60827625, 2.27815715, 2.9       , 1.94422221],\n       [3.08868904, 2.596151  , 2.94957624, 2.88963666, 3.08868904,\n        0.93808315, 1.54272486, 0.9486833 , 0.93273791, 1.19163753,\n        0.81240384, 1.04880885, 0.60827625, 0.42426407, 0.        ,\n        0.46904158, 0.64031242, 2.12367606, 2.82665881, 1.76635217],\n       [3.18433667, 2.6       , 2.9189039 , 2.94788059, 3.09192497,\n        1.02956301, 1.53622915, 0.48989795, 1.17046999, 1.07703296,\n        0.78740079, 1.        , 0.68556546, 0.14142136, 0.46904158,\n        0.        , 0.59160798, 2.21133444, 2.82665881, 1.90262976],\n       [3.33916157, 2.96141858, 3.318132  , 3.24345495, 3.50285598,\n        0.45825757, 0.96436508, 0.84261498, 0.82462113, 0.75498344,\n        0.43588989, 0.43588989, 0.34641016, 0.60827625, 0.64031242,\n        0.59160798, 0.        , 1.77763888, 2.33666429, 1.45945195],\n       [4.93254498, 4.66368953, 5.04678115, 4.92341345, 5.19711458,\n        1.49331845, 1.21243557, 2.36008474, 1.2489996 , 1.26095202,\n        1.55241747, 1.61554944, 1.56204994, 2.27815715, 2.12367606,\n        2.21133444, 1.77763888, 0.        , 1.02956301, 0.55677644],\n       [5.45985348, 5.27730992, 5.63293884, 5.50454358, 5.82666285,\n        2.05669638, 1.5       , 2.84780617, 2.07364414, 1.79164729,\n        2.0904545 , 2.06639783, 2.24053565, 2.9       , 2.82665881,\n        2.82665881, 2.33666429, 1.02956301, 0.        , 1.46628783],\n       [4.46989933, 4.23083916, 4.64112055, 4.48887514, 4.78121324,\n        1.13137085, 1.02956301, 2.13072758, 0.8660254 , 1.14017543,\n        1.34907376, 1.30384048, 1.23693169, 1.94422221, 1.76635217,\n        1.90262976, 1.45945195, 0.55677644, 1.46628783, 0.        ]])", "D_low": "array([[ 0.        ,  0.69087934, 31.06988511,  1.48351316, 31.90075157,\n        28.14381058, 22.63381305, 26.64744565, 23.78974901, 22.919226  ,\n        25.15518771, 23.82254078, 25.37476419, 26.9681737 , 26.11690965,\n        28.69309771, 24.35162207, 39.85335641, 39.67436144, 43.74162712],\n       [ 0.69087934,  0.        , 31.6881505 ,  0.80278441, 32.51848552,\n        27.77672967, 22.26195577, 27.32086902, 23.46404214, 22.62361016,\n        24.85478024, 23.55417617, 25.07254724, 27.647219  , 26.78624912,\n        29.33938912, 24.10121132, 40.09447249, 39.91568171, 43.9155087 ],\n       [31.06988511, 31.6881505 ,  0.        , 32.31049959,  0.83240973,\n        44.01511631, 40.46274971,  8.17173847, 39.81012   , 38.39193404,\n        39.87287618, 38.09438645, 40.06571631,  9.05597108,  7.84362012,\n         3.86382233, 37.8458971 , 27.38352955, 27.26263694, 33.13669518],\n       [ 1.48351316,  0.80278441, 32.31049959,  0.        , 33.13981265,\n        27.2160273 , 21.69947124, 28.04372071, 22.94763026, 22.13897167,\n        24.36354412, 23.09736041, 24.5792949 , 28.38307514, 27.50041372,\n        30.0093396 , 23.66293705, 40.20692172, 40.02844448, 43.94537489],\n       [31.90075157, 32.51848552,  0.83240973, 33.13981265,  0.        ,\n        44.62720514, 41.12801187,  8.75957556, 40.44943687, 39.03154456,\n        40.48904042, 38.7153244 , 40.68010218,  9.5930719 ,  8.48550528,\n         4.48550529, 38.45478466, 27.40693965, 27.29013454, 33.15648626],\n       [28.14381058, 27.77672967, 44.01511631, 27.2160273 , 44.62720514,\n         0.        ,  5.51656913, 44.7864243 ,  4.68471487,  5.98203116,\n         4.15159095,  5.95234241,  3.9521104 , 45.67803865, 43.95880557,\n        44.09479682,  6.17534886, 31.93040935, 31.81076344, 31.95282771],\n       [22.63381305, 22.26195577, 40.46274971, 21.69947124, 41.12801187,\n         5.51656913,  0.        , 40.4910767 ,  2.13724832,  2.86948004,\n         3.796474  ,  4.09421339,  3.90685281, 41.32454437, 39.68430198,\n        40.17095603,  4.92903945, 31.96162249, 31.82073755, 32.96140987],\n       [26.64744565, 27.32086902,  8.17173847, 28.04372071,  8.75957556,\n        44.7864243 , 40.4910767 ,  0.        , 40.26270067, 38.87252781,\n        40.66750714, 38.86038923, 40.88176927,  1.13067262,  0.85613067,\n         4.31032428, 38.79089396, 33.77185415, 33.63045276, 39.46405492],\n       [23.78974901, 23.46404214, 39.81012   , 22.94763026, 40.44943687,\n         4.68471487,  2.13724832, 40.26270067,  0.        ,  1.41823783,\n         1.7018868 ,  2.176171  ,  1.84887074, 41.13485241, 39.44184438,\n        39.7172817 ,  2.93171561, 30.09758213, 29.96053911, 30.93981445],\n       [22.919226  , 22.62361016, 38.39193404, 22.13897167, 39.03154456,\n         5.98203116,  2.86948004, 38.87252781,  1.41823783,  0.        ,\n         2.24127573,  1.35941507,  2.46556182, 39.74993063, 38.04997433,\n        38.30483587,  2.2174026 , 29.09214383, 28.95126771, 30.14029156],\n       [25.15518771, 24.85478024, 39.87287618, 24.36354412, 40.48904042,\n         4.15159095,  3.796474  , 40.66750714,  1.7018868 ,  2.24127573,\n         0.        ,  1.80776751,  0.23058009, 41.56796032, 39.83730752,\n        39.94450667,  2.09262755, 28.97451968, 28.8426345 , 29.59421356],\n       [23.82254078, 23.55417617, 38.09438645, 23.09736041, 38.7153244 ,\n         5.95234241,  4.09421339, 38.86038923,  2.176171  ,  1.35941507,\n         1.80776751,  0.        ,  2.02167784, 39.76192665, 38.02995799,\n        38.14268481,  0.86064507, 27.93612769, 27.79809656, 28.86722331],\n       [25.37476419, 25.07254724, 40.06571631, 24.5792949 , 40.68010218,\n         3.9521104 ,  3.90685281, 40.88176927,  1.84887074,  2.46556182,\n         0.23058009,  2.02167784,  0.        , 41.78360443, 40.05112719,\n        40.14863958,  2.25524221, 29.02838663, 28.89744655, 29.60347407],\n       [26.9681737 , 27.647219  ,  9.05597108, 28.38307514,  9.5930719 ,\n        45.67803865, 41.32454437,  1.13067262, 41.13485241, 39.74993063,\n        41.56796032, 39.76192665, 41.78360443,  0.        ,  1.94526854,\n         5.23096056, 39.70712856, 34.89451974, 34.7535461 , 40.58943947],\n       [26.11690965, 26.78624912,  7.84362012, 27.50041372,  8.48550528,\n        43.95880557, 39.68430198,  0.85613067, 39.44184438, 38.04997433,\n        39.83730752, 38.02995799, 40.05112719,  1.94526854,  0.        ,\n         4.00012291, 37.95602103, 33.03812226, 32.89527729, 38.71990447],\n       [28.69309771, 29.33938912,  3.86382233, 30.0093396 ,  4.48550529,\n        44.09479682, 40.17095603,  4.31032428, 39.7172817 , 38.30483587,\n        39.94450667, 38.14268481, 40.14863958,  5.23096056,  4.00012291,\n         0.        , 37.97909632, 30.23480184, 30.10236258, 35.97243257],\n       [24.35162207, 24.10121132, 37.8458971 , 23.66293705, 38.45478466,\n         6.17534886,  4.92903945, 38.79089396,  2.93171561,  2.2174026 ,\n         2.09262755,  0.86064507,  2.25524221, 39.70712856, 37.95602103,\n        37.97909632,  0.        , 27.17013324, 27.03375778, 28.03777478],\n       [39.85335641, 40.09447249, 27.38352955, 40.20692172, 27.40693965,\n        31.93040935, 31.96162249, 33.77185415, 30.09758213, 29.09214383,\n        28.97451968, 27.93612769, 29.02838663, 34.89451974, 33.03812226,\n        30.23480184, 27.17013324,  0.        ,  0.17934044,  5.75339725],\n       [39.67436144, 39.91568171, 27.26263694, 40.02844448, 27.29013454,\n        31.81076344, 31.82073755, 33.63045276, 29.96053911, 28.95126771,\n        28.8426345 , 27.79809656, 28.89744655, 34.7535461 , 32.89527729,\n        30.10236258, 27.03375778,  0.17934044,  0.        ,  5.87736854],\n       [43.74162712, 43.9155087 , 33.13669518, 43.94537489, 33.15648626,\n        31.95282771, 32.96140987, 39.46405492, 30.93981445, 30.14029156,\n        29.59421356, 28.86722331, 29.60347407, 40.58943947, 38.71990447,\n        35.97243257, 28.03777478,  5.75339725,  5.87736854,  0.        ]])"}}