{"duration": 0.005728006362915039, "input_args": {"D_high": "array([[  0.        ,  84.1961696 ,  77.77817558, ..., 164.25094499,\n         96.7953527 , 143.21994847],\n       [ 84.1961696 ,   0.        , 123.13577912, ..., 226.59142528,\n         74.06281237, 214.02748194],\n       [ 77.77817558, 123.13577912,   0.        , ..., 111.20643942,\n         90.52153753, 101.51019271],\n       ...,\n       [164.25094499, 226.59142528, 111.20643942, ...,   0.        ,\n        189.87669905,  46.59966957],\n       [ 96.7953527 ,  74.06281237,  90.52153753, ..., 189.87669905,\n          0.        , 186.26121056],\n       [143.21994847, 214.02748194, 101.51019271, ...,  46.59966957,\n        186.26121056,   0.        ]])", "D_low": "array([[ 0.        ,  4.39770451,  5.54326669, ..., 16.11460239,\n         6.32895851, 11.38042553],\n       [ 4.39770451,  0.        ,  9.89367293, ..., 20.34323089,\n         5.03831628, 12.39482626],\n       [ 5.54326669,  9.89367293,  0.        , ..., 10.62894967,\n        10.09875456, 11.38998554],\n       ...,\n       [16.11460239, 20.34323089, 10.62894967, ...,  0.        ,\n        19.19616244, 16.11089198],\n       [ 6.32895851,  5.03831628, 10.09875456, ..., 19.19616244,\n         0.        ,  7.7371034 ],\n       [11.38042553, 12.39482626, 11.38998554, ..., 16.11089198,\n         7.7371034 ,  0.        ]])"}}