{"duration": 0.033402204513549805, "input_args": {"D_high": "array([[  0.        ,  63.23003439,  51.6526914 , ...,  66.22284519,\n         27.80260283, 159.45199265],\n       [ 63.23003439,   0.        ,  64.14069613, ...,  27.67658187,\n         52.44791055, 160.38731457],\n       [ 51.6526914 ,  64.14069613,   0.        , ...,  62.35925404,\n         42.98609637, 123.5982541 ],\n       ...,\n       [ 66.22284519,  27.67658187,  62.35925404, ...,   0.        ,\n         54.08764636, 159.7956386 ],\n       [ 27.80260283,  52.44791055,  42.98609637, ...,  54.08764636,\n          0.        , 157.90239317],\n       [159.45199265, 160.38731457, 123.5982541 , ..., 159.7956386 ,\n        157.90239317,   0.        ]])", "D_low": "array([[ 0.        ,  8.29087549, 12.94534513, ...,  7.87261283,\n         1.59322228,  5.2692331 ],\n       [ 8.29087549,  0.        ,  8.69901343, ...,  0.437457  ,\n         7.22023521, 11.08456799],\n       [12.94534513,  8.69901343,  0.        , ...,  8.89833508,\n        11.35323885, 11.82743212],\n       ...,\n       [ 7.87261283,  0.437457  ,  8.89833508, ...,  0.        ,\n         6.82741157, 10.771657  ],\n       [ 1.59322228,  7.22023521, 11.35323885, ...,  6.82741157,\n         0.        ,  4.79002098],\n       [ 5.2692331 , 11.08456799, 11.82743212, ..., 10.771657  ,\n         4.79002098,  0.        ]])"}}