{"duration": 0.037506103515625, "input_args": {"D_high": "array([[  0.        ,  77.93464827, 115.40589995, ..., 128.91608086,\n         71.42824327,  88.2669252 ],\n       [ 77.93464827,   0.        ,  83.43747073, ..., 114.70143766,\n         44.29446946,  17.10820975],\n       [115.40589995,  83.43747073,   0.        , ..., 138.70632141,\n         74.24292516,  83.46352557],\n       ...,\n       [128.91608086, 114.70143766, 138.70632141, ...,   0.        ,\n        116.45694834, 116.0975663 ],\n       [ 71.42824327,  44.29446946,  74.24292516, ..., 116.45694834,\n          0.        ,  52.21198288],\n       [ 88.2669252 ,  17.10820975,  83.46352557, ..., 116.0975663 ,\n         52.21198288,   0.        ]])", "D_low": "array([[ 0.        ,  9.60960139, 16.85548227, ..., 16.96940389,\n        12.36282822, 10.84899592],\n       [ 9.60960139,  0.        , 17.48068415, ..., 13.71300113,\n         8.54533825,  1.25543011],\n       [16.85548227, 17.48068415,  0.        , ..., 30.80872604,\n         9.51861464, 17.74300269],\n       ...,\n       [16.96940389, 13.71300113, 30.80872604, ...,  0.        ,\n        22.25236863, 13.94538566],\n       [12.36282822,  8.54533825,  9.51861464, ..., 22.25236863,\n         0.        ,  8.52000947],\n       [10.84899592,  1.25543011, 17.74300269, ..., 13.94538566,\n         8.52000947,  0.        ]])"}}