{"duration": 0.0025568008422851562, "input_args": {"D_high": "array([[0.        , 0.58309519, 1.47986486, 3.25115364, 3.77756535,\n        3.52987252, 3.29393382, 3.21403174, 3.18433667, 2.54754784,\n        2.97657521, 4.70956474, 4.29068759],\n       [0.58309519, 0.        , 1.3       , 3.70540146, 4.2626283 ,\n        3.92428337, 3.75099987, 3.69188299, 3.61109402, 2.97489496,\n        3.43511281, 5.13419906, 4.69574275],\n       [1.47986486, 1.3       , 0.        , 4.01248053, 4.5607017 ,\n        4.15571895, 3.89615195, 3.96484552, 3.78021163, 3.06920185,\n        3.64005494, 5.3244718 , 4.94165964],\n       [3.25115364, 3.70540146, 4.01248053, 0.        , 0.64807407,\n        0.65574385, 0.6164414 , 0.31622777, 0.5       , 1.02956301,\n        0.45825757, 1.49331845, 1.13137085],\n       [3.77756535, 4.2626283 , 4.5607017 , 0.64807407, 0.        ,\n        1.05356538, 0.92736185, 0.6       , 1.00498756, 1.56843871,\n        0.96436508, 1.21243557, 1.02956301],\n       [3.52987252, 3.92428337, 4.15571895, 0.65574385, 1.05356538,\n        0.        , 0.75498344, 0.92195445, 0.52915026, 1.19582607,\n        0.82462113, 1.2489996 , 0.8660254 ],\n       [3.29393382, 3.75099987, 3.89615195, 0.6164414 , 0.92736185,\n        0.75498344, 0.        , 0.64807407, 0.38729833, 0.86023253,\n        0.43588989, 1.55241747, 1.34907376],\n       [3.21403174, 3.69188299, 3.96484552, 0.31622777, 0.6       ,\n        0.92195445, 0.64807407, 0.        , 0.6244998 , 1.00995049,\n        0.43588989, 1.61554944, 1.30384048],\n       [3.18433667, 3.61109402, 3.78021163, 0.5       , 1.00498756,\n        0.52915026, 0.38729833, 0.6244998 , 0.        , 0.72801099,\n        0.34641016, 1.56204994, 1.23693169],\n       [2.54754784, 2.97489496, 3.06920185, 1.02956301, 1.56843871,\n        1.19582607, 0.86023253, 1.00995049, 0.72801099, 0.        ,\n        0.60827625, 2.27815715, 1.94422221],\n       [2.97657521, 3.43511281, 3.64005494, 0.45825757, 0.96436508,\n        0.82462113, 0.43588989, 0.43588989, 0.34641016, 0.60827625,\n        0.        , 1.77763888, 1.45945195],\n       [4.70956474, 5.13419906, 5.3244718 , 1.49331845, 1.21243557,\n        1.2489996 , 1.55241747, 1.61554944, 1.56204994, 2.27815715,\n        1.77763888, 0.        , 0.55677644],\n       [4.29068759, 4.69574275, 4.94165964, 1.13137085, 1.02956301,\n        0.8660254 , 1.34907376, 1.30384048, 1.23693169, 1.94422221,\n        1.45945195, 0.55677644, 0.        ]])", "D_low": "array([[ 0.        ,  1.3127802 ,  5.03799478, 14.67098641, 13.92197725,\n        14.16769819, 15.44641274, 14.86567517, 15.57287868, 18.39551323,\n        15.98645979,  8.28376219,  7.78198017],\n       [ 1.3127802 ,  0.        ,  3.72588945, 13.46860454, 12.66065452,\n        13.09892806, 14.26984683, 13.64095916, 14.3917199 , 17.19551577,\n        14.77256591,  7.16594829,  6.62555791],\n       [ 5.03799478,  3.72588945,  0.        , 10.13138283,  9.10737909,\n        10.27149555, 11.01849755, 10.21777197, 11.12185725, 13.83188681,\n        11.37871481,  4.47424876,  3.8040087 ],\n       [14.67098641, 13.46860454, 10.13138283,  0.        ,  1.96454606,\n         2.88614065,  1.03615338,  0.65814675,  1.07063571,  3.72692153,\n         1.35073464,  6.51002063,  6.91568978],\n       [13.92197725, 12.66065452,  9.10737909,  1.96454606,  0.        ,\n         4.5455204 ,  2.9547923 ,  1.5396686 ,  2.9391433 ,  4.96923696,\n         2.61047593,  6.20293854,  6.43087582],\n       [14.16769819, 13.09892806, 10.27149555,  2.88614065,  4.5455204 ,\n         0.        ,  2.5820779 ,  3.54427834,  2.74944867,  5.21409699,\n         3.73852291,  5.95257091,  6.55395426],\n       [15.44641274, 14.26984683, 11.01849755,  1.03615338,  2.9547923 ,\n         2.5820779 ,  0.        ,  1.45728712,  0.17168533,  3.01617164,\n         1.16468322,  7.20449667,  7.66540762],\n       [14.86567517, 13.64095916, 10.21777197,  0.65814675,  1.5396686 ,\n         3.54427834,  1.45728712,  0.        ,  1.41727794,  3.62804307,\n         1.17346887,  6.80754898,  7.1638273 ],\n       [15.57287868, 14.3917199 , 11.12185725,  1.07063571,  2.9391433 ,\n         2.74944867,  0.17168533,  1.41727794,  0.        ,  2.86805822,\n         1.00691401,  7.34008771,  7.79359965],\n       [18.39551323, 17.19551577, 13.83188681,  3.72692153,  4.96923696,\n         5.21409699,  3.01617164,  3.62804307,  2.86805822,  0.        ,\n         2.45695052, 10.196121  , 10.62949784],\n       [15.98645979, 14.77256591, 11.37871481,  1.35073464,  2.61047593,\n         3.73852291,  1.16468322,  1.17346887,  1.00691401,  2.45695052,\n         0.        ,  7.85584812,  8.2490903 ],\n       [ 8.28376219,  7.16594829,  4.47424876,  6.51002063,  6.20293854,\n         5.95257091,  7.20449667,  6.80754898,  7.34008771, 10.196121  ,\n         7.85584812,  0.        ,  0.6813107 ],\n       [ 7.78198017,  6.62555791,  3.8040087 ,  6.91568978,  6.43087582,\n         6.55395426,  7.66540762,  7.1638273 ,  7.79359965, 10.62949784,\n         8.2490903 ,  0.6813107 ,  0.        ]])"}}