{"duration": 0.021924972534179688, "input_args": {"D_high": "array([[  0.        ,  78.51486107,  69.20815273, ...,  69.73493016,\n         71.7084146 ,  59.3410676 ],\n       [ 78.51486107,   0.        ,  52.82187071, ..., 116.13798098,\n         25.56589605,  57.21757619],\n       [ 69.20815273,  52.82187071,   0.        , ..., 115.90542006,\n         47.68584545,  27.4294094 ],\n       ...,\n       [ 69.73493016, 116.13798098, 115.90542006, ...,   0.        ,\n        116.45694834, 116.0975663 ],\n       [ 71.7084146 ,  25.56589605,  47.68584545, ..., 116.45694834,\n          0.        ,  52.21198288],\n       [ 59.3410676 ,  57.21757619,  27.4294094 , ..., 116.0975663 ,\n         52.21198288,   0.        ]])", "D_low": "array([[ 0.        ,  5.29181769,  7.81988947, ...,  8.68124859,\n         4.75057785,  8.41460353],\n       [ 5.29181769,  0.        , 12.00069239, ..., 13.82800282,\n         3.06986845, 13.23553339],\n       [ 7.81988947, 12.00069239,  0.        , ...,  8.95823902,\n         9.5946727 ,  2.54154724],\n       ...,\n       [ 8.68124859, 13.82800282,  8.95823902, ...,  0.        ,\n        13.28007392,  6.95734231],\n       [ 4.75057785,  3.06986845,  9.5946727 , ..., 13.28007392,\n         0.        , 11.21819503],\n       [ 8.41460353, 13.23553339,  2.54154724, ...,  6.95734231,\n        11.21819503,  0.        ]])"}}