{"duration": 0.0019750595092773438, "input_args": {"D_high": "array([[0.        , 0.38729833, 0.52915026, 2.69443872, 2.65518361,\n        3.55246393, 5.17107339],\n       [0.38729833, 0.        , 0.33166248, 2.65518361, 2.64952826,\n        3.55387113, 5.25642464],\n       [0.52915026, 0.33166248, 0.        , 2.82488938, 2.75862284,\n        3.591657  , 5.2516664 ],\n       [2.69443872, 2.65518361, 2.82488938, 0.        , 0.67082039,\n        1.63707055, 3.51852242],\n       [2.65518361, 2.64952826, 2.75862284, 0.67082039, 0.        ,\n        1.10905365, 2.99499583],\n       [3.55246393, 3.55387113, 3.591657  , 1.63707055, 1.10905365,\n        0.        , 2.00499377],\n       [5.17107339, 5.25642464, 5.2516664 , 3.51852242, 2.99499583,\n        2.00499377, 0.        ]])", "D_low": "array([[0.        , 0.30359034, 0.56132116, 4.21814267, 3.9197124 ,\n        4.32207025, 4.17144483],\n       [0.30359034, 0.        , 0.34372331, 4.23916074, 3.9599382 ,\n        4.3382267 , 4.1821212 ],\n       [0.56132116, 0.34372331, 0.        , 4.55505652, 4.28390452,\n        4.65183055, 4.49349402],\n       [4.21814267, 4.23916074, 4.55505652, 0.        , 0.3884704 ,\n        0.12258789, 0.15246323],\n       [3.9197124 , 3.9599382 , 4.28390452, 0.3884704 , 0.        ,\n        0.51061056, 0.46176812],\n       [4.32207025, 4.3382267 , 4.65183055, 0.12258789, 0.51061056,\n        0.        , 0.17162608],\n       [4.17144483, 4.1821212 , 4.49349402, 0.15246323, 0.46176812,\n        0.17162608, 0.        ]])"}}