{"duration": 0.00705409049987793, "input_args": {"D_high": "array([[  0.        ,  77.93464827, 115.40589995, ..., 101.71684227,\n        201.12626702,  59.67790051],\n       [ 77.93464827,   0.        ,  83.43747073, ...,  38.98205746,\n        183.93333012,  21.17286036],\n       [115.40589995,  83.43747073,   0.        , ...,  68.4928943 ,\n        207.62569195,  85.47655366],\n       ...,\n       [101.71684227,  38.98205746,  68.4928943 , ...,   0.        ,\n        189.87669905,  46.59966957],\n       [201.12626702, 183.93333012, 207.62569195, ..., 189.87669905,\n          0.        , 186.26121056],\n       [ 59.67790051,  21.17286036,  85.47655366, ...,  46.59966957,\n        186.26121056,   0.        ]])", "D_low": "array([[ 0.        , 12.31692706,  8.81497511, ..., 24.14993489,\n        27.97260786,  9.50230477],\n       [12.31692706,  0.        , 13.35536624, ..., 15.32496743,\n        18.9477498 ,  6.1876696 ],\n       [ 8.81497511, 13.35536624,  0.        , ..., 28.30115494,\n        22.34776112,  7.31585863],\n       ...,\n       [24.14993489, 15.32496743, 28.30115494, ...,  0.        ,\n        28.64943945, 21.45266067],\n       [27.97260786, 18.9477498 , 22.34776112, ..., 28.64943945,\n         0.        , 18.50374016],\n       [ 9.50230477,  6.1876696 ,  7.31585863, ..., 21.45266067,\n        18.50374016,  0.        ]])"}}