{"duration": 0.10480403900146484, "input_args": {"D_high": "array([[  0.        ,  66.90348403,  54.29633528, ..., 117.7833007 ,\n         43.58127217,  61.71982942],\n       [ 66.90348403,   0.        , 102.51825711, ..., 118.02190998,\n         53.16248681,  12.74524602],\n       [ 54.29633528, 102.51825711,   0.        , ..., 130.39398885,\n         59.87774486,  96.3199743 ],\n       ...,\n       [117.7833007 , 118.02190998, 130.39398885, ...,   0.        ,\n        116.45694834, 116.0975663 ],\n       [ 43.58127217,  53.16248681,  59.87774486, ..., 116.45694834,\n          0.        ,  52.21198288],\n       [ 61.71982942,  12.74524602,  96.3199743 , ..., 116.0975663 ,\n         52.21198288,   0.        ]])", "D_low": "array([[ 0.        , 10.56125074,  5.51146176, ..., 14.28325426,\n         5.39849962,  9.93948224],\n       [10.56125074,  0.        , 14.11167175, ...,  9.98748958,\n        11.2105665 ,  1.27323048],\n       [ 5.51146176, 14.11167175,  0.        , ..., 13.92576909,\n         3.46382319, 13.89384179],\n       ...,\n       [14.28325426,  9.98748958, 13.92576909, ...,  0.        ,\n        10.57376218, 11.06293672],\n       [ 5.39849962, 11.2105665 ,  3.46382319, ..., 10.57376218,\n         0.        , 11.1989459 ],\n       [ 9.93948224,  1.27323048, 13.89384179, ..., 11.06293672,\n        11.1989459 ,  0.        ]])"}}