{"duration": 0.0030379295349121094, "input_args": {"D_high": "array([[0.        , 0.38729833, 0.52915026, 2.69443872, 2.65518361,\n        3.55246393, 5.17107339],\n       [0.38729833, 0.        , 0.33166248, 2.65518361, 2.64952826,\n        3.55387113, 5.25642464],\n       [0.52915026, 0.33166248, 0.        , 2.82488938, 2.75862284,\n        3.591657  , 5.2516664 ],\n       [2.69443872, 2.65518361, 2.82488938, 0.        , 0.67082039,\n        1.63707055, 3.51852242],\n       [2.65518361, 2.64952826, 2.75862284, 0.67082039, 0.        ,\n        1.10905365, 2.99499583],\n       [3.55246393, 3.55387113, 3.591657  , 1.63707055, 1.10905365,\n        0.        , 2.00499377],\n       [5.17107339, 5.25642464, 5.2516664 , 3.51852242, 2.99499583,\n        2.00499377, 0.        ]])", "D_low": "array([[ 0.        ,  2.99094617,  4.75303118, 33.43571149, 34.09885536,\n        27.20496528, 32.53258657],\n       [ 2.99094617,  0.        ,  2.15655404, 35.04591635, 35.49697075,\n        30.10046687, 32.71713376],\n       [ 4.75303118,  2.15655404,  0.        , 37.17430303, 37.59150494,\n        31.94957489, 34.44099056],\n       [33.43571149, 35.04591635, 37.17430303,  0.        ,  2.88635666,\n        23.57108813, 16.83270898],\n       [34.09885536, 35.49697075, 37.59150494,  2.88635666,  0.        ,\n        26.20718817, 14.36580271],\n       [27.20496528, 30.10046687, 31.94957489, 23.57108813, 26.20718817,\n         0.        , 36.12209571],\n       [32.53258657, 32.71713376, 34.44099056, 16.83270898, 14.36580271,\n        36.12209571,  0.        ]])"}}