{"duration": 0.0022869110107421875, "input_args": {"D_high": "array([[0.        , 0.53851648, 0.50990195, ..., 3.591657  , 5.63914887,\n        4.51995575],\n       [0.53851648, 0.        , 0.3       , ..., 3.47994253, 5.74717322,\n        4.52106182],\n       [0.50990195, 0.3       , 0.        , ..., 3.60832371, 5.89406481,\n        4.69361268],\n       ...,\n       [3.591657  , 3.47994253, 3.60832371, ..., 0.        , 3.1144823 ,\n        1.72336879],\n       [5.63914887, 5.74717322, 5.89406481, ..., 3.1144823 , 0.        ,\n        1.56524758],\n       [4.51995575, 4.52106182, 4.69361268, ..., 1.72336879, 1.56524758,\n        0.        ]])", "D_low": "array([[0.        , 0.99622851, 0.99425431, ..., 6.7889692 , 5.16812459,\n        4.3171569 ],\n       [0.99622851, 0.        , 0.01383562, ..., 7.72557744, 6.16136633,\n        5.30602826],\n       [0.99425431, 0.01383562, 0.        , ..., 7.72799805, 6.16028809,\n        5.30548715],\n       ...,\n       [6.7889692 , 7.72557744, 7.72799805, ..., 0.        , 2.34602823,\n        2.78366757],\n       [5.16812459, 6.16136633, 6.16028809, ..., 2.34602823, 0.        ,\n        0.88350459],\n       [4.3171569 , 5.30602826, 5.30548715, ..., 2.78366757, 0.88350459,\n        0.        ]])"}}