{"duration": 0.002207040786743164, "input_args": {"D_high": "array([[0.        , 1.27279221, 1.55563492, 0.87749644, 1.64316767,\n        3.48425028, 3.98748041, 3.39705755, 3.78549865, 4.09145451,\n        3.68781778, 3.48998567, 3.54259792, 3.04959014, 3.08868904,\n        3.18433667, 3.33916157, 4.93254498, 5.45985348, 4.46989933],\n       [1.27279221, 0.        , 0.52915026, 0.59160798, 0.66332496,\n        3.24653662, 3.81051178, 2.74954542, 3.4568772 , 3.64965752,\n        3.27719392, 3.23109888, 3.13209195, 2.48596058, 2.596151  ,\n        2.6       , 2.96141858, 4.66368953, 5.27730992, 4.23083916],\n       [1.55563492, 0.52915026, 0.        , 0.74161985, 0.34641016,\n        3.63593179, 4.18568991, 3.01330383, 3.8457769 , 3.97994975,\n        3.60277671, 3.60555128, 3.49428104, 2.81780056, 2.94957624,\n        2.9189039 , 3.318132  , 5.04678115, 5.63293884, 4.64112055],\n       [0.87749644, 0.59160798, 0.74161985, 0.        , 0.80622577,\n        3.48568501, 4.0385641 , 3.12569992, 3.71483512, 3.96358424,\n        3.55105618, 3.48855271, 3.42344855, 2.82665881, 2.88963666,\n        2.94788059, 3.24345495, 4.92341345, 5.50454358, 4.48887514],\n       [1.64316767, 0.66332496, 0.34641016, 0.80622577, 0.        ,\n        3.81313519, 4.38634244, 3.21869539, 3.97617907, 4.16173041,\n        3.78153408, 3.80525952, 3.65376518, 2.98998328, 3.08868904,\n        3.09192497, 3.50285598, 5.19711458, 5.82666285, 4.78121324],\n       [3.48425028, 3.24653662, 3.63593179, 3.48568501, 3.81313519,\n        0.        , 0.64807407, 1.28840987, 0.65574385, 0.81240384,\n        0.6164414 , 0.31622777, 0.5       , 1.02956301, 0.93808315,\n        1.02956301, 0.45825757, 1.49331845, 2.05669638, 1.13137085],\n       [3.98748041, 3.81051178, 4.18568991, 4.0385641 , 4.38634244,\n        0.64807407, 0.        , 1.63707055, 1.05356538, 0.84852814,\n        0.92736185, 0.6       , 1.00498756, 1.56843871, 1.54272486,\n        1.53622915, 0.96436508, 1.21243557, 1.5       , 1.02956301],\n       [3.39705755, 2.74954542, 3.01330383, 3.12569992, 3.21869539,\n        1.28840987, 1.63707055, 0.        , 1.5132746 , 1.11355287,\n        0.9486833 , 1.14891253, 0.99498744, 0.58309519, 0.9486833 ,\n        0.48989795, 0.84261498, 2.36008474, 2.84780617, 2.13072758],\n       [3.78549865, 3.4568772 , 3.8457769 , 3.71483512, 3.97617907,\n        0.65574385, 1.05356538, 1.5132746 , 0.        , 0.8660254 ,\n        0.75498344, 0.92195445, 0.52915026, 1.19582607, 0.93273791,\n        1.17046999, 0.82462113, 1.2489996 , 2.07364414, 0.8660254 ],\n       [4.09145451, 3.64965752, 3.97994975, 3.96358424, 4.16173041,\n        0.81240384, 0.84852814, 1.11355287, 0.8660254 , 0.        ,\n        0.50990195, 0.77459667, 0.64031242, 1.17473401, 1.19163753,\n        1.07703296, 0.75498344, 1.26095202, 1.79164729, 1.14017543],\n       [3.68781778, 3.27719392, 3.60277671, 3.55105618, 3.78153408,\n        0.6164414 , 0.92736185, 0.9486833 , 0.75498344, 0.50990195,\n        0.        , 0.64807407, 0.38729833, 0.86023253, 0.81240384,\n        0.78740079, 0.43588989, 1.55241747, 2.0904545 , 1.34907376],\n       [3.48998567, 3.23109888, 3.60555128, 3.48855271, 3.80525952,\n        0.31622777, 0.6       , 1.14891253, 0.92195445, 0.77459667,\n        0.64807407, 0.        , 0.6244998 , 1.00995049, 1.04880885,\n        1.        , 0.43588989, 1.61554944, 2.06639783, 1.30384048],\n       [3.54259792, 3.13209195, 3.49428104, 3.42344855, 3.65376518,\n        0.5       , 1.00498756, 0.99498744, 0.52915026, 0.64031242,\n        0.38729833, 0.6244998 , 0.        , 0.72801099, 0.60827625,\n        0.68556546, 0.34641016, 1.56204994, 2.24053565, 1.23693169],\n       [3.04959014, 2.48596058, 2.81780056, 2.82665881, 2.98998328,\n        1.02956301, 1.56843871, 0.58309519, 1.19582607, 1.17473401,\n        0.86023253, 1.00995049, 0.72801099, 0.        , 0.42426407,\n        0.14142136, 0.60827625, 2.27815715, 2.9       , 1.94422221],\n       [3.08868904, 2.596151  , 2.94957624, 2.88963666, 3.08868904,\n        0.93808315, 1.54272486, 0.9486833 , 0.93273791, 1.19163753,\n        0.81240384, 1.04880885, 0.60827625, 0.42426407, 0.        ,\n        0.46904158, 0.64031242, 2.12367606, 2.82665881, 1.76635217],\n       [3.18433667, 2.6       , 2.9189039 , 2.94788059, 3.09192497,\n        1.02956301, 1.53622915, 0.48989795, 1.17046999, 1.07703296,\n        0.78740079, 1.        , 0.68556546, 0.14142136, 0.46904158,\n        0.        , 0.59160798, 2.21133444, 2.82665881, 1.90262976],\n       [3.33916157, 2.96141858, 3.318132  , 3.24345495, 3.50285598,\n        0.45825757, 0.96436508, 0.84261498, 0.82462113, 0.75498344,\n        0.43588989, 0.43588989, 0.34641016, 0.60827625, 0.64031242,\n        0.59160798, 0.        , 1.77763888, 2.33666429, 1.45945195],\n       [4.93254498, 4.66368953, 5.04678115, 4.92341345, 5.19711458,\n        1.49331845, 1.21243557, 2.36008474, 1.2489996 , 1.26095202,\n        1.55241747, 1.61554944, 1.56204994, 2.27815715, 2.12367606,\n        2.21133444, 1.77763888, 0.        , 1.02956301, 0.55677644],\n       [5.45985348, 5.27730992, 5.63293884, 5.50454358, 5.82666285,\n        2.05669638, 1.5       , 2.84780617, 2.07364414, 1.79164729,\n        2.0904545 , 2.06639783, 2.24053565, 2.9       , 2.82665881,\n        2.82665881, 2.33666429, 1.02956301, 0.        , 1.46628783],\n       [4.46989933, 4.23083916, 4.64112055, 4.48887514, 4.78121324,\n        1.13137085, 1.02956301, 2.13072758, 0.8660254 , 1.14017543,\n        1.34907376, 1.30384048, 1.23693169, 1.94422221, 1.76635217,\n        1.90262976, 1.45945195, 0.55677644, 1.46628783, 0.        ]])", "D_low": "array([[ 0.        ,  1.51887003, 16.18577476,  1.66068869, 15.43025936,\n        28.83132869, 30.63195004, 42.4288368 , 28.01598552, 30.0028495 ,\n        30.33811181, 30.00406418, 28.8822713 , 42.49594398, 41.39807434,\n        41.33868029, 29.41865504, 36.84603828, 36.42569505, 37.34835431],\n       [ 1.51887003,  0.        , 17.51797478,  1.5531771 , 16.6844412 ,\n        27.3743868 , 29.19227305, 42.02680002, 26.58743693, 28.57913033,\n        28.95920327, 28.59329269, 27.50968401, 42.09646537, 40.96659202,\n        40.90712173, 27.93601321, 36.93072467, 36.53146251, 37.3978129 ],\n       [16.18577476, 17.51797478,  0.        , 17.66543947,  1.79988863,\n        41.73805828, 43.15743069, 41.69525171, 40.47629911, 42.28972326,\n        41.92275491, 42.08523372, 40.45771441, 41.72914169, 41.06954336,\n        41.01596412, 42.81459927, 31.42822861, 30.83033497, 32.25065761],\n       [ 1.66068869,  1.5531771 , 17.66543947,  0.        , 16.97762702,\n        28.42591162, 30.28460052, 43.55624253, 27.70696025, 29.70646602,\n        30.1651527 , 29.74574409, 28.72657399, 43.62544567, 42.50102687,\n        42.44156393, 28.90650675, 38.29735003, 37.88780758, 38.78099093],\n       [15.43025936, 16.6844412 ,  1.79988863, 16.97762702,  0.        ,\n        40.23136464, 41.61439733, 40.00000793, 38.93791581, 40.73146648,\n        40.31761665, 40.51278157, 38.85716945, 40.03530102, 39.35737627,\n        39.30344566, 41.34891403, 29.94994406, 29.36144473, 30.75403164],\n       [28.83132869, 27.3743868 , 41.73805828, 28.42591162, 40.23136464,\n         0.        ,  2.11517068, 36.37584506,  1.84570588,  2.31535857,\n         4.48758526,  2.92303865,  4.38494291, 36.47588039, 35.03583831,\n        34.99045788,  2.00471918, 40.9394845 , 40.97615428, 40.72423946],\n       [30.63195004, 29.19227305, 43.15743069, 30.28460052, 41.61439733,\n         2.11517068,  0.        , 35.60227975,  2.68680962,  1.12003685,\n         3.23412889,  1.74519731,  3.83367295, 35.70275546, 34.26812024,\n        34.22500155,  3.32508596, 40.86159806, 40.93196121, 40.59665107],\n       [42.4288368 , 42.02680002, 41.69525171, 43.55624253, 40.00000793,\n        36.37584506, 35.60227975,  0.        , 34.62674748, 34.58475517,\n        32.3714939 , 33.89649688, 32.01847423,  0.10061638,  1.34170449,\n         1.38948321, 38.37207582, 13.79462111, 14.38572656, 12.84429642],\n       [28.01598552, 26.58743693, 40.47629911, 27.70696025, 38.93791581,\n         1.84570588,  2.68680962, 34.62674748,  0.        ,  2.0064467 ,\n         3.39078775,  2.2037319 ,  2.80496865, 34.72659012, 33.28579238,\n        33.23975895,  3.82672217, 39.09425394, 39.13185328, 38.87853564],\n       [30.0028495 , 28.57913033, 42.28972326, 29.70646602, 40.73146648,\n         2.31535857,  1.12003685, 34.58475517,  2.0064467 ,  0.        ,\n         2.29087519,  0.69454811,  2.71883799, 34.68515113, 33.24879357,\n        33.20511592,  4.01317995, 39.74608061, 39.81496741, 39.48383284],\n       [30.33811181, 28.95920327, 41.92275491, 30.1651527 , 40.31761665,\n         4.48758526,  3.23412889, 32.3714939 ,  3.39078775,  2.29087519,\n         0.        ,  1.60336418,  1.48024811, 32.4719917 , 31.03800657,\n        30.99509351,  6.2962571 , 37.87625828, 37.96753896, 37.58208483],\n       [30.00406418, 28.59329269, 42.08523372, 29.74574409, 40.51278157,\n         2.92303865,  1.74519731, 33.89649688,  2.2037319 ,  0.69454811,\n         1.60336418,  0.        ,  2.11772971, 33.99691059, 32.5608899 ,\n        32.51733065,  4.69311566, 39.13136825, 39.2056661 , 38.86146642],\n       [28.8822713 , 27.50968401, 40.45771441, 28.72657399, 38.85716945,\n         4.38494291,  3.83367295, 32.01847423,  2.80496865,  2.71883799,\n         1.48024811,  2.11772971,  0.        , 32.11865452, 30.6796153 ,\n        30.6348313 ,  6.3622364 , 37.0280434 , 37.09843858, 36.76499546],\n       [42.49594398, 42.09646537, 41.72914169, 43.62544567, 40.03530102,\n        36.47588039, 35.70275546,  0.10061638, 34.72659012, 34.68515113,\n        32.4719917 , 33.99691059, 32.11865452,  0.        ,  1.44116857,\n         1.48853225, 38.47216305, 13.76809065, 14.36112349, 12.81579816],\n       [41.39807434, 40.96659202, 41.06954336, 42.50102687, 39.35737627,\n        35.03583831, 34.26812024,  1.34170449, 33.28579238, 33.24879357,\n        31.03800657, 32.5608899 , 30.6796153 ,  1.44116857,  0.        ,\n         0.0594805 , 37.03242104, 14.00989229, 14.57218625, 13.09109409],\n       [41.33868029, 40.90712173, 41.01596412, 42.44156393, 39.30344566,\n        34.99045788, 34.22500155,  1.38948321, 33.23975895, 33.20511592,\n        30.99509351, 32.51733065, 30.6348313 ,  1.48853225,  0.0594805 ,\n         0.        , 36.98723278, 13.98452517, 14.54556055, 13.06719854],\n       [29.41865504, 27.93601321, 42.81459927, 28.90650675, 41.34891403,\n         2.00471918,  3.32508596, 38.37207582,  3.82672217,  4.01317995,\n         6.2962571 ,  4.69311566,  6.3622364 , 38.47216305, 37.03242104,\n        36.98723278,  0.        , 42.88737234, 42.91641579, 42.68256465],\n       [36.84603828, 36.93072467, 31.42822861, 38.29735003, 29.94994406,\n        40.9394845 , 40.86159806, 13.79462111, 39.09425394, 39.74608061,\n        37.87625828, 39.13136825, 37.0280434 , 13.76809065, 14.00989229,\n        13.98452517, 42.88737234,  0.        ,  0.65441141,  0.98898806],\n       [36.42569505, 36.53146251, 30.83033497, 37.88780758, 29.36144473,\n        40.97615428, 40.93196121, 14.38572656, 39.13185328, 39.81496741,\n        37.96753896, 39.2056661 , 37.09843858, 14.36112349, 14.57218625,\n        14.54556055, 42.91641579,  0.65441141,  0.        ,  1.63680192],\n       [37.34835431, 37.3978129 , 32.25065761, 38.78099093, 30.75403164,\n        40.72423946, 40.59665107, 12.84429642, 38.87853564, 39.48383284,\n        37.58208483, 38.86146642, 36.76499546, 12.81579816, 13.09109409,\n        13.06719854, 42.68256465,  0.98898806,  1.63680192,  0.        ]])"}}