{"duration": 0.0030748844146728516, "input_args": {"D_high": "array([[0.        , 0.38729833, 0.52915026, 2.69443872, 2.65518361,\n        3.55246393, 5.17107339],\n       [0.38729833, 0.        , 0.33166248, 2.65518361, 2.64952826,\n        3.55387113, 5.25642464],\n       [0.52915026, 0.33166248, 0.        , 2.82488938, 2.75862284,\n        3.591657  , 5.2516664 ],\n       [2.69443872, 2.65518361, 2.82488938, 0.        , 0.67082039,\n        1.63707055, 3.51852242],\n       [2.65518361, 2.64952826, 2.75862284, 0.67082039, 0.        ,\n        1.10905365, 2.99499583],\n       [3.55246393, 3.55387113, 3.591657  , 1.63707055, 1.10905365,\n        0.        , 2.00499377],\n       [5.17107339, 5.25642464, 5.2516664 , 3.51852242, 2.99499583,\n        2.00499377, 0.        ]])", "D_low": "array([[ 0.        ,  5.66465234,  2.32764822,  8.78789055, 13.01302304,\n        23.19973678, 21.36697831],\n       [ 5.66465234,  0.        ,  3.57482899, 14.36899472, 18.01535154,\n        25.39792374, 20.20692675],\n       [ 2.32764822,  3.57482899,  0.        , 10.8152305 , 15.28974061,\n        24.66632103, 21.53211175],\n       [ 8.78789055, 14.36899472, 10.8152305 ,  0.        ,  9.36338439,\n        24.2439627 , 27.07035974],\n       [13.01302304, 18.01535154, 15.28974061,  9.36338439,  0.        ,\n        15.67769132, 22.16847854],\n       [23.19973678, 25.39792374, 24.66632103, 24.2439627 , 15.67769132,\n         0.        , 13.84412179],\n       [21.36697831, 20.20692675, 21.53211175, 27.07035974, 22.16847854,\n        13.84412179,  0.        ]])"}}