{"duration": 0.0024330615997314453, "input_args": {"D_high": "array([[0.        , 0.58309519, 1.47986486, 3.25115364, 3.77756535,\n        3.52987252, 3.29393382, 3.21403174, 3.18433667, 2.54754784,\n        2.97657521, 4.70956474, 4.29068759],\n       [0.58309519, 0.        , 1.3       , 3.70540146, 4.2626283 ,\n        3.92428337, 3.75099987, 3.69188299, 3.61109402, 2.97489496,\n        3.43511281, 5.13419906, 4.69574275],\n       [1.47986486, 1.3       , 0.        , 4.01248053, 4.5607017 ,\n        4.15571895, 3.89615195, 3.96484552, 3.78021163, 3.06920185,\n        3.64005494, 5.3244718 , 4.94165964],\n       [3.25115364, 3.70540146, 4.01248053, 0.        , 0.64807407,\n        0.65574385, 0.6164414 , 0.31622777, 0.5       , 1.02956301,\n        0.45825757, 1.49331845, 1.13137085],\n       [3.77756535, 4.2626283 , 4.5607017 , 0.64807407, 0.        ,\n        1.05356538, 0.92736185, 0.6       , 1.00498756, 1.56843871,\n        0.96436508, 1.21243557, 1.02956301],\n       [3.52987252, 3.92428337, 4.15571895, 0.65574385, 1.05356538,\n        0.        , 0.75498344, 0.92195445, 0.52915026, 1.19582607,\n        0.82462113, 1.2489996 , 0.8660254 ],\n       [3.29393382, 3.75099987, 3.89615195, 0.6164414 , 0.92736185,\n        0.75498344, 0.        , 0.64807407, 0.38729833, 0.86023253,\n        0.43588989, 1.55241747, 1.34907376],\n       [3.21403174, 3.69188299, 3.96484552, 0.31622777, 0.6       ,\n        0.92195445, 0.64807407, 0.        , 0.6244998 , 1.00995049,\n        0.43588989, 1.61554944, 1.30384048],\n       [3.18433667, 3.61109402, 3.78021163, 0.5       , 1.00498756,\n        0.52915026, 0.38729833, 0.6244998 , 0.        , 0.72801099,\n        0.34641016, 1.56204994, 1.23693169],\n       [2.54754784, 2.97489496, 3.06920185, 1.02956301, 1.56843871,\n        1.19582607, 0.86023253, 1.00995049, 0.72801099, 0.        ,\n        0.60827625, 2.27815715, 1.94422221],\n       [2.97657521, 3.43511281, 3.64005494, 0.45825757, 0.96436508,\n        0.82462113, 0.43588989, 0.43588989, 0.34641016, 0.60827625,\n        0.        , 1.77763888, 1.45945195],\n       [4.70956474, 5.13419906, 5.3244718 , 1.49331845, 1.21243557,\n        1.2489996 , 1.55241747, 1.61554944, 1.56204994, 2.27815715,\n        1.77763888, 0.        , 0.55677644],\n       [4.29068759, 4.69574275, 4.94165964, 1.13137085, 1.02956301,\n        0.8660254 , 1.34907376, 1.30384048, 1.23693169, 1.94422221,\n        1.45945195, 0.55677644, 0.        ]])", "D_low": "array([[0.        , 0.23845217, 0.29133205, 5.85263925, 5.97418887,\n        5.80756954, 5.66357413, 6.31554481, 7.41227813, 6.46047078,\n        5.78667311, 5.96826294, 6.034576  ],\n       [0.23845217, 0.        , 0.2061671 , 5.63741268, 5.75885683,\n        5.58910886, 5.43904657, 6.09288666, 7.17555261, 6.23370332,\n        5.56394996, 5.76373607, 5.83902197],\n       [0.29133205, 0.2061671 , 0.        , 5.756665  , 5.87785142,\n        5.7027975 , 5.54060338, 6.19806061, 7.23333366, 6.32940282,\n        5.66934286, 5.8984166 , 5.98418696],\n       [5.85263925, 5.63741268, 5.756665  , 0.        , 0.12164824,\n        0.19239502, 0.60522754, 0.65822234, 2.60281826, 0.99201725,\n        0.46068003, 0.56395447, 0.97665976],\n       [5.97418887, 5.75885683, 5.87785142, 0.12164824, 0.        ,\n        0.24830098, 0.65447277, 0.57902136, 2.54511003, 0.92507617,\n        0.49284349, 0.56264801, 0.97630306],\n       [5.80756954, 5.58910886, 5.7027975 , 0.19239502, 0.24830098,\n        0.        , 0.41468438, 0.5761806 , 2.46235266, 0.87647705,\n        0.2690861 , 0.75573039, 1.1673312 ],\n       [5.66357413, 5.43904657, 5.54060338, 0.60522754, 0.65447277,\n        0.41468438, 0.        , 0.66621905, 2.2453548 , 0.81429583,\n        0.17423212, 1.16289075, 1.5691513 ],\n       [6.31554481, 6.09288666, 6.19806061, 0.65822234, 0.57902136,\n        0.5761806 , 0.66621905, 0.        , 1.97544902, 0.35416293,\n        0.52893719, 1.10119003, 1.49628232],\n       [7.41227813, 7.17555261, 7.23333366, 2.60281826, 2.54511003,\n        2.46235266, 2.2453548 , 1.97544902, 0.        , 1.62226141,\n        2.25566436, 3.07542722, 3.46130463],\n       [6.46047078, 6.23370332, 6.32940282, 0.99201725, 0.92507617,\n        0.87647705, 0.81429583, 0.35416293, 1.62226141, 0.        ,\n        0.73793676, 1.45534281, 1.84930407],\n       [5.78667311, 5.56394996, 5.66934286, 0.46068003, 0.49284349,\n        0.2690861 , 0.17423212, 0.52893719, 2.25566436, 0.73793676,\n        0.        , 1.02456619, 1.43641637],\n       [5.96826294, 5.76373607, 5.8984166 , 0.56395447, 0.56264801,\n        0.75573039, 1.16289075, 1.10119003, 3.07542722, 1.45534281,\n        1.02456619, 0.        , 0.4146178 ],\n       [6.034576  , 5.83902197, 5.98418696, 0.97665976, 0.97630306,\n        1.1673312 , 1.5691513 , 1.49628232, 3.46130463, 1.84930407,\n        1.43641637, 0.4146178 , 0.        ]])"}}