{"duration": 0.01456308364868164, "input_args": {"D_high": "array([[ 0.        , 11.87434209,  2.23606798, ...,  2.82842712,\n        16.91153453,  4.47213595],\n       [11.87434209,  0.        , 11.3137085 , ..., 12.20655562,\n        10.34408043, 12.68857754],\n       [ 2.23606798, 11.3137085 ,  0.        , ...,  2.23606798,\n        16.88194302,  3.        ],\n       ...,\n       [ 2.82842712, 12.20655562,  2.23606798, ...,  0.        ,\n        17.94435844,  2.        ],\n       [16.91153453, 10.34408043, 16.88194302, ..., 17.94435844,\n         0.        , 18.60107524],\n       [ 4.47213595, 12.68857754,  3.        , ...,  2.        ,\n        18.60107524,  0.        ]])", "D_low": "array([[ 0.        ,  4.55356805,  4.22055942, ...,  4.82480036,\n         5.38644815,  8.4184833 ],\n       [ 4.55356805,  0.        ,  8.20309938, ...,  8.47849025,\n         3.0864573 , 12.48123502],\n       [ 4.22055942,  8.20309938,  0.        , ...,  6.53290665,\n         9.59092626,  8.36766159],\n       ...,\n       [ 4.82480036,  8.47849025,  6.53290665, ...,  0.        ,\n         7.50486627,  4.08145682],\n       [ 5.38644815,  3.0864573 ,  9.59092626, ...,  7.50486627,\n         0.        , 11.56398163],\n       [ 8.4184833 , 12.48123502,  8.36766159, ...,  4.08145682,\n        11.56398163,  0.        ]])"}}