{"duration": 0.0054111480712890625, "input_args": {"D_high": "array([[  0.        ,  99.03767478, 222.48737404, ...,  68.05106924,\n         70.4634419 ,  60.21040362],\n       [ 99.03767478,   0.        , 164.71032149, ...,  64.29096437,\n         79.46048483,  91.05102311],\n       [222.48737404, 164.71032149,   0.        , ..., 171.03618466,\n        234.92428202, 228.54251158],\n       ...,\n       [ 68.05106924,  64.29096437, 171.03618466, ...,   0.        ,\n         81.67068317,  66.23426945],\n       [ 70.4634419 ,  79.46048483, 234.92428202, ...,  81.67068317,\n          0.        ,  43.77778089],\n       [ 60.21040362,  91.05102311, 228.54251158, ...,  66.23426945,\n         43.77778089,   0.        ]])", "D_low": "array([[ 0.        , 22.84060973, 17.75810639, ...,  9.36962883,\n        18.41582502, 18.15884527],\n       [22.84060973,  0.        , 32.02471369, ..., 13.63297255,\n        25.93714923, 27.34875872],\n       [17.75810639, 32.02471369,  0.        , ..., 20.81942317,\n        36.17356036, 35.86315511],\n       ...,\n       [ 9.36962883, 13.63297255, 20.81942317, ...,  0.        ,\n        19.96539094, 20.58528724],\n       [18.41582502, 25.93714923, 36.17356036, ..., 19.96539094,\n         0.        ,  1.85358146],\n       [18.15884527, 27.34875872, 35.86315511, ..., 20.58528724,\n         1.85358146,  0.        ]])"}}