{"duration": 0.003439188003540039, "input_args": {"D_high": "array([[ 0.        , 10.19803903, 12.489996  , ..., 14.38749457,\n        14.28285686, 13.52774926],\n       [10.19803903,  0.        , 14.2126704 , ..., 15.65247584,\n        17.3781472 , 15.96871942],\n       [12.489996  , 14.2126704 ,  0.        , ..., 18.46618531,\n        19.33907961, 17.17556404],\n       ...,\n       [14.38749457, 15.65247584, 18.46618531, ...,  0.        ,\n         4.12310563,  3.16227766],\n       [14.28285686, 17.3781472 , 19.33907961, ...,  4.12310563,\n         0.        ,  4.35889894],\n       [13.52774926, 15.96871942, 17.17556404, ...,  3.16227766,\n         4.35889894,  0.        ]])", "D_low": "array([[ 0.        ,  5.59269444,  6.51182624, ..., 14.23742153,\n        14.52831329, 12.70719962],\n       [ 5.59269444,  0.        ,  5.39537222, ...,  8.7679466 ,\n        13.61893252,  7.86091369],\n       [ 6.51182624,  5.39537222,  0.        , ..., 12.53638258,\n        18.79190261, 12.70619903],\n       ...,\n       [14.23742153,  8.7679466 , 12.53638258, ...,  0.        ,\n        14.40627835,  3.50405816],\n       [14.52831329, 13.61893252, 18.79190261, ..., 14.40627835,\n         0.        , 10.91029137],\n       [12.70719962,  7.86091369, 12.70619903, ...,  3.50405816,\n        10.91029137,  0.        ]])"}}