{"duration": 0.034951210021972656, "input_args": {"D_high": "array([[  0.        ,  77.93464827, 115.40589995, ..., 101.71684227,\n        201.12626702,  59.67790051],\n       [ 77.93464827,   0.        ,  83.43747073, ...,  38.98205746,\n        183.93333012,  21.17286036],\n       [115.40589995,  83.43747073,   0.        , ...,  68.4928943 ,\n        207.62569195,  85.47655366],\n       ...,\n       [101.71684227,  38.98205746,  68.4928943 , ...,   0.        ,\n        189.87669905,  46.59966957],\n       [201.12626702, 183.93333012, 207.62569195, ..., 189.87669905,\n          0.        , 186.26121056],\n       [ 59.67790051,  21.17286036,  85.47655366, ...,  46.59966957,\n        186.26121056,   0.        ]])", "D_low": "array([[ 0.        , 10.28441395, 26.32380269, ..., 16.01035899,\n        21.30579807,  7.32406031],\n       [10.28441395,  0.        , 23.86574055, ..., 16.41291975,\n        11.09616996,  2.98049103],\n       [26.32380269, 23.86574055,  0.        , ..., 10.77172308,\n        24.20243885, 24.44285841],\n       ...,\n       [16.01035899, 16.41291975, 10.77172308, ...,  0.        ,\n        21.49634512, 15.9048412 ],\n       [21.30579807, 11.09616996, 24.20243885, ..., 21.49634512,\n         0.        , 14.07100745],\n       [ 7.32406031,  2.98049103, 24.44285841, ..., 15.9048412 ,\n        14.07100745,  0.        ]])"}}