{"duration": 0.003443002700805664, "input_args": {"D_high": "array([[0.        , 0.33166248, 0.70710678, ..., 4.40227214, 4.71911009,\n        4.27317212],\n       [0.33166248, 0.        , 0.41231056, ..., 4.28835633, 4.63680925,\n        4.15331193],\n       [0.70710678, 0.41231056, 0.        , ..., 4.39317653, 4.77807493,\n        4.26380112],\n       ...,\n       [4.40227214, 4.28835633, 4.39317653, ..., 0.        , 0.57445626,\n        0.81240384],\n       [4.71911009, 4.63680925, 4.77807493, ..., 0.57445626, 0.        ,\n        1.13578167],\n       [4.27317212, 4.15331193, 4.26380112, ..., 0.81240384, 1.13578167,\n        0.        ]])", "D_low": "array([[ 0.        ,  4.12234577,  9.11509005, ..., 17.70225521,\n        14.18526117, 14.65860845],\n       [ 4.12234577,  0.        ,  4.99364691, ..., 16.96529453,\n        11.54702033, 15.59134345],\n       [ 9.11509005,  4.99364691,  0.        , ..., 17.25159952,\n         9.68959745, 17.85071374],\n       ...,\n       [17.70225521, 16.96529453, 17.25159952, ...,  0.        ,\n         8.82343517,  6.92756282],\n       [14.18526117, 11.54702033,  9.68959745, ...,  8.82343517,\n         0.        , 12.62004177],\n       [14.65860845, 15.59134345, 17.85071374, ...,  6.92756282,\n        12.62004177,  0.        ]])"}}