{"duration": 0.0037779808044433594, "input_args": {"D_high": "array([[0.        , 1.25698051, 0.78740079, ..., 4.57602448, 4.79165942,\n        4.21781934],\n       [1.25698051, 0.        , 0.50990195, ..., 4.05215992, 4.25440948,\n        3.80657326],\n       [0.78740079, 0.50990195, 0.        , ..., 4.10609303, 4.32897216,\n        3.81182371],\n       ...,\n       [4.57602448, 4.05215992, 4.10609303, ..., 0.        , 0.6164414 ,\n        0.64031242],\n       [4.79165942, 4.25440948, 4.32897216, ..., 0.6164414 , 0.        ,\n        0.76811457],\n       [4.21781934, 3.80657326, 3.81182371, ..., 0.64031242, 0.76811457,\n        0.        ]])", "D_low": "array([[0.        , 0.31240162, 0.6191318 , ..., 5.06914357, 5.02843458,\n        5.36058001],\n       [0.31240162, 0.        , 0.32126958, ..., 5.15242628, 5.0859141 ,\n        5.44866457],\n       [0.6191318 , 0.32126958, 0.        , ..., 5.37166279, 5.28520763,\n        5.67088625],\n       ...,\n       [5.06914357, 5.15242628, 5.37166279, ..., 0.        , 0.43432634,\n        0.30572431],\n       [5.02843458, 5.0859141 , 5.28520763, ..., 0.43432634, 0.        ,\n        0.63105053],\n       [5.36058001, 5.44866457, 5.67088625, ..., 0.30572431, 0.63105053,\n        0.        ]])"}}