{"duration": 0.0055751800537109375, "input_args": {"D_high": "array([[  0.        ,  84.1961696 ,  77.77817558, ..., 164.25094499,\n         96.7953527 , 143.21994847],\n       [ 84.1961696 ,   0.        , 123.13577912, ..., 226.59142528,\n         74.06281237, 214.02748194],\n       [ 77.77817558, 123.13577912,   0.        , ..., 111.20643942,\n         90.52153753, 101.51019271],\n       ...,\n       [164.25094499, 226.59142528, 111.20643942, ...,   0.        ,\n        189.87669905,  46.59966957],\n       [ 96.7953527 ,  74.06281237,  90.52153753, ..., 189.87669905,\n          0.        , 186.26121056],\n       [143.21994847, 214.02748194, 101.51019271, ...,  46.59966957,\n        186.26121056,   0.        ]])", "D_low": "array([[ 0.        , 10.25414011,  7.81745155, ..., 13.11932105,\n         6.8697428 ,  9.79588834],\n       [10.25414011,  0.        , 15.02991316, ..., 13.34829662,\n         4.01402907, 19.28764608],\n       [ 7.81745155, 15.02991316,  0.        , ..., 20.9367335 ,\n        13.12877957, 13.53994011],\n       ...,\n       [13.11932105, 13.34829662, 20.9367335 , ...,  0.        ,\n        10.60116047, 14.93312245],\n       [ 6.8697428 ,  4.01402907, 13.12877957, ..., 10.60116047,\n         0.        , 15.35657654],\n       [ 9.79588834, 19.28764608, 13.53994011, ..., 14.93312245,\n        15.35657654,  0.        ]])"}}