{"duration": 0.0021698474884033203, "input_args": {"D_high": "array([[0.        , 0.53851648, 0.50990195, ..., 3.15277655, 4.69041576,\n        5.63914887],\n       [0.53851648, 0.        , 0.3       , ..., 3.10322413, 4.70850295,\n        5.74717322],\n       [0.50990195, 0.3       , 0.        , ..., 3.26802693, 4.86826458,\n        5.89406481],\n       ...,\n       [3.15277655, 3.10322413, 3.26802693, ..., 0.        , 1.65529454,\n        2.90172363],\n       [4.69041576, 4.70850295, 4.86826458, ..., 1.65529454, 0.        ,\n        1.42828569],\n       [5.63914887, 5.74717322, 5.89406481, ..., 2.90172363, 1.42828569,\n        0.        ]])", "D_low": "array([[ 0.        , 11.7619264 , 13.10248358, ..., 33.89617103,\n        25.03942808, 30.12009655],\n       [11.7619264 ,  0.        ,  1.98589921, ..., 31.39410347,\n        33.32835672, 23.75682608],\n       [13.10248358,  1.98589921,  0.        , ..., 32.92031979,\n        35.26216142, 24.79659566],\n       ...,\n       [33.89617103, 31.39410347, 32.92031979, ...,  0.        ,\n        29.66428294, 12.00338823],\n       [25.03942808, 33.32835672, 35.26216142, ..., 29.66428294,\n         0.        , 35.18804263],\n       [30.12009655, 23.75682608, 24.79659566, ..., 12.00338823,\n        35.18804263,  0.        ]])"}}