{"duration": 0.003088712692260742, "input_args": {"D_high": "array([[0.        , 0.5       , 0.2       , ..., 4.22018957, 4.45757782,\n        4.10609303],\n       [0.5       , 0.        , 0.55677644, ..., 4.23792402, 4.42040722,\n        4.1024383 ],\n       [0.2       , 0.55677644, 0.        , ..., 4.0484565 , 4.29534632,\n        3.95221457],\n       ...,\n       [4.22018957, 4.23792402, 4.0484565 , ..., 0.        , 0.58309519,\n        0.65574385],\n       [4.45757782, 4.42040722, 4.29534632, ..., 0.58309519, 0.        ,\n        0.64031242],\n       [4.10609303, 4.1024383 , 3.95221457, ..., 0.65574385, 0.64031242,\n        0.        ]])", "D_low": "array([[0.        , 0.11672205, 0.60294108, ..., 4.28118868, 2.56141927,\n        4.44832548],\n       [0.11672205, 0.        , 0.52936723, ..., 4.18874631, 2.58750792,\n        4.3654434 ],\n       [0.60294108, 0.52936723, 0.        , ..., 3.6875122 , 2.2716328 ,\n        3.84592132],\n       ...,\n       [4.28118868, 4.18874631, 3.6875122 , ..., 0.        , 3.93020882,\n        0.56407185],\n       [2.56141927, 2.58750792, 2.2716328 , ..., 3.93020882, 0.        ,\n        3.75198534],\n       [4.44832548, 4.3654434 , 3.84592132, ..., 0.56407185, 3.75198534,\n        0.        ]])"}}