{"duration": 0.002301931381225586, "input_args": {"D_high": "array([[0.        , 0.38729833, 0.52915026, 2.69443872, 2.65518361,\n        3.55246393, 5.17107339],\n       [0.38729833, 0.        , 0.33166248, 2.65518361, 2.64952826,\n        3.55387113, 5.25642464],\n       [0.52915026, 0.33166248, 0.        , 2.82488938, 2.75862284,\n        3.591657  , 5.2516664 ],\n       [2.69443872, 2.65518361, 2.82488938, 0.        , 0.67082039,\n        1.63707055, 3.51852242],\n       [2.65518361, 2.64952826, 2.75862284, 0.67082039, 0.        ,\n        1.10905365, 2.99499583],\n       [3.55246393, 3.55387113, 3.591657  , 1.63707055, 1.10905365,\n        0.        , 2.00499377],\n       [5.17107339, 5.25642464, 5.2516664 , 3.51852242, 2.99499583,\n        2.00499377, 0.        ]])", "D_low": "array([[ 0.        ,  0.91092654,  1.53435783, 28.47563012, 31.44901565,\n        23.27790065, 39.34243223],\n       [ 0.91092654,  0.        ,  1.15613589, 27.67406786, 30.6774735 ,\n        23.93344563, 39.30781221],\n       [ 1.53435783,  1.15613589,  0.        , 28.15856627, 31.22725095,\n        24.80894925, 40.45643532],\n       [28.47563012, 27.67406786, 28.15856627,  0.        ,  3.5587597 ,\n        41.80347133, 34.82105215],\n       [31.44901565, 30.6774735 , 31.22725095,  3.5587597 ,  0.        ,\n        43.29805366, 33.68738334],\n       [23.27790065, 23.93344563, 24.80894925, 41.80347133, 43.29805366,\n         0.        , 29.43321893],\n       [39.34243223, 39.30781221, 40.45643532, 34.82105215, 33.68738334,\n        29.43321893,  0.        ]])"}}