{"duration": 0.002183198928833008, "input_args": {"D_high": "array([[0.        , 1.27279221, 1.55563492, 0.87749644, 1.64316767,\n        3.48425028, 3.98748041, 3.39705755, 3.78549865, 4.09145451,\n        3.68781778, 3.48998567, 3.54259792, 3.04959014, 3.08868904,\n        3.18433667, 3.33916157, 4.93254498, 5.45985348, 4.46989933],\n       [1.27279221, 0.        , 0.52915026, 0.59160798, 0.66332496,\n        3.24653662, 3.81051178, 2.74954542, 3.4568772 , 3.64965752,\n        3.27719392, 3.23109888, 3.13209195, 2.48596058, 2.596151  ,\n        2.6       , 2.96141858, 4.66368953, 5.27730992, 4.23083916],\n       [1.55563492, 0.52915026, 0.        , 0.74161985, 0.34641016,\n        3.63593179, 4.18568991, 3.01330383, 3.8457769 , 3.97994975,\n        3.60277671, 3.60555128, 3.49428104, 2.81780056, 2.94957624,\n        2.9189039 , 3.318132  , 5.04678115, 5.63293884, 4.64112055],\n       [0.87749644, 0.59160798, 0.74161985, 0.        , 0.80622577,\n        3.48568501, 4.0385641 , 3.12569992, 3.71483512, 3.96358424,\n        3.55105618, 3.48855271, 3.42344855, 2.82665881, 2.88963666,\n        2.94788059, 3.24345495, 4.92341345, 5.50454358, 4.48887514],\n       [1.64316767, 0.66332496, 0.34641016, 0.80622577, 0.        ,\n        3.81313519, 4.38634244, 3.21869539, 3.97617907, 4.16173041,\n        3.78153408, 3.80525952, 3.65376518, 2.98998328, 3.08868904,\n        3.09192497, 3.50285598, 5.19711458, 5.82666285, 4.78121324],\n       [3.48425028, 3.24653662, 3.63593179, 3.48568501, 3.81313519,\n        0.        , 0.64807407, 1.28840987, 0.65574385, 0.81240384,\n        0.6164414 , 0.31622777, 0.5       , 1.02956301, 0.93808315,\n        1.02956301, 0.45825757, 1.49331845, 2.05669638, 1.13137085],\n       [3.98748041, 3.81051178, 4.18568991, 4.0385641 , 4.38634244,\n        0.64807407, 0.        , 1.63707055, 1.05356538, 0.84852814,\n        0.92736185, 0.6       , 1.00498756, 1.56843871, 1.54272486,\n        1.53622915, 0.96436508, 1.21243557, 1.5       , 1.02956301],\n       [3.39705755, 2.74954542, 3.01330383, 3.12569992, 3.21869539,\n        1.28840987, 1.63707055, 0.        , 1.5132746 , 1.11355287,\n        0.9486833 , 1.14891253, 0.99498744, 0.58309519, 0.9486833 ,\n        0.48989795, 0.84261498, 2.36008474, 2.84780617, 2.13072758],\n       [3.78549865, 3.4568772 , 3.8457769 , 3.71483512, 3.97617907,\n        0.65574385, 1.05356538, 1.5132746 , 0.        , 0.8660254 ,\n        0.75498344, 0.92195445, 0.52915026, 1.19582607, 0.93273791,\n        1.17046999, 0.82462113, 1.2489996 , 2.07364414, 0.8660254 ],\n       [4.09145451, 3.64965752, 3.97994975, 3.96358424, 4.16173041,\n        0.81240384, 0.84852814, 1.11355287, 0.8660254 , 0.        ,\n        0.50990195, 0.77459667, 0.64031242, 1.17473401, 1.19163753,\n        1.07703296, 0.75498344, 1.26095202, 1.79164729, 1.14017543],\n       [3.68781778, 3.27719392, 3.60277671, 3.55105618, 3.78153408,\n        0.6164414 , 0.92736185, 0.9486833 , 0.75498344, 0.50990195,\n        0.        , 0.64807407, 0.38729833, 0.86023253, 0.81240384,\n        0.78740079, 0.43588989, 1.55241747, 2.0904545 , 1.34907376],\n       [3.48998567, 3.23109888, 3.60555128, 3.48855271, 3.80525952,\n        0.31622777, 0.6       , 1.14891253, 0.92195445, 0.77459667,\n        0.64807407, 0.        , 0.6244998 , 1.00995049, 1.04880885,\n        1.        , 0.43588989, 1.61554944, 2.06639783, 1.30384048],\n       [3.54259792, 3.13209195, 3.49428104, 3.42344855, 3.65376518,\n        0.5       , 1.00498756, 0.99498744, 0.52915026, 0.64031242,\n        0.38729833, 0.6244998 , 0.        , 0.72801099, 0.60827625,\n        0.68556546, 0.34641016, 1.56204994, 2.24053565, 1.23693169],\n       [3.04959014, 2.48596058, 2.81780056, 2.82665881, 2.98998328,\n        1.02956301, 1.56843871, 0.58309519, 1.19582607, 1.17473401,\n        0.86023253, 1.00995049, 0.72801099, 0.        , 0.42426407,\n        0.14142136, 0.60827625, 2.27815715, 2.9       , 1.94422221],\n       [3.08868904, 2.596151  , 2.94957624, 2.88963666, 3.08868904,\n        0.93808315, 1.54272486, 0.9486833 , 0.93273791, 1.19163753,\n        0.81240384, 1.04880885, 0.60827625, 0.42426407, 0.        ,\n        0.46904158, 0.64031242, 2.12367606, 2.82665881, 1.76635217],\n       [3.18433667, 2.6       , 2.9189039 , 2.94788059, 3.09192497,\n        1.02956301, 1.53622915, 0.48989795, 1.17046999, 1.07703296,\n        0.78740079, 1.        , 0.68556546, 0.14142136, 0.46904158,\n        0.        , 0.59160798, 2.21133444, 2.82665881, 1.90262976],\n       [3.33916157, 2.96141858, 3.318132  , 3.24345495, 3.50285598,\n        0.45825757, 0.96436508, 0.84261498, 0.82462113, 0.75498344,\n        0.43588989, 0.43588989, 0.34641016, 0.60827625, 0.64031242,\n        0.59160798, 0.        , 1.77763888, 2.33666429, 1.45945195],\n       [4.93254498, 4.66368953, 5.04678115, 4.92341345, 5.19711458,\n        1.49331845, 1.21243557, 2.36008474, 1.2489996 , 1.26095202,\n        1.55241747, 1.61554944, 1.56204994, 2.27815715, 2.12367606,\n        2.21133444, 1.77763888, 0.        , 1.02956301, 0.55677644],\n       [5.45985348, 5.27730992, 5.63293884, 5.50454358, 5.82666285,\n        2.05669638, 1.5       , 2.84780617, 2.07364414, 1.79164729,\n        2.0904545 , 2.06639783, 2.24053565, 2.9       , 2.82665881,\n        2.82665881, 2.33666429, 1.02956301, 0.        , 1.46628783],\n       [4.46989933, 4.23083916, 4.64112055, 4.48887514, 4.78121324,\n        1.13137085, 1.02956301, 2.13072758, 0.8660254 , 1.14017543,\n        1.34907376, 1.30384048, 1.23693169, 1.94422221, 1.76635217,\n        1.90262976, 1.45945195, 0.55677644, 1.46628783, 0.        ]])", "D_low": "array([[0.        , 0.44319066, 0.24641054, 0.07893865, 0.21299024,\n        4.69984682, 3.76156841, 4.13585059, 4.88735361, 4.18805225,\n        3.91023723, 4.01474173, 4.16298806, 3.90675714, 4.10727877,\n        4.54360235, 4.36506634, 4.40131034, 4.44391891, 4.0188833 ],\n       [0.44319066, 0.        , 0.41727689, 0.37627481, 0.37242548,\n        5.02116721, 4.13163038, 4.47211875, 5.19734936, 4.52839064,\n        4.27507381, 4.36606932, 4.50109555, 4.25873509, 4.43791514,\n        4.86535082, 4.73408855, 4.74979079, 4.77883204, 4.37245854],\n       [0.24641054, 0.41727689, 0.        , 0.26760026, 0.40698604,\n        4.60906669, 3.71450275, 4.05708001, 4.78800777, 4.11278888,\n        3.8578009 , 3.94928291, 4.08579449, 3.84188561, 4.02378493,\n        4.45310437, 4.31688055, 4.33330438, 4.36408896, 3.95551707],\n       [0.07893865, 0.37627481, 0.26760026, 0.        , 0.14771587,\n        4.77572436, 3.8400864 , 4.2126837 , 4.96239381, 4.26514908,\n        3.9885697 , 4.09245009, 4.23994246, 3.9844884 , 4.18373229,\n        4.61948963, 4.44358205, 4.47890342, 4.52070369, 4.09670919],\n       [0.21299024, 0.37242548, 0.40698604, 0.14771587, 0.        ,\n        4.90871207, 3.96023802, 4.34256129, 5.09756649, 4.39397407,\n        4.1104033 , 4.21840377, 4.36934775, 4.11033283, 4.31496786,\n        4.75245847, 4.56364261, 4.60541652, 4.65073483, 4.2220045 ],\n       [4.69984682, 5.02116721, 4.60906669, 4.77572436, 4.90871207,\n        0.        , 1.19789112, 0.60244872, 0.25603902, 0.58364899,\n        1.03557294, 0.81862798, 0.58923693, 0.91135971, 0.60496705,\n        0.15625397, 0.86870168, 0.52564448, 0.32978635, 0.83680477],\n       [3.76156841, 4.13163038, 3.71450275, 3.8400864 , 3.96023802,\n        1.19789112, 0.        , 0.63233168, 1.45050751, 0.62189741,\n        0.16888591, 0.38351217, 0.62895217, 0.31357499, 0.68168495,\n        1.07026707, 0.60349819, 0.72182686, 0.869311  , 0.36168286],\n       [4.13585059, 4.47211875, 4.05708001, 4.2126837 , 4.34256129,\n        0.60244872, 0.63233168, 0.        , 0.84186085, 0.08203944,\n        0.49070815, 0.25529607, 0.03936322, 0.32338091, 0.0884322 ,\n        0.4571137 , 0.59442065, 0.33298293, 0.30825857, 0.28561344],\n       [4.88735361, 5.19734936, 4.78800777, 4.96239381, 5.09756649,\n        0.25603902, 1.45050751, 0.84186085, 0.        , 0.83187661,\n        1.28964761, 1.06916548, 0.83316165, 1.15830081, 0.83126816,\n        0.38491142, 1.11460684, 0.77968081, 0.58499392, 1.08888899],\n       [4.18805225, 4.52839064, 4.11278888, 4.26514908, 4.39397407,\n        0.58364899, 0.62189741, 0.08203944, 0.83187661, 0.        ,\n        0.46834443, 0.2384799 , 0.04288938, 0.32773612, 0.16797532,\n        0.44901842, 0.51817264, 0.25347625, 0.26705802, 0.26182878],\n       [3.91023723, 4.27507381, 3.8578009 , 3.9885697 , 4.1104033 ,\n        1.03557294, 0.16888591, 0.49070815, 1.28964761, 0.46834443,\n        0.        , 0.23543631, 0.48122721, 0.20178864, 0.55186736,\n        0.91273958, 0.46284186, 0.55298234, 0.70601864, 0.2071364 ],\n       [4.01474173, 4.36606932, 3.94928291, 4.09245009, 4.21840377,\n        0.81862798, 0.38351217, 0.25529607, 1.06916548, 0.2384799 ,\n        0.23543631, 0.        , 0.24686305, 0.10817664, 0.32004571,\n        0.68731574, 0.46762399, 0.38804334, 0.49350454, 0.03543849],\n       [4.16298806, 4.50109555, 4.08579449, 4.23994246, 4.36934775,\n        0.58923693, 0.62895217, 0.03936322, 0.83316165, 0.04288938,\n        0.48122721, 0.24686305, 0.        , 0.32583434, 0.12542715,\n        0.44846167, 0.55882647, 0.29406559, 0.28382381, 0.27423678],\n       [3.90675714, 4.25873509, 3.84188561, 3.9844884 , 4.11033283,\n        0.91135971, 0.31357499, 0.32338091, 1.15830081, 0.32773612,\n        0.20178864, 0.10817664, 0.32583434, 0.        , 0.36814275,\n        0.7739982 , 0.54713229, 0.49617521, 0.59127215, 0.11563574],\n       [4.10727877, 4.43791514, 4.02378493, 4.18373229, 4.31496786,\n        0.60496705, 0.68168495, 0.0884322 , 0.83126816, 0.16797532,\n        0.55186736, 0.32004571, 0.12542715, 0.36814275, 0.        ,\n        0.45205049, 0.68284993, 0.41061809, 0.34510349, 0.35334013],\n       [4.54360235, 4.86535082, 4.45310437, 4.61948963, 4.75245847,\n        0.15625397, 1.07026707, 0.4571137 , 0.38491142, 0.44901842,\n        0.91273958, 0.68731574, 0.44846167, 0.7739982 , 0.45205049,\n        0.        , 0.80651975, 0.44697719, 0.22600102, 0.70885761],\n       [4.36506634, 4.73408855, 4.31688055, 4.44358205, 4.56364261,\n        0.86870168, 0.60349819, 0.59442065, 1.11460684, 0.51817264,\n        0.46284186, 0.46762399, 0.55882647, 0.54713229, 0.68284993,\n        0.80651975, 0.        , 0.36135732, 0.58494842, 0.44102002],\n       [4.40131034, 4.74979079, 4.33330438, 4.47890342, 4.60541652,\n        0.52564448, 0.72182686, 0.33298293, 0.77968081, 0.25347625,\n        0.55298234, 0.38804334, 0.29406559, 0.49617521, 0.41061809,\n        0.44697719, 0.36135732, 0.        , 0.22363569, 0.38890127],\n       [4.44391891, 4.77883204, 4.36408896, 4.52070369, 4.65073483,\n        0.32978635, 0.869311  , 0.30825857, 0.58499392, 0.26705802,\n        0.70601864, 0.49350454, 0.28382381, 0.59127215, 0.34510349,\n        0.22600102, 0.58494842, 0.22363569, 0.        , 0.50939493],\n       [4.0188833 , 4.37245854, 3.95551707, 4.09670919, 4.2220045 ,\n        0.83680477, 0.36168286, 0.28561344, 1.08888899, 0.26182878,\n        0.2071364 , 0.03543849, 0.27423678, 0.11563574, 0.35334013,\n        0.70885761, 0.44102002, 0.38890127, 0.50939493, 0.        ]])"}}