{"duration": 0.0022521018981933594, "input_args": {"D_high": "array([[0.        , 0.53851648, 0.50990195, ..., 3.591657  , 5.63914887,\n        4.51995575],\n       [0.53851648, 0.        , 0.3       , ..., 3.47994253, 5.74717322,\n        4.52106182],\n       [0.50990195, 0.3       , 0.        , ..., 3.60832371, 5.89406481,\n        4.69361268],\n       ...,\n       [3.591657  , 3.47994253, 3.60832371, ..., 0.        , 3.1144823 ,\n        1.72336879],\n       [5.63914887, 5.74717322, 5.89406481, ..., 3.1144823 , 0.        ,\n        1.56524758],\n       [4.51995575, 4.52106182, 4.69361268, ..., 1.72336879, 1.56524758,\n        0.        ]])", "D_low": "array([[0.        , 0.15110963, 0.17949172, ..., 4.82250453, 5.1232608 ,\n        5.00053681],\n       [0.15110963, 0.        , 0.32902833, ..., 4.77117802, 5.07195876,\n        4.94812785],\n       [0.17949172, 0.32902833, 0.        , ..., 4.91978704, 5.2202517 ,\n        5.09878954],\n       ...,\n       [4.82250453, 4.77117802, 4.91978704, ..., 0.        , 0.30080077,\n        0.18137692],\n       [5.1232608 , 5.07195876, 5.2202517 , ..., 0.30080077, 0.        ,\n        0.12939322],\n       [5.00053681, 4.94812785, 5.09878954, ..., 0.18137692, 0.12939322,\n        0.        ]])"}}