{"duration": 0.0017459392547607422, "input_args": {"D_high": "array([[0.        , 0.5       , 0.74833148, 0.53851648, 3.49714169,\n        3.47275107, 2.88963666, 2.99499583, 3.18747549, 2.89482297],\n       [0.5       , 0.        , 0.75498344, 0.6       , 3.69052842,\n        3.69459064, 3.12729915, 3.30756708, 3.43074336, 3.19530906],\n       [0.74833148, 0.75498344, 0.        , 1.11803399, 4.14125585,\n        4.14004831, 3.51994318, 3.60138862, 3.84707681, 3.48998567],\n       [0.53851648, 0.6       , 1.11803399, 0.        , 3.38526218,\n        3.31209903, 2.78926514, 2.94957624, 3.02820079, 2.91376046],\n       [3.49714169, 3.69052842, 4.14125585, 3.38526218, 0.        ,\n        0.55677644, 0.74833148, 1.12249722, 0.79372539, 1.08166538],\n       [3.47275107, 3.69459064, 4.14004831, 3.31209903, 0.55677644,\n        0.        , 0.71414284, 0.97467943, 0.37416574, 1.17473401],\n       [2.88963666, 3.12729915, 3.51994318, 2.78926514, 0.74833148,\n        0.71414284, 0.        , 0.58309519, 0.51961524, 0.67082039],\n       [2.99499583, 3.30756708, 3.60138862, 2.94957624, 1.12249722,\n        0.97467943, 0.58309519, 0.        , 0.72801099, 0.51961524],\n       [3.18747549, 3.43074336, 3.84707681, 3.02820079, 0.79372539,\n        0.37416574, 0.51961524, 0.72801099, 0.        , 1.02956301],\n       [2.89482297, 3.19530906, 3.48998567, 2.91376046, 1.08166538,\n        1.17473401, 0.67082039, 0.51961524, 1.02956301, 0.        ]])", "D_low": "array([[0.00000000e+00, 2.16912616e+01, 5.24122205e-01, 3.87649758e-01,\n        5.94574296e+00, 6.43768781e+00, 5.87810899e+00, 6.14303822e+00,\n        5.96010571e+00, 6.12734361e+00],\n       [2.16912616e+01, 0.00000000e+00, 2.21742156e+01, 2.20661804e+01,\n        2.60522446e+01, 2.62928528e+01, 2.62063736e+01, 2.65700848e+01,\n        2.60850570e+01, 2.65624929e+01],\n       [5.24122205e-01, 2.21742156e+01, 0.00000000e+00, 1.51175906e-01,\n        5.79677400e+00, 6.30593254e+00, 5.69974803e+00, 5.94255486e+00,\n        5.80810568e+00, 5.92609774e+00],\n       [3.87649758e-01, 2.20661804e+01, 1.51175906e-01, 0.00000000e+00,\n        5.77869719e+00, 6.28304329e+00, 5.69062786e+00, 5.94057167e+00,\n        5.79095793e+00, 5.92434536e+00],\n       [5.94574296e+00, 2.60522446e+01, 5.79677400e+00, 5.77869719e+00,\n        0.00000000e+00, 5.42628443e-01, 3.53854934e-01, 6.44293400e-01,\n        3.77408437e-02, 6.48469849e-01],\n       [6.43768781e+00, 2.62928528e+01, 6.30593254e+00, 6.28304329e+00,\n        5.42628443e-01, 0.00000000e+00, 8.12388724e-01, 9.19071393e-01,\n        5.46456171e-01, 9.32935085e-01],\n       [5.87810899e+00, 2.62063736e+01, 5.69974803e+00, 5.69062786e+00,\n        3.53854934e-01, 8.12388724e-01, 0.00000000e+00, 3.69094276e-01,\n        3.23622087e-01, 3.64940891e-01],\n       [6.14303822e+00, 2.65700848e+01, 5.94255486e+00, 5.94057167e+00,\n        6.44293400e-01, 9.19071393e-01, 3.69094276e-01, 0.00000000e+00,\n        6.06877527e-01, 1.86862234e-02],\n       [5.96010571e+00, 2.60850570e+01, 5.80810568e+00, 5.79095793e+00,\n        3.77408437e-02, 5.46456171e-01, 3.23622087e-01, 6.06877527e-01,\n        0.00000000e+00, 6.11213009e-01],\n       [6.12734361e+00, 2.65624929e+01, 5.92609774e+00, 5.92434536e+00,\n        6.48469849e-01, 9.32935085e-01, 3.64940891e-01, 1.86862234e-02,\n        6.11213009e-01, 0.00000000e+00]])"}}