{"duration": 0.002360105514526367, "input_args": {"D_high": "array([[0.        , 0.53851648, 0.50990195, ..., 3.15277655, 4.69041576,\n        5.63914887],\n       [0.53851648, 0.        , 0.3       , ..., 3.10322413, 4.70850295,\n        5.74717322],\n       [0.50990195, 0.3       , 0.        , ..., 3.26802693, 4.86826458,\n        5.89406481],\n       ...,\n       [3.15277655, 3.10322413, 3.26802693, ..., 0.        , 1.65529454,\n        2.90172363],\n       [4.69041576, 4.70850295, 4.86826458, ..., 1.65529454, 0.        ,\n        1.42828569],\n       [5.63914887, 5.74717322, 5.89406481, ..., 2.90172363, 1.42828569,\n        0.        ]])", "D_low": "array([[ 0.        , 11.84627796,  7.12110746, ..., 19.29339915,\n        25.05770679, 19.99855468],\n       [11.84627796,  0.        ,  5.07452445, ..., 23.81069856,\n        22.49952436, 16.63757621],\n       [ 7.12110746,  5.07452445,  0.        , ..., 20.0072083 ,\n        21.45032336, 15.74932807],\n       ...,\n       [19.29339915, 23.81069856, 20.0072083 , ...,  0.        ,\n        13.76210266, 13.65283854],\n       [25.05770679, 22.49952436, 21.45032336, ..., 13.76210266,\n         0.        ,  5.86431582],\n       [19.99855468, 16.63757621, 15.74932807, ..., 13.65283854,\n         5.86431582,  0.        ]])"}}