{"duration": 0.002117156982421875, "input_args": {"D_high": "array([[0.        , 0.33166248, 0.70710678, ..., 4.40227214, 4.71911009,\n        4.27317212],\n       [0.33166248, 0.        , 0.41231056, ..., 4.28835633, 4.63680925,\n        4.15331193],\n       [0.70710678, 0.41231056, 0.        , ..., 4.39317653, 4.77807493,\n        4.26380112],\n       ...,\n       [4.40227214, 4.28835633, 4.39317653, ..., 0.        , 0.57445626,\n        0.81240384],\n       [4.71911009, 4.63680925, 4.77807493, ..., 0.57445626, 0.        ,\n        1.13578167],\n       [4.27317212, 4.15331193, 4.26380112, ..., 0.81240384, 1.13578167,\n        0.        ]])", "D_low": "array([[0.        , 0.77969356, 1.56454085, ..., 7.5433407 , 7.7945214 ,\n        7.30798264],\n       [0.77969356, 0.        , 2.24145402, ..., 7.52788072, 8.13217225,\n        7.08134391],\n       [1.56454085, 2.24145402, 0.        , ..., 8.6383279 , 8.29059815,\n        8.65019809],\n       ...,\n       [7.5433407 , 7.52788072, 8.6383279 , ..., 0.        , 3.61543813,\n        2.04784664],\n       [7.7945214 , 8.13217225, 8.29059815, ..., 3.61543813, 0.        ,\n        5.54776465],\n       [7.30798264, 7.08134391, 8.65019809, ..., 2.04784664, 5.54776465,\n        0.        ]])"}}