{"duration": 0.0045702457427978516, "input_args": {"D_high": "array([[ 0.        , 10.19803903, 12.489996  , ..., 14.38749457,\n        14.28285686, 13.52774926],\n       [10.19803903,  0.        , 14.2126704 , ..., 15.65247584,\n        17.3781472 , 15.96871942],\n       [12.489996  , 14.2126704 ,  0.        , ..., 18.46618531,\n        19.33907961, 17.17556404],\n       ...,\n       [14.38749457, 15.65247584, 18.46618531, ...,  0.        ,\n         4.12310563,  3.16227766],\n       [14.28285686, 17.3781472 , 19.33907961, ...,  4.12310563,\n         0.        ,  4.35889894],\n       [13.52774926, 15.96871942, 17.17556404, ...,  3.16227766,\n         4.35889894,  0.        ]])", "D_low": "array([[ 0.        ,  5.70205758,  5.43140358, ..., 15.52592106,\n        12.50454759, 12.28895992],\n       [ 5.70205758,  0.        ,  5.81698985, ..., 10.03497706,\n        12.19764307,  7.68026146],\n       [ 5.43140358,  5.81698985,  0.        , ..., 15.10436138,\n        16.86943645, 13.45586972],\n       ...,\n       [15.52592106, 10.03497706, 15.10436138, ...,  0.        ,\n        14.49906288,  4.80972621],\n       [12.50454759, 12.19764307, 16.86943645, ..., 14.49906288,\n         0.        ,  9.7652029 ],\n       [12.28895992,  7.68026146, 13.45586972, ...,  4.80972621,\n         9.7652029 ,  0.        ]])"}}