{"duration": 0.012054920196533203, "input_args": {"D_high": "array([[ 0.        , 11.87434209,  2.23606798, ...,  2.82842712,\n        16.91153453,  4.47213595],\n       [11.87434209,  0.        , 11.3137085 , ..., 12.20655562,\n        10.34408043, 12.68857754],\n       [ 2.23606798, 11.3137085 ,  0.        , ...,  2.23606798,\n        16.88194302,  3.        ],\n       ...,\n       [ 2.82842712, 12.20655562,  2.23606798, ...,  0.        ,\n        17.94435844,  2.        ],\n       [16.91153453, 10.34408043, 16.88194302, ..., 17.94435844,\n         0.        , 18.60107524],\n       [ 4.47213595, 12.68857754,  3.        , ...,  2.        ,\n        18.60107524,  0.        ]])", "D_low": "array([[ 0.        ,  5.69739603,  6.04423377, ...,  6.46349536,\n         8.83557903, 11.27264472],\n       [ 5.69739603,  0.        ,  8.68686974, ..., 11.23790067,\n         3.89525971, 15.21512897],\n       [ 6.04423377,  8.68686974,  0.        , ..., 11.32052636,\n        12.57876503,  6.63785867],\n       ...,\n       [ 6.46349536, 11.23790067, 11.32052636, ...,  0.        ,\n        13.05256107, 14.01914113],\n       [ 8.83557903,  3.89525971, 12.57876503, ..., 13.05256107,\n         0.        , 19.07338485],\n       [11.27264472, 15.21512897,  6.63785867, ..., 14.01914113,\n        19.07338485,  0.        ]])"}}