{"duration": 0.002578258514404297, "input_args": {"D_high": "array([[0.        , 1.27279221, 1.55563492, 0.87749644, 1.64316767,\n        3.48425028, 3.98748041, 3.39705755, 3.78549865, 4.09145451,\n        3.68781778, 3.48998567, 3.54259792, 3.04959014, 3.08868904,\n        3.18433667, 3.33916157, 4.93254498, 5.45985348, 4.46989933],\n       [1.27279221, 0.        , 0.52915026, 0.59160798, 0.66332496,\n        3.24653662, 3.81051178, 2.74954542, 3.4568772 , 3.64965752,\n        3.27719392, 3.23109888, 3.13209195, 2.48596058, 2.596151  ,\n        2.6       , 2.96141858, 4.66368953, 5.27730992, 4.23083916],\n       [1.55563492, 0.52915026, 0.        , 0.74161985, 0.34641016,\n        3.63593179, 4.18568991, 3.01330383, 3.8457769 , 3.97994975,\n        3.60277671, 3.60555128, 3.49428104, 2.81780056, 2.94957624,\n        2.9189039 , 3.318132  , 5.04678115, 5.63293884, 4.64112055],\n       [0.87749644, 0.59160798, 0.74161985, 0.        , 0.80622577,\n        3.48568501, 4.0385641 , 3.12569992, 3.71483512, 3.96358424,\n        3.55105618, 3.48855271, 3.42344855, 2.82665881, 2.88963666,\n        2.94788059, 3.24345495, 4.92341345, 5.50454358, 4.48887514],\n       [1.64316767, 0.66332496, 0.34641016, 0.80622577, 0.        ,\n        3.81313519, 4.38634244, 3.21869539, 3.97617907, 4.16173041,\n        3.78153408, 3.80525952, 3.65376518, 2.98998328, 3.08868904,\n        3.09192497, 3.50285598, 5.19711458, 5.82666285, 4.78121324],\n       [3.48425028, 3.24653662, 3.63593179, 3.48568501, 3.81313519,\n        0.        , 0.64807407, 1.28840987, 0.65574385, 0.81240384,\n        0.6164414 , 0.31622777, 0.5       , 1.02956301, 0.93808315,\n        1.02956301, 0.45825757, 1.49331845, 2.05669638, 1.13137085],\n       [3.98748041, 3.81051178, 4.18568991, 4.0385641 , 4.38634244,\n        0.64807407, 0.        , 1.63707055, 1.05356538, 0.84852814,\n        0.92736185, 0.6       , 1.00498756, 1.56843871, 1.54272486,\n        1.53622915, 0.96436508, 1.21243557, 1.5       , 1.02956301],\n       [3.39705755, 2.74954542, 3.01330383, 3.12569992, 3.21869539,\n        1.28840987, 1.63707055, 0.        , 1.5132746 , 1.11355287,\n        0.9486833 , 1.14891253, 0.99498744, 0.58309519, 0.9486833 ,\n        0.48989795, 0.84261498, 2.36008474, 2.84780617, 2.13072758],\n       [3.78549865, 3.4568772 , 3.8457769 , 3.71483512, 3.97617907,\n        0.65574385, 1.05356538, 1.5132746 , 0.        , 0.8660254 ,\n        0.75498344, 0.92195445, 0.52915026, 1.19582607, 0.93273791,\n        1.17046999, 0.82462113, 1.2489996 , 2.07364414, 0.8660254 ],\n       [4.09145451, 3.64965752, 3.97994975, 3.96358424, 4.16173041,\n        0.81240384, 0.84852814, 1.11355287, 0.8660254 , 0.        ,\n        0.50990195, 0.77459667, 0.64031242, 1.17473401, 1.19163753,\n        1.07703296, 0.75498344, 1.26095202, 1.79164729, 1.14017543],\n       [3.68781778, 3.27719392, 3.60277671, 3.55105618, 3.78153408,\n        0.6164414 , 0.92736185, 0.9486833 , 0.75498344, 0.50990195,\n        0.        , 0.64807407, 0.38729833, 0.86023253, 0.81240384,\n        0.78740079, 0.43588989, 1.55241747, 2.0904545 , 1.34907376],\n       [3.48998567, 3.23109888, 3.60555128, 3.48855271, 3.80525952,\n        0.31622777, 0.6       , 1.14891253, 0.92195445, 0.77459667,\n        0.64807407, 0.        , 0.6244998 , 1.00995049, 1.04880885,\n        1.        , 0.43588989, 1.61554944, 2.06639783, 1.30384048],\n       [3.54259792, 3.13209195, 3.49428104, 3.42344855, 3.65376518,\n        0.5       , 1.00498756, 0.99498744, 0.52915026, 0.64031242,\n        0.38729833, 0.6244998 , 0.        , 0.72801099, 0.60827625,\n        0.68556546, 0.34641016, 1.56204994, 2.24053565, 1.23693169],\n       [3.04959014, 2.48596058, 2.81780056, 2.82665881, 2.98998328,\n        1.02956301, 1.56843871, 0.58309519, 1.19582607, 1.17473401,\n        0.86023253, 1.00995049, 0.72801099, 0.        , 0.42426407,\n        0.14142136, 0.60827625, 2.27815715, 2.9       , 1.94422221],\n       [3.08868904, 2.596151  , 2.94957624, 2.88963666, 3.08868904,\n        0.93808315, 1.54272486, 0.9486833 , 0.93273791, 1.19163753,\n        0.81240384, 1.04880885, 0.60827625, 0.42426407, 0.        ,\n        0.46904158, 0.64031242, 2.12367606, 2.82665881, 1.76635217],\n       [3.18433667, 2.6       , 2.9189039 , 2.94788059, 3.09192497,\n        1.02956301, 1.53622915, 0.48989795, 1.17046999, 1.07703296,\n        0.78740079, 1.        , 0.68556546, 0.14142136, 0.46904158,\n        0.        , 0.59160798, 2.21133444, 2.82665881, 1.90262976],\n       [3.33916157, 2.96141858, 3.318132  , 3.24345495, 3.50285598,\n        0.45825757, 0.96436508, 0.84261498, 0.82462113, 0.75498344,\n        0.43588989, 0.43588989, 0.34641016, 0.60827625, 0.64031242,\n        0.59160798, 0.        , 1.77763888, 2.33666429, 1.45945195],\n       [4.93254498, 4.66368953, 5.04678115, 4.92341345, 5.19711458,\n        1.49331845, 1.21243557, 2.36008474, 1.2489996 , 1.26095202,\n        1.55241747, 1.61554944, 1.56204994, 2.27815715, 2.12367606,\n        2.21133444, 1.77763888, 0.        , 1.02956301, 0.55677644],\n       [5.45985348, 5.27730992, 5.63293884, 5.50454358, 5.82666285,\n        2.05669638, 1.5       , 2.84780617, 2.07364414, 1.79164729,\n        2.0904545 , 2.06639783, 2.24053565, 2.9       , 2.82665881,\n        2.82665881, 2.33666429, 1.02956301, 0.        , 1.46628783],\n       [4.46989933, 4.23083916, 4.64112055, 4.48887514, 4.78121324,\n        1.13137085, 1.02956301, 2.13072758, 0.8660254 , 1.14017543,\n        1.34907376, 1.30384048, 1.23693169, 1.94422221, 1.76635217,\n        1.90262976, 1.45945195, 0.55677644, 1.46628783, 0.        ]])", "D_low": "array([[ 0.        ,  0.2374241 ,  0.18932232,  0.1641992 ,  0.24345204,\n         5.54998592,  5.23610056,  4.80654766,  5.33364037,  5.30446688,\n         4.91107269,  4.97558407, 23.40202613,  4.93920104,  4.60646234,\n         4.67246274,  4.97372296,  5.56296588,  5.27610044,  5.26685815],\n       [ 0.2374241 ,  0.        ,  0.11098112,  0.20791895,  0.10013995,\n         5.76475237,  5.44850097,  5.01693705,  5.54176434,  5.51866786,\n         5.12536097,  5.18536587, 23.35427842,  5.15559313,  4.82312477,\n         4.88697211,  5.18837522,  5.76879446,  5.48929221,  5.48061227],\n       [ 0.18932232,  0.11098112,  0.        ,  0.24254652,  0.05551463,\n         5.73924266,  5.42542209,  4.99584379,  5.52284129,  5.49375009,\n         5.10035557,  5.1648615 , 23.45300968,  5.12835981,  4.79560463,\n         4.86173902,  5.16299019,  5.75200003,  5.46541233,  5.45615653],\n       [ 0.1641992 ,  0.20791895,  0.24254652,  0.        ,  0.27667471,\n         5.5672689 ,  5.24963916,  4.8170598 ,  5.34068493,  5.32086947,\n         4.92769475,  4.98514572, 23.24689571,  4.95931824,  4.62712094,\n         4.68949964,  4.99092693,  5.56668078,  5.29088423,  5.28254469],\n       [ 0.24345204,  0.10013995,  0.05551463,  0.27667471,  0.        ,\n         5.79332849,  5.47920765,  5.04935925,  5.57606773,  5.54776201,\n         5.15436934,  5.21830129, 23.45430819,  5.18262682,  4.84989512,\n         4.91577381,  5.21704996,  5.8049165 ,  5.51929852,  5.51011255],\n       [ 5.54998592,  5.76475237,  5.73924266,  5.5672689 ,  5.79332849,\n         0.        ,  0.33913911,  0.77697698,  0.406252  ,  0.24772486,\n         0.63967177,  0.62936256, 22.72017089,  0.61621676,  0.94777493,\n         0.87779233,  0.57637746,  0.46056125,  0.28737726,  0.28884623],\n       [ 5.23610056,  5.44850097,  5.42542209,  5.24963916,  5.47920765,\n         0.33913911,  0.        ,  0.44100351,  0.22985878,  0.11583562,\n         0.33740634,  0.29037948, 22.59845926,  0.35822204,  0.66188601,\n         0.5718759 ,  0.28466226,  0.45650638,  0.05705742,  0.07604941],\n       [ 4.80654766,  5.01693705,  4.99584379,  4.8170598 ,  5.04935925,\n         0.77697698,  0.44100351,  0.        ,  0.53624654,  0.53296518,\n         0.21113383,  0.17095862, 22.5244332 ,  0.31797047,  0.35162502,\n         0.23008144,  0.26304012,  0.78304122,  0.48975247,  0.48958868],\n       [ 5.33364037,  5.54176434,  5.52284129,  5.34068493,  5.57606773,\n         0.406252  ,  0.22985878,  0.53624654,  0.        ,  0.30523822,\n         0.51417677,  0.36551229, 22.38499678,  0.56488257,  0.83046927,\n         0.72367883,  0.47780505,  0.25311497,  0.25652341,  0.28680945],\n       [ 5.30446688,  5.51866786,  5.49375009,  5.32086947,  5.54776201,\n         0.24772486,  0.11583562,  0.53296518,  0.30523822,  0.        ,\n         0.39339462,  0.39581423, 22.68988387,  0.38173848,  0.70786055,\n         0.63206843,  0.33134772,  0.49069326,  0.06003707,  0.04449577],\n       [ 4.91107269,  5.12536097,  5.10035557,  4.92769475,  5.15436934,\n         0.63967177,  0.33740634,  0.21113383,  0.51417677,  0.39339462,\n         0.        ,  0.2220558 , 22.70151071,  0.10983675,  0.32479751,\n         0.23874834,  0.06537432,  0.76583312,  0.36864196,  0.35655815],\n       [ 4.97558407,  5.18536587,  5.1648615 ,  4.98514572,  5.21830129,\n         0.62936256,  0.29037948,  0.17095862,  0.36551229,  0.39581423,\n         0.2220558 ,  0.        , 22.48569743,  0.32198015,  0.48799629,\n         0.37187809,  0.23262908,  0.61389903,  0.34448871,  0.35131982],\n       [23.40202613, 23.35427842, 23.45300968, 23.24689571, 23.45430819,\n        22.72017089, 22.59845926, 22.5244332 , 22.38499678, 22.68988387,\n        22.70151071, 22.48569743,  0.        , 22.80694185, 22.82381155,\n        22.71943299, 22.71808321, 22.2596686 , 22.63769995, 22.66695881],\n       [ 4.93920104,  5.15559313,  5.12835981,  4.95931824,  5.18262682,\n         0.61621676,  0.35822204,  0.31797047,  0.56488257,  0.38173848,\n         0.10983675,  0.32198015, 22.80694185,  0.        ,  0.33289548,\n         0.28328911,  0.09464255,  0.8095034 ,  0.3736891 ,  0.35380195],\n       [ 4.60646234,  4.82312477,  4.79560463,  4.62712094,  4.84989512,\n         0.94777493,  0.66188601,  0.35162502,  0.83046927,  0.70786055,\n         0.32479751,  0.48799629, 22.82381155,  0.33289548,  0.        ,\n         0.12155554,  0.37943695,  1.0835524 ,  0.69007572,  0.67495892],\n       [ 4.67246274,  4.88697211,  4.86173902,  4.68949964,  4.91577381,\n         0.87779233,  0.5718759 ,  0.23008144,  0.72367883,  0.63206843,\n         0.23874834,  0.37187809, 22.71943299,  0.28328911,  0.12155554,\n         0.        ,  0.30142733,  0.97649132,  0.60648044,  0.59521901],\n       [ 4.97372296,  5.18837522,  5.16299019,  4.99092693,  5.21704996,\n         0.57637746,  0.28466226,  0.26304012,  0.47780505,  0.33134772,\n         0.06537432,  0.23262908, 22.71808321,  0.09464255,  0.37943695,\n         0.30142733,  0.        ,  0.72612923,  0.31064186,  0.2962649 ],\n       [ 5.56296588,  5.76879446,  5.75200003,  5.56668078,  5.8049165 ,\n         0.46056125,  0.45650638,  0.78304122,  0.25311497,  0.49069326,\n         0.76583312,  0.61389903, 22.2596686 ,  0.8095034 ,  1.0835524 ,\n         0.97649132,  0.72612923,  0.        ,  0.46173702,  0.49068262],\n       [ 5.27610044,  5.48929221,  5.46541233,  5.29088423,  5.51929852,\n         0.28737726,  0.05705742,  0.48975247,  0.25652341,  0.06003707,\n         0.36864196,  0.34448871, 22.63769995,  0.3736891 ,  0.69007572,\n         0.60648044,  0.31064186,  0.46173702,  0.        ,  0.03044633],\n       [ 5.26685815,  5.48061227,  5.45615653,  5.28254469,  5.51011255,\n         0.28884623,  0.07604941,  0.48958868,  0.28680945,  0.04449577,\n         0.35655815,  0.35131982, 22.66695881,  0.35380195,  0.67495892,\n         0.59521901,  0.2962649 ,  0.49068262,  0.03044633,  0.        ]])"}}