{"duration": 0.005912065505981445, "input_args": {"D_high": "array([[0.        , 0.53851648, 0.50990195, ..., 4.45982062, 4.65080638,\n        4.14004831],\n       [0.53851648, 0.        , 0.3       , ..., 4.49888875, 4.71805044,\n        4.15331193],\n       [0.50990195, 0.3       , 0.        , ..., 4.66154481, 4.84871117,\n        4.29883705],\n       ...,\n       [4.45982062, 4.49888875, 4.66154481, ..., 0.        , 0.6164414 ,\n        0.64031242],\n       [4.65080638, 4.71805044, 4.84871117, ..., 0.6164414 , 0.        ,\n        0.76811457],\n       [4.14004831, 4.15331193, 4.29883705, ..., 0.64031242, 0.76811457,\n        0.        ]])", "D_low": "array([[0.        , 0.99622851, 0.99425431, ..., 5.34442541, 4.29257462,\n        5.92451492],\n       [0.99622851, 0.        , 0.01383562, ..., 6.30176704, 5.16720195,\n        6.89002781],\n       [0.99425431, 0.01383562, 0.        , ..., 6.30326649, 5.17131931,\n        6.89115312],\n       ...,\n       [5.34442541, 6.30176704, 6.30326649, ..., 0.        , 1.58155292,\n        0.61471716],\n       [4.29257462, 5.16720195, 5.17131931, ..., 1.58155292, 0.        ,\n        2.16601219],\n       [5.92451492, 6.89002781, 6.89115312, ..., 0.61471716, 2.16601219,\n        0.        ]])"}}