{"duration": 0.002457141876220703, "input_args": {"D_high": "array([[0.        , 1.27279221, 1.55563492, 0.87749644, 1.64316767,\n        3.48425028, 3.98748041, 3.39705755, 3.78549865, 4.09145451,\n        3.68781778, 3.48998567, 3.54259792, 3.04959014, 3.08868904,\n        3.18433667, 3.33916157, 4.93254498, 5.45985348, 4.46989933],\n       [1.27279221, 0.        , 0.52915026, 0.59160798, 0.66332496,\n        3.24653662, 3.81051178, 2.74954542, 3.4568772 , 3.64965752,\n        3.27719392, 3.23109888, 3.13209195, 2.48596058, 2.596151  ,\n        2.6       , 2.96141858, 4.66368953, 5.27730992, 4.23083916],\n       [1.55563492, 0.52915026, 0.        , 0.74161985, 0.34641016,\n        3.63593179, 4.18568991, 3.01330383, 3.8457769 , 3.97994975,\n        3.60277671, 3.60555128, 3.49428104, 2.81780056, 2.94957624,\n        2.9189039 , 3.318132  , 5.04678115, 5.63293884, 4.64112055],\n       [0.87749644, 0.59160798, 0.74161985, 0.        , 0.80622577,\n        3.48568501, 4.0385641 , 3.12569992, 3.71483512, 3.96358424,\n        3.55105618, 3.48855271, 3.42344855, 2.82665881, 2.88963666,\n        2.94788059, 3.24345495, 4.92341345, 5.50454358, 4.48887514],\n       [1.64316767, 0.66332496, 0.34641016, 0.80622577, 0.        ,\n        3.81313519, 4.38634244, 3.21869539, 3.97617907, 4.16173041,\n        3.78153408, 3.80525952, 3.65376518, 2.98998328, 3.08868904,\n        3.09192497, 3.50285598, 5.19711458, 5.82666285, 4.78121324],\n       [3.48425028, 3.24653662, 3.63593179, 3.48568501, 3.81313519,\n        0.        , 0.64807407, 1.28840987, 0.65574385, 0.81240384,\n        0.6164414 , 0.31622777, 0.5       , 1.02956301, 0.93808315,\n        1.02956301, 0.45825757, 1.49331845, 2.05669638, 1.13137085],\n       [3.98748041, 3.81051178, 4.18568991, 4.0385641 , 4.38634244,\n        0.64807407, 0.        , 1.63707055, 1.05356538, 0.84852814,\n        0.92736185, 0.6       , 1.00498756, 1.56843871, 1.54272486,\n        1.53622915, 0.96436508, 1.21243557, 1.5       , 1.02956301],\n       [3.39705755, 2.74954542, 3.01330383, 3.12569992, 3.21869539,\n        1.28840987, 1.63707055, 0.        , 1.5132746 , 1.11355287,\n        0.9486833 , 1.14891253, 0.99498744, 0.58309519, 0.9486833 ,\n        0.48989795, 0.84261498, 2.36008474, 2.84780617, 2.13072758],\n       [3.78549865, 3.4568772 , 3.8457769 , 3.71483512, 3.97617907,\n        0.65574385, 1.05356538, 1.5132746 , 0.        , 0.8660254 ,\n        0.75498344, 0.92195445, 0.52915026, 1.19582607, 0.93273791,\n        1.17046999, 0.82462113, 1.2489996 , 2.07364414, 0.8660254 ],\n       [4.09145451, 3.64965752, 3.97994975, 3.96358424, 4.16173041,\n        0.81240384, 0.84852814, 1.11355287, 0.8660254 , 0.        ,\n        0.50990195, 0.77459667, 0.64031242, 1.17473401, 1.19163753,\n        1.07703296, 0.75498344, 1.26095202, 1.79164729, 1.14017543],\n       [3.68781778, 3.27719392, 3.60277671, 3.55105618, 3.78153408,\n        0.6164414 , 0.92736185, 0.9486833 , 0.75498344, 0.50990195,\n        0.        , 0.64807407, 0.38729833, 0.86023253, 0.81240384,\n        0.78740079, 0.43588989, 1.55241747, 2.0904545 , 1.34907376],\n       [3.48998567, 3.23109888, 3.60555128, 3.48855271, 3.80525952,\n        0.31622777, 0.6       , 1.14891253, 0.92195445, 0.77459667,\n        0.64807407, 0.        , 0.6244998 , 1.00995049, 1.04880885,\n        1.        , 0.43588989, 1.61554944, 2.06639783, 1.30384048],\n       [3.54259792, 3.13209195, 3.49428104, 3.42344855, 3.65376518,\n        0.5       , 1.00498756, 0.99498744, 0.52915026, 0.64031242,\n        0.38729833, 0.6244998 , 0.        , 0.72801099, 0.60827625,\n        0.68556546, 0.34641016, 1.56204994, 2.24053565, 1.23693169],\n       [3.04959014, 2.48596058, 2.81780056, 2.82665881, 2.98998328,\n        1.02956301, 1.56843871, 0.58309519, 1.19582607, 1.17473401,\n        0.86023253, 1.00995049, 0.72801099, 0.        , 0.42426407,\n        0.14142136, 0.60827625, 2.27815715, 2.9       , 1.94422221],\n       [3.08868904, 2.596151  , 2.94957624, 2.88963666, 3.08868904,\n        0.93808315, 1.54272486, 0.9486833 , 0.93273791, 1.19163753,\n        0.81240384, 1.04880885, 0.60827625, 0.42426407, 0.        ,\n        0.46904158, 0.64031242, 2.12367606, 2.82665881, 1.76635217],\n       [3.18433667, 2.6       , 2.9189039 , 2.94788059, 3.09192497,\n        1.02956301, 1.53622915, 0.48989795, 1.17046999, 1.07703296,\n        0.78740079, 1.        , 0.68556546, 0.14142136, 0.46904158,\n        0.        , 0.59160798, 2.21133444, 2.82665881, 1.90262976],\n       [3.33916157, 2.96141858, 3.318132  , 3.24345495, 3.50285598,\n        0.45825757, 0.96436508, 0.84261498, 0.82462113, 0.75498344,\n        0.43588989, 0.43588989, 0.34641016, 0.60827625, 0.64031242,\n        0.59160798, 0.        , 1.77763888, 2.33666429, 1.45945195],\n       [4.93254498, 4.66368953, 5.04678115, 4.92341345, 5.19711458,\n        1.49331845, 1.21243557, 2.36008474, 1.2489996 , 1.26095202,\n        1.55241747, 1.61554944, 1.56204994, 2.27815715, 2.12367606,\n        2.21133444, 1.77763888, 0.        , 1.02956301, 0.55677644],\n       [5.45985348, 5.27730992, 5.63293884, 5.50454358, 5.82666285,\n        2.05669638, 1.5       , 2.84780617, 2.07364414, 1.79164729,\n        2.0904545 , 2.06639783, 2.24053565, 2.9       , 2.82665881,\n        2.82665881, 2.33666429, 1.02956301, 0.        , 1.46628783],\n       [4.46989933, 4.23083916, 4.64112055, 4.48887514, 4.78121324,\n        1.13137085, 1.02956301, 2.13072758, 0.8660254 , 1.14017543,\n        1.34907376, 1.30384048, 1.23693169, 1.94422221, 1.76635217,\n        1.90262976, 1.45945195, 0.55677644, 1.46628783, 0.        ]])", "D_low": "array([[0.        , 0.47178393, 0.48465142, 0.44521138, 0.38711644,\n        5.41122653, 5.53286298, 5.64193423, 5.37141543, 5.3293355 ,\n        5.24017002, 5.88728338, 7.04149402, 6.04234898, 5.30447   ,\n        6.19304229, 5.3589408 , 5.51437998, 5.63452133, 5.57430555],\n       [0.47178393, 0.        , 0.01804846, 0.70192519, 0.28205262,\n        5.86205214, 5.98369366, 6.10998004, 5.82665991, 5.78871987,\n        5.70308572, 6.34743266, 7.51320292, 6.50722807, 5.75009988,\n        6.6568261 , 5.81961391, 5.94945444, 6.05253263, 5.99523797],\n       [0.48465142, 0.01804846, 0.        , 0.70405176, 0.27936317,\n        5.87786855, 5.99951181, 6.12414359, 5.84218719, 5.80392175,\n        5.71794607, 6.36257411, 7.52568862, 6.52186869, 5.75812819,\n        6.67160029, 5.83470033, 5.96601876, 6.06962904, 6.0122565 ],\n       [0.44521138, 0.70192519, 0.70405176, 0.        , 0.43868825,\n        5.49097574, 5.61209348, 5.64129612, 5.43607095, 5.37779925,\n        5.2726418 , 5.93030402, 6.9709415 , 6.06130947, 5.09757112,\n        6.21757209, 5.40162416, 5.63737304, 5.7937696 , 5.7280343 ],\n       [0.38711644, 0.28205262, 0.27936317, 0.43868825, 0.        ,\n        5.77897346, 5.90054579, 5.98289338, 5.73487871, 5.68777912,\n        5.59319359, 6.24433617, 7.35140354, 6.39111092, 5.52658433,\n        6.54392005, 5.71552125, 5.89219956, 6.01812916, 5.9571861 ],\n       [5.41122653, 5.86205214, 5.87786855, 5.49097574, 5.77897346,\n        0.        , 0.12164824, 1.02322535, 0.19239502, 0.395833  ,\n        0.60522754, 0.65822234, 2.60281826, 0.99201725, 3.47695474,\n        1.04749904, 0.46068003, 0.56395447, 1.06779008, 0.97665976],\n       [5.53286298, 5.98369366, 5.99951181, 5.61209348, 5.90054579,\n        0.12164824, 0.        , 1.01219082, 0.24830098, 0.43984072,\n        0.65447277, 0.57902136, 2.54511003, 0.92507617, 3.51998979,\n        0.96448633, 0.49284349, 0.56264801, 1.06244702, 0.97630306],\n       [5.64193423, 6.10998004, 6.12414359, 5.64129612, 5.98289338,\n        1.02322535, 1.01219082, 0.        , 0.846048  , 0.67197245,\n        0.55933495, 0.62672239, 1.6868576 , 0.48446859, 2.62232403,\n        0.65586033, 0.59703082, 1.57404197, 2.07455479, 1.98829507],\n       [5.37141543, 5.82665991, 5.84218719, 5.43607095, 5.73487871,\n        0.19239502, 0.24830098, 0.846048  , 0.        , 0.20350176,\n        0.41468438, 0.5761806 , 2.46235266, 0.87647705, 3.28637149,\n        0.95842763, 0.2690861 , 0.75573039, 1.25918446, 1.1673312 ],\n       [5.3293355 , 5.78871987, 5.80392175, 5.37779925, 5.68777912,\n        0.395833  , 0.43984072, 0.67197245, 0.20350176, 0.        ,\n        0.21463233, 0.5599406 , 2.32742863, 0.79461275, 3.08407295,\n        0.90729955, 0.07497802, 0.95834522, 1.46121071, 1.36866257],\n       [5.24017002, 5.70308572, 5.71794607, 5.2726418 , 5.59319359,\n        0.60522754, 0.65447277, 0.55933495, 0.41468438, 0.21463233,\n        0.        , 0.66621905, 2.2453548 , 0.81429583, 2.8718556 ,\n        0.95509168, 0.17423212, 1.16289075, 1.66319917, 1.5691513 ],\n       [5.88728338, 6.34743266, 6.36257411, 5.93030402, 6.24433617,\n        0.65822234, 0.57902136, 0.62672239, 0.5761806 , 0.5599406 ,\n        0.66621905, 0.        , 1.97544902, 0.35416293, 3.24899927,\n        0.38942486, 0.52893719, 1.10119003, 1.57050288, 1.49628232],\n       [7.04149402, 7.51320292, 7.52568862, 6.9709415 , 7.35140354,\n        2.60281826, 2.54511003, 1.6868576 , 2.46235266, 2.32742863,\n        2.2453548 , 1.97544902, 0.        , 1.62226141, 2.65672109,\n        1.62188351, 2.25566436, 3.07542722, 3.52873962, 3.46130463],\n       [6.04234898, 6.50722807, 6.52186869, 6.06130947, 6.39111092,\n        0.99201725, 0.92507617, 0.48446859, 0.87647705, 0.79461275,\n        0.81429583, 0.35416293, 1.62226141, 0.        , 3.03830928,\n        0.17168889, 0.73793676, 1.45534281, 1.92218102, 1.84930407],\n       [5.30447   , 5.75009988, 5.75812819, 5.09757112, 5.52658433,\n        3.47695474, 3.51998979, 2.62232403, 3.28637149, 3.08407295,\n        2.8718556 , 3.24899927, 2.65672109, 3.03830928, 0.        ,\n        3.18470637, 3.02718165, 4.02850459, 4.52041595, 4.42381469],\n       [6.19304229, 6.6568261 , 6.67160029, 6.21757209, 6.54392005,\n        1.04749904, 0.96448633, 0.65586033, 0.95842763, 0.90729955,\n        0.95509168, 0.38942486, 1.62188351, 0.17168889, 3.18470637,\n        0.        , 0.85877684, 1.46198762, 1.90687314, 1.84028339],\n       [5.3589408 , 5.81961391, 5.83470033, 5.40162416, 5.71552125,\n        0.46068003, 0.49284349, 0.59703082, 0.2690861 , 0.07497802,\n        0.17423212, 0.52893719, 2.25566436, 0.73793676, 3.02718165,\n        0.85877684, 0.        , 1.02456619, 1.52819795, 1.43641637],\n       [5.51437998, 5.94945444, 5.96601876, 5.63737304, 5.89219956,\n        0.56395447, 0.56264801, 1.57404197, 0.75573039, 0.95834522,\n        1.16289075, 1.10119003, 3.07542722, 1.45534281, 4.02850459,\n        1.46198762, 1.02456619, 0.        , 0.50402733, 0.4146178 ],\n       [5.63452133, 6.05253263, 6.06962904, 5.7937696 , 6.01812916,\n        1.06779008, 1.06244702, 2.07455479, 1.25918446, 1.46121071,\n        1.66319917, 1.57050288, 3.52873962, 1.92218102, 4.52041595,\n        1.90687314, 1.52819795, 0.50402733, 0.        , 0.09814798],\n       [5.57430555, 5.99523797, 6.0122565 , 5.7280343 , 5.9571861 ,\n        0.97665976, 0.97630306, 1.98829507, 1.1673312 , 1.36866257,\n        1.5691513 , 1.49628232, 3.46130463, 1.84930407, 4.42381469,\n        1.84028339, 1.43641637, 0.4146178 , 0.09814798, 0.        ]])"}}