{"duration": 0.002516031265258789, "input_args": {"D_high": "array([[0.        , 0.5       , 0.2       , ..., 4.22018957, 4.45757782,\n        4.10609303],\n       [0.5       , 0.        , 0.55677644, ..., 4.23792402, 4.42040722,\n        4.1024383 ],\n       [0.2       , 0.55677644, 0.        , ..., 4.0484565 , 4.29534632,\n        3.95221457],\n       ...,\n       [4.22018957, 4.23792402, 4.0484565 , ..., 0.        , 0.58309519,\n        0.65574385],\n       [4.45757782, 4.42040722, 4.29534632, ..., 0.58309519, 0.        ,\n        0.64031242],\n       [4.10609303, 4.1024383 , 3.95221457, ..., 0.65574385, 0.64031242,\n        0.        ]])", "D_low": "array([[ 0.        ,  4.55990617,  0.37607336, ...,  5.53513075,\n         5.96173841,  5.75601487],\n       [ 4.55990617,  0.        ,  4.74857874, ...,  9.82737297,\n        10.02930091, 10.04342767],\n       [ 0.37607336,  4.74857874,  0.        , ...,  5.2328714 ,\n         5.62734086,  5.4535481 ],\n       ...,\n       [ 5.53513075,  9.82737297,  5.2328714 , ...,  0.        ,\n         0.99254441,  0.22088492],\n       [ 5.96173841, 10.02930091,  5.62734086, ...,  0.99254441,\n         0.        ,  0.9361607 ],\n       [ 5.75601487, 10.04342767,  5.4535481 , ...,  0.22088492,\n         0.9361607 ,  0.        ]])"}}