{"duration": 0.004832029342651367, "input_args": {"D_high": "array([[ 0.        , 10.19803903, 12.489996  , ..., 14.38749457,\n        14.28285686, 13.52774926],\n       [10.19803903,  0.        , 14.2126704 , ..., 15.65247584,\n        17.3781472 , 15.96871942],\n       [12.489996  , 14.2126704 ,  0.        , ..., 18.46618531,\n        19.33907961, 17.17556404],\n       ...,\n       [14.38749457, 15.65247584, 18.46618531, ...,  0.        ,\n         4.12310563,  3.16227766],\n       [14.28285686, 17.3781472 , 19.33907961, ...,  4.12310563,\n         0.        ,  4.35889894],\n       [13.52774926, 15.96871942, 17.17556404, ...,  3.16227766,\n         4.35889894,  0.        ]])", "D_low": "array([[ 0.        ,  3.9437997 ,  5.03883485, ...,  7.83970565,\n        12.91053573,  6.06206381],\n       [ 3.9437997 ,  0.        ,  3.33190227, ...,  6.42398686,\n        12.78155144,  4.6024088 ],\n       [ 5.03883485,  3.33190227,  0.        , ...,  9.75381013,\n        16.07536832,  7.93210248],\n       ...,\n       [ 7.83970565,  6.42398686,  9.75381013, ...,  0.        ,\n         6.64408099,  1.88803033],\n       [12.91053573, 12.78155144, 16.07536832, ...,  6.64408099,\n         0.        ,  8.2324808 ],\n       [ 6.06206381,  4.6024088 ,  7.93210248, ...,  1.88803033,\n         8.2324808 ,  0.        ]])"}}