{"duration": 0.0019948482513427734, "input_args": {"D_high": "array([[0.        , 0.38729833, 0.52915026, 2.69443872, 2.65518361,\n        3.55246393, 5.17107339],\n       [0.38729833, 0.        , 0.33166248, 2.65518361, 2.64952826,\n        3.55387113, 5.25642464],\n       [0.52915026, 0.33166248, 0.        , 2.82488938, 2.75862284,\n        3.591657  , 5.2516664 ],\n       [2.69443872, 2.65518361, 2.82488938, 0.        , 0.67082039,\n        1.63707055, 3.51852242],\n       [2.65518361, 2.64952826, 2.75862284, 0.67082039, 0.        ,\n        1.10905365, 2.99499583],\n       [3.55246393, 3.55387113, 3.591657  , 1.63707055, 1.10905365,\n        0.        , 2.00499377],\n       [5.17107339, 5.25642464, 5.2516664 , 3.51852242, 2.99499583,\n        2.00499377, 0.        ]])", "D_low": "array([[0.        , 0.43927665, 0.68652444, 6.06439715, 6.13910464,\n        5.92010773, 5.76654484],\n       [0.43927665, 0.        , 0.36909334, 5.76832752, 5.84387474,\n        5.6107885 , 5.42001257],\n       [0.68652444, 0.36909334, 0.        , 5.4122829 , 5.48758953,\n        5.25932507, 5.08697123],\n       [6.06439715, 5.76832752, 5.4122829 , 0.        , 0.07671363,\n        0.28612109, 1.02503071],\n       [6.13910464, 5.84387474, 5.48758953, 0.07671363, 0.        ,\n        0.34440338, 1.07067082],\n       [5.92010773, 5.6107885 , 5.25932507, 0.28612109, 0.34440338,\n        0.        , 0.74476022],\n       [5.76654484, 5.42001257, 5.08697123, 1.02503071, 1.07067082,\n        0.74476022, 0.        ]])"}}