{"duration": 0.004721164703369141, "input_args": {"D_high": "array([[0.        , 0.53851648, 0.50990195, ..., 4.27668096, 4.45982062,\n        4.65080638],\n       [0.53851648, 0.        , 0.3       , ..., 4.24970587, 4.49888875,\n        4.71805044],\n       [0.50990195, 0.3       , 0.        , ..., 4.43057558, 4.66154481,\n        4.84871117],\n       ...,\n       [4.27668096, 4.24970587, 4.43057558, ..., 0.        , 0.58309519,\n        1.06770783],\n       [4.45982062, 4.49888875, 4.66154481, ..., 0.58309519, 0.        ,\n        0.6164414 ],\n       [4.65080638, 4.71805044, 4.84871117, ..., 1.06770783, 0.6164414 ,\n        0.        ]])", "D_low": "array([[0.        , 0.42292203, 0.36972847, ..., 7.53337385, 7.00864418,\n        6.9525107 ],\n       [0.42292203, 0.        , 0.65902528, ..., 7.87582812, 7.3791231 ,\n        7.32589738],\n       [0.36972847, 0.65902528, 0.        , ..., 7.21834414, 6.72124791,\n        6.66867417],\n       ...,\n       [7.53337385, 7.87582812, 7.21834414, ..., 0.        , 1.05301725,\n        1.16993072],\n       [7.00864418, 7.3791231 , 6.72124791, ..., 1.05301725, 0.        ,\n        0.11704449],\n       [6.9525107 , 7.32589738, 6.66867417, ..., 1.16993072, 0.11704449,\n        0.        ]])"}}