{"duration": 0.01506185531616211, "input_args": {"D_high": "array([[  0.        ,  63.23003439,  51.6526914 , ...,  66.22284519,\n         27.80260283, 159.45199265],\n       [ 63.23003439,   0.        ,  64.14069613, ...,  27.67658187,\n         52.44791055, 160.38731457],\n       [ 51.6526914 ,  64.14069613,   0.        , ...,  62.35925404,\n         42.98609637, 123.5982541 ],\n       ...,\n       [ 66.22284519,  27.67658187,  62.35925404, ...,   0.        ,\n         54.08764636, 159.7956386 ],\n       [ 27.80260283,  52.44791055,  42.98609637, ...,  54.08764636,\n          0.        , 157.90239317],\n       [159.45199265, 160.38731457, 123.5982541 , ..., 159.7956386 ,\n        157.90239317,   0.        ]])", "D_low": "array([[ 0.        , 11.43550604,  5.10154777, ...,  9.43319495,\n         3.09907345,  7.43525791],\n       [11.43550604,  0.        ,  8.64360334, ...,  2.00238014,\n        10.1248939 , 15.59053156],\n       [ 5.10154777,  8.64360334,  0.        , ...,  6.86946321,\n         2.17948395,  6.95757905],\n       ...,\n       [ 9.43319495,  2.00238014,  6.86946321, ...,  0.        ,\n         8.20232653, 13.82335091],\n       [ 3.09907345, 10.1248939 ,  2.17948395, ...,  8.20232653,\n         0.        ,  6.0362291 ],\n       [ 7.43525791, 15.59053156,  6.95757905, ..., 13.82335091,\n         6.0362291 ,  0.        ]])"}}