{"duration": 0.008304119110107422, "input_args": {"D_high": "array([[  0.        ,  63.23003439,  51.6526914 , ...,  66.22284519,\n         27.80260283, 159.45199265],\n       [ 63.23003439,   0.        ,  64.14069613, ...,  27.67658187,\n         52.44791055, 160.38731457],\n       [ 51.6526914 ,  64.14069613,   0.        , ...,  62.35925404,\n         42.98609637, 123.5982541 ],\n       ...,\n       [ 66.22284519,  27.67658187,  62.35925404, ...,   0.        ,\n         54.08764636, 159.7956386 ],\n       [ 27.80260283,  52.44791055,  42.98609637, ...,  54.08764636,\n          0.        , 157.90239317],\n       [159.45199265, 160.38731457, 123.5982541 , ..., 159.7956386 ,\n        157.90239317,   0.        ]])", "D_low": "array([[ 0.        , 11.83433362,  6.15772513, ..., 10.4907791 ,\n         1.56263485,  6.33228255],\n       [11.83433362,  0.        ,  5.83845776, ...,  3.95435529,\n        13.38475152, 17.68155084],\n       [ 6.15772513,  5.83845776,  0.        , ...,  5.85751581,\n         7.71990639, 11.84309522],\n       ...,\n       [10.4907791 ,  3.95435529,  5.85751581, ...,  0.        ,\n        11.90598399, 16.77798718],\n       [ 1.56263485, 13.38475152,  7.71990639, ..., 11.90598399,\n         0.        ,  5.14084841],\n       [ 6.33228255, 17.68155084, 11.84309522, ..., 16.77798718,\n         5.14084841,  0.        ]])"}}