{"duration": 0.005663871765136719, "input_args": {"D_high": "array([[  0.        ,  84.1961696 ,  77.77817558, ..., 164.25094499,\n         96.7953527 , 143.21994847],\n       [ 84.1961696 ,   0.        , 123.13577912, ..., 226.59142528,\n         74.06281237, 214.02748194],\n       [ 77.77817558, 123.13577912,   0.        , ..., 111.20643942,\n         90.52153753, 101.51019271],\n       ...,\n       [164.25094499, 226.59142528, 111.20643942, ...,   0.        ,\n        189.87669905,  46.59966957],\n       [ 96.7953527 ,  74.06281237,  90.52153753, ..., 189.87669905,\n          0.        , 186.26121056],\n       [143.21994847, 214.02748194, 101.51019271, ...,  46.59966957,\n        186.26121056,   0.        ]])", "D_low": "array([[ 0.        ,  5.46838291,  6.71407669, ..., 15.01463055,\n        10.28644514, 17.23612383],\n       [ 5.46838291,  0.        , 11.58633913, ..., 20.15266751,\n         8.9135212 , 20.10387687],\n       [ 6.71407669, 11.58633913,  0.        , ...,  8.5999835 ,\n        11.66229602, 11.87423376],\n       ...,\n       [15.01463055, 20.15266751,  8.5999835 , ...,  0.        ,\n        19.16194528, 11.87177263],\n       [10.28644514,  8.9135212 , 11.66229602, ..., 19.16194528,\n         0.        , 13.97679319],\n       [17.23612383, 20.10387687, 11.87423376, ..., 11.87177263,\n        13.97679319,  0.        ]])"}}