{"duration": 0.00648808479309082, "input_args": {"D_high": "array([[0.        , 0.53851648, 0.50990195, ..., 4.27668096, 4.45982062,\n        4.65080638],\n       [0.53851648, 0.        , 0.3       , ..., 4.24970587, 4.49888875,\n        4.71805044],\n       [0.50990195, 0.3       , 0.        , ..., 4.43057558, 4.66154481,\n        4.84871117],\n       ...,\n       [4.27668096, 4.24970587, 4.43057558, ..., 0.        , 0.58309519,\n        1.06770783],\n       [4.45982062, 4.49888875, 4.66154481, ..., 0.58309519, 0.        ,\n        0.6164414 ],\n       [4.65080638, 4.71805044, 4.84871117, ..., 1.06770783, 0.6164414 ,\n        0.        ]])", "D_low": "array([[0.        , 0.66162621, 0.93444536, ..., 5.86472971, 6.71450206,\n        6.57985793],\n       [0.66162621, 0.        , 0.32331161, ..., 5.42761235, 6.29858935,\n        6.23966648],\n       [0.93444536, 0.32331161, 0.        , ..., 5.11166786, 5.98542363,\n        5.94179298],\n       ...,\n       [5.86472971, 5.42761235, 5.11166786, ..., 0.        , 0.89779876,\n        1.33194424],\n       [6.71450206, 6.29858935, 5.98542363, ..., 0.89779876, 0.        ,\n        0.90647194],\n       [6.57985793, 6.23966648, 5.94179298, ..., 1.33194424, 0.90647194,\n        0.        ]])"}}