{"duration": 0.07517409324645996, "input_args": {"D_high": "array([[  0.        ,  66.90348403,  54.29633528, ..., 117.7833007 ,\n         43.58127217,  61.71982942],\n       [ 66.90348403,   0.        , 102.51825711, ..., 118.02190998,\n         53.16248681,  12.74524602],\n       [ 54.29633528, 102.51825711,   0.        , ..., 130.39398885,\n         59.87774486,  96.3199743 ],\n       ...,\n       [117.7833007 , 118.02190998, 130.39398885, ...,   0.        ,\n        116.45694834, 116.0975663 ],\n       [ 43.58127217,  53.16248681,  59.87774486, ..., 116.45694834,\n          0.        ,  52.21198288],\n       [ 61.71982942,  12.74524602,  96.3199743 , ..., 116.0975663 ,\n         52.21198288,   0.        ]])", "D_low": "array([[ 0.        , 10.39187161,  7.90452506, ..., 17.75244647,\n         8.21396762, 10.22753677],\n       [10.39187161,  0.        , 13.85942987, ..., 11.22898936,\n        10.06674607,  0.16805738],\n       [ 7.90452506, 13.85942987,  0.        , ..., 15.5671116 ,\n         4.62674006, 13.70425267],\n       ...,\n       [17.75244647, 11.22898936, 15.5671116 , ...,  0.        ,\n        11.17359768, 11.25459901],\n       [ 8.21396762, 10.06674607,  4.62674006, ..., 11.17359768,\n         0.        ,  9.93010671],\n       [10.22753677,  0.16805738, 13.70425267, ..., 11.25459901,\n         9.93010671,  0.        ]])"}}