{"duration": 0.004965066909790039, "input_args": {"D_high": "array([[  0.        ,  77.93464827, 115.40589995, ..., 101.71684227,\n        201.12626702,  59.67790051],\n       [ 77.93464827,   0.        ,  83.43747073, ...,  38.98205746,\n        183.93333012,  21.17286036],\n       [115.40589995,  83.43747073,   0.        , ...,  68.4928943 ,\n        207.62569195,  85.47655366],\n       ...,\n       [101.71684227,  38.98205746,  68.4928943 , ...,   0.        ,\n        189.87669905,  46.59966957],\n       [201.12626702, 183.93333012, 207.62569195, ..., 189.87669905,\n          0.        , 186.26121056],\n       [ 59.67790051,  21.17286036,  85.47655366, ...,  46.59966957,\n        186.26121056,   0.        ]])", "D_low": "array([[ 0.        , 15.1227096 , 29.47228262, ..., 24.23394127,\n        15.26840711, 12.39650351],\n       [15.1227096 ,  0.        , 18.92484836, ..., 11.48198066,\n         9.09018378,  3.46541066],\n       [29.47228262, 18.92484836,  0.        , ...,  7.98638268,\n        27.85806903, 22.07699106],\n       ...,\n       [24.23394127, 11.48198066,  7.98638268, ...,  0.        ,\n        20.1199454 , 14.85185633],\n       [15.26840711,  9.09018378, 27.85806903, ..., 20.1199454 ,\n         0.        ,  6.78994127],\n       [12.39650351,  3.46541066, 22.07699106, ..., 14.85185633,\n         6.78994127,  0.        ]])"}}