{"duration": 0.0032629966735839844, "input_args": {"D_high": "array([[  0.        ,  63.23003439,  51.6526914 , ...,  66.22284519,\n         27.80260283, 159.45199265],\n       [ 63.23003439,   0.        ,  64.14069613, ...,  27.67658187,\n         52.44791055, 160.38731457],\n       [ 51.6526914 ,  64.14069613,   0.        , ...,  62.35925404,\n         42.98609637, 123.5982541 ],\n       ...,\n       [ 66.22284519,  27.67658187,  62.35925404, ...,   0.        ,\n         54.08764636, 159.7956386 ],\n       [ 27.80260283,  52.44791055,  42.98609637, ...,  54.08764636,\n          0.        , 157.90239317],\n       [159.45199265, 160.38731457, 123.5982541 , ..., 159.7956386 ,\n        157.90239317,   0.        ]])", "D_low": "array([[ 0.        ,  9.97942691,  7.66544842, ..., 11.74620777,\n         1.82435897, 13.32191595],\n       [ 9.97942691,  0.        , 17.62696367, ...,  2.54109551,\n         8.43586153, 21.30447264],\n       [ 7.66544842, 17.62696367,  0.        , ..., 19.39755502,\n         9.2268439 , 10.71552573],\n       ...,\n       [11.74620777,  2.54109551, 19.39755502, ...,  0.        ,\n        10.39153195, 21.9390084 ],\n       [ 1.82435897,  8.43586153,  9.2268439 , ..., 10.39153195,\n         0.        , 15.05845212],\n       [13.32191595, 21.30447264, 10.71552573, ..., 21.9390084 ,\n        15.05845212,  0.        ]])"}}