{"duration": 0.12514805793762207, "input_args": {"D_high": "array([[  0.        ,  66.90348403,  54.29633528, ..., 117.7833007 ,\n         43.58127217,  61.71982942],\n       [ 66.90348403,   0.        , 102.51825711, ..., 118.02190998,\n         53.16248681,  12.74524602],\n       [ 54.29633528, 102.51825711,   0.        , ..., 130.39398885,\n         59.87774486,  96.3199743 ],\n       ...,\n       [117.7833007 , 118.02190998, 130.39398885, ...,   0.        ,\n        116.45694834, 116.0975663 ],\n       [ 43.58127217,  53.16248681,  59.87774486, ..., 116.45694834,\n          0.        ,  52.21198288],\n       [ 61.71982942,  12.74524602,  96.3199743 , ..., 116.0975663 ,\n         52.21198288,   0.        ]])", "D_low": "array([[ 0.        , 14.89571714, 13.75834053, ..., 18.80420906,\n         9.80420483, 11.72422209],\n       [14.89571714,  0.        , 18.41285418, ..., 18.31614682,\n         9.55643322,  5.01370361],\n       [13.75834053, 18.41285418,  0.        , ..., 31.05021675,\n         9.00493513, 19.0977255 ],\n       ...,\n       [18.80420906, 18.31614682, 31.05021675, ...,  0.        ,\n        23.17829849, 13.94668483],\n       [ 9.80420483,  9.55643322,  9.00493513, ..., 23.17829849,\n         0.        , 10.24714073],\n       [11.72422209,  5.01370361, 19.0977255 , ..., 13.94668483,\n        10.24714073,  0.        ]])", "k": "10"}}