{"duration": 0.0034570693969726562, "input_args": {"D_high": "array([[0.        , 1.25698051, 0.78740079, ..., 4.57602448, 4.79165942,\n        4.21781934],\n       [1.25698051, 0.        , 0.50990195, ..., 4.05215992, 4.25440948,\n        3.80657326],\n       [0.78740079, 0.50990195, 0.        , ..., 4.10609303, 4.32897216,\n        3.81182371],\n       ...,\n       [4.57602448, 4.05215992, 4.10609303, ..., 0.        , 0.6164414 ,\n        0.64031242],\n       [4.79165942, 4.25440948, 4.32897216, ..., 0.6164414 , 0.        ,\n        0.76811457],\n       [4.21781934, 3.80657326, 3.81182371, ..., 0.64031242, 0.76811457,\n        0.        ]])", "D_low": "array([[ 0.        ,  3.79909985,  4.68455784, ...,  7.8138504 ,\n         8.66002257, 11.65062103],\n       [ 3.79909985,  0.        ,  2.30839852, ...,  6.1343304 ,\n         7.32505943,  9.27932765],\n       [ 4.68455784,  2.30839852,  0.        , ...,  8.35770513,\n         9.57908289, 11.20733655],\n       ...,\n       [ 7.8138504 ,  6.1343304 ,  8.35770513, ...,  0.        ,\n         1.27921084,  3.99747734],\n       [ 8.66002257,  7.32505943,  9.57908289, ...,  1.27921084,\n         0.        ,  3.80261885],\n       [11.65062103,  9.27932765, 11.20733655, ...,  3.99747734,\n         3.80261885,  0.        ]])"}}