{"duration": 0.07750105857849121, "input_args": {"D_high": "array([[ 0.        , 11.87434209,  2.23606798, ..., 17.3781472 ,\n        12.9614814 , 13.89244399],\n       [11.87434209,  0.        , 11.3137085 , ..., 14.6628783 ,\n        11.78982612, 10.95445115],\n       [ 2.23606798, 11.3137085 ,  0.        , ..., 17.40689519,\n        12.76714533, 13.6381817 ],\n       ...,\n       [17.3781472 , 14.6628783 , 17.40689519, ...,  0.        ,\n         7.74596669,  8.18535277],\n       [12.9614814 , 11.78982612, 12.76714533, ...,  7.74596669,\n         0.        ,  3.31662479],\n       [13.89244399, 10.95445115, 13.6381817 , ...,  8.18535277,\n         3.31662479,  0.        ]])", "D_low": "array([[ 0.        ,  6.03565964,  4.24309706, ..., 11.44136699,\n        11.67151806, 11.75034982],\n       [ 6.03565964,  0.        ,  7.34721973, ...,  7.97058691,\n         7.59907098,  7.63515932],\n       [ 4.24309706,  7.34721973,  0.        , ..., 14.57083114,\n        14.51987633, 14.57851255],\n       ...,\n       [11.44136699,  7.97058691, 14.57083114, ...,  0.        ,\n         1.21476951,  1.30757832],\n       [11.67151806,  7.59907098, 14.51987633, ...,  1.21476951,\n         0.        ,  0.10853514],\n       [11.75034982,  7.63515932, 14.57851255, ...,  1.30757832,\n         0.10853514,  0.        ]])"}}