{"duration": 0.002385854721069336, "input_args": {"D_high": "array([[0.        , 0.38729833, 0.52915026, 2.69443872, 2.65518361,\n        3.55246393, 5.17107339],\n       [0.38729833, 0.        , 0.33166248, 2.65518361, 2.64952826,\n        3.55387113, 5.25642464],\n       [0.52915026, 0.33166248, 0.        , 2.82488938, 2.75862284,\n        3.591657  , 5.2516664 ],\n       [2.69443872, 2.65518361, 2.82488938, 0.        , 0.67082039,\n        1.63707055, 3.51852242],\n       [2.65518361, 2.64952826, 2.75862284, 0.67082039, 0.        ,\n        1.10905365, 2.99499583],\n       [3.55246393, 3.55387113, 3.591657  , 1.63707055, 1.10905365,\n        0.        , 2.00499377],\n       [5.17107339, 5.25642464, 5.2516664 , 3.51852242, 2.99499583,\n        2.00499377, 0.        ]])", "D_low": "array([[0.        , 0.88695598, 0.97729984, 5.1731775 , 5.12051246,\n        5.31333029, 5.84884884],\n       [0.88695598, 0.        , 0.34995926, 4.98604931, 4.89370404,\n        5.06756405, 5.63294639],\n       [0.97729984, 0.34995926, 0.        , 4.63660346, 4.5455446 ,\n        4.72046657, 5.28470803],\n       [5.1731775 , 4.98604931, 4.63660346, 0.        , 0.24312816,\n        0.36723176, 0.68735943],\n       [5.12051246, 4.89370404, 4.5455446 , 0.24312816, 0.        ,\n        0.21592735, 0.73929551],\n       [5.31333029, 5.06756405, 4.72046657, 0.36723176, 0.21592735,\n        0.        , 0.58403044],\n       [5.84884884, 5.63294639, 5.28470803, 0.68735943, 0.73929551,\n        0.58403044, 0.        ]])"}}