{"duration": 0.005519866943359375, "input_args": {"D_high": "array([[  0.        ,  84.1961696 ,  77.77817558, ..., 164.25094499,\n         96.7953527 , 143.21994847],\n       [ 84.1961696 ,   0.        , 123.13577912, ..., 226.59142528,\n         74.06281237, 214.02748194],\n       [ 77.77817558, 123.13577912,   0.        , ..., 111.20643942,\n         90.52153753, 101.51019271],\n       ...,\n       [164.25094499, 226.59142528, 111.20643942, ...,   0.        ,\n        189.87669905,  46.59966957],\n       [ 96.7953527 ,  74.06281237,  90.52153753, ..., 189.87669905,\n          0.        , 186.26121056],\n       [143.21994847, 214.02748194, 101.51019271, ...,  46.59966957,\n        186.26121056,   0.        ]])", "D_low": "array([[ 0.        , 14.33293753,  9.44645138, ..., 25.48427519,\n        11.75319676, 25.24263556],\n       [14.33293753,  0.        , 10.78150986, ..., 24.12793289,\n         6.20210354, 12.43446483],\n       [ 9.44645138, 10.78150986,  0.        , ..., 16.860001  ,\n        12.87342012, 17.79087004],\n       ...,\n       [25.48427519, 24.12793289, 16.860001  , ...,  0.        ,\n        28.64943945, 21.45266067],\n       [11.75319676,  6.20210354, 12.87342012, ..., 28.64943945,\n         0.        , 18.50374016],\n       [25.24263556, 12.43446483, 17.79087004, ..., 21.45266067,\n        18.50374016,  0.        ]])"}}