{"duration": 0.0019648075103759766, "input_args": {"D_high": "array([[0.        , 0.53851648, 0.50990195, ..., 3.15277655, 4.69041576,\n        5.63914887],\n       [0.53851648, 0.        , 0.3       , ..., 3.10322413, 4.70850295,\n        5.74717322],\n       [0.50990195, 0.3       , 0.        , ..., 3.26802693, 4.86826458,\n        5.89406481],\n       ...,\n       [3.15277655, 3.10322413, 3.26802693, ..., 0.        , 1.65529454,\n        2.90172363],\n       [4.69041576, 4.70850295, 4.86826458, ..., 1.65529454, 0.        ,\n        1.42828569],\n       [5.63914887, 5.74717322, 5.89406481, ..., 2.90172363, 1.42828569,\n        0.        ]])", "D_low": "array([[0.        , 0.99622851, 0.99425431, ..., 8.98442333, 5.52854451,\n        5.16812459],\n       [0.99622851, 0.        , 0.01383562, ..., 9.65069627, 6.52416695,\n        6.16136633],\n       [0.99425431, 0.01383562, 0.        , ..., 9.65906562, 6.52255337,\n        6.16028809],\n       ...,\n       [8.98442333, 9.65069627, 9.65906562, ..., 0.        , 6.71099613,\n        6.5068214 ],\n       [5.52854451, 6.52416695, 6.52255337, ..., 6.71099613, 0.        ,\n        0.43837698],\n       [5.16812459, 6.16136633, 6.16028809, ..., 6.5068214 , 0.43837698,\n        0.        ]])"}}