{"duration": 0.22716474533081055, "input_args": {"D_high": "array([[ 0.        , 11.87434209,  2.23606798, ..., 17.3781472 ,\n        12.9614814 , 13.89244399],\n       [11.87434209,  0.        , 11.3137085 , ..., 14.6628783 ,\n        11.78982612, 10.95445115],\n       [ 2.23606798, 11.3137085 ,  0.        , ..., 17.40689519,\n        12.76714533, 13.6381817 ],\n       ...,\n       [17.3781472 , 14.6628783 , 17.40689519, ...,  0.        ,\n         7.74596669,  8.18535277],\n       [12.9614814 , 11.78982612, 12.76714533, ...,  7.74596669,\n         0.        ,  3.31662479],\n       [13.89244399, 10.95445115, 13.6381817 , ...,  8.18535277,\n         3.31662479,  0.        ]])", "D_low": "array([[ 0.        ,  4.81909803,  4.35878888, ...,  6.43563826,\n         6.19726451,  6.40170564],\n       [ 4.81909803,  0.        ,  9.05398392, ...,  2.73741182,\n         2.08915772,  2.03479701],\n       [ 4.35878888,  9.05398392,  0.        , ..., 10.78807849,\n        10.55389004, 10.74787979],\n       ...,\n       [ 6.43563826,  2.73741182, 10.78807849, ...,  0.        ,\n         0.74022499,  1.08112773],\n       [ 6.19726451,  2.08915772, 10.55389004, ...,  0.74022499,\n         0.        ,  0.4159999 ],\n       [ 6.40170564,  2.03479701, 10.74787979, ...,  1.08112773,\n         0.4159999 ,  0.        ]])", "k": "55"}}