{"duration": 0.002119302749633789, "input_args": {"D_high": "array([[0.        , 1.27279221, 1.55563492, 0.87749644, 1.64316767,\n        3.48425028, 3.98748041, 3.39705755, 3.78549865, 4.09145451,\n        3.68781778, 3.48998567, 3.54259792, 3.04959014, 3.08868904,\n        3.18433667, 3.33916157, 4.93254498, 5.45985348, 4.46989933],\n       [1.27279221, 0.        , 0.52915026, 0.59160798, 0.66332496,\n        3.24653662, 3.81051178, 2.74954542, 3.4568772 , 3.64965752,\n        3.27719392, 3.23109888, 3.13209195, 2.48596058, 2.596151  ,\n        2.6       , 2.96141858, 4.66368953, 5.27730992, 4.23083916],\n       [1.55563492, 0.52915026, 0.        , 0.74161985, 0.34641016,\n        3.63593179, 4.18568991, 3.01330383, 3.8457769 , 3.97994975,\n        3.60277671, 3.60555128, 3.49428104, 2.81780056, 2.94957624,\n        2.9189039 , 3.318132  , 5.04678115, 5.63293884, 4.64112055],\n       [0.87749644, 0.59160798, 0.74161985, 0.        , 0.80622577,\n        3.48568501, 4.0385641 , 3.12569992, 3.71483512, 3.96358424,\n        3.55105618, 3.48855271, 3.42344855, 2.82665881, 2.88963666,\n        2.94788059, 3.24345495, 4.92341345, 5.50454358, 4.48887514],\n       [1.64316767, 0.66332496, 0.34641016, 0.80622577, 0.        ,\n        3.81313519, 4.38634244, 3.21869539, 3.97617907, 4.16173041,\n        3.78153408, 3.80525952, 3.65376518, 2.98998328, 3.08868904,\n        3.09192497, 3.50285598, 5.19711458, 5.82666285, 4.78121324],\n       [3.48425028, 3.24653662, 3.63593179, 3.48568501, 3.81313519,\n        0.        , 0.64807407, 1.28840987, 0.65574385, 0.81240384,\n        0.6164414 , 0.31622777, 0.5       , 1.02956301, 0.93808315,\n        1.02956301, 0.45825757, 1.49331845, 2.05669638, 1.13137085],\n       [3.98748041, 3.81051178, 4.18568991, 4.0385641 , 4.38634244,\n        0.64807407, 0.        , 1.63707055, 1.05356538, 0.84852814,\n        0.92736185, 0.6       , 1.00498756, 1.56843871, 1.54272486,\n        1.53622915, 0.96436508, 1.21243557, 1.5       , 1.02956301],\n       [3.39705755, 2.74954542, 3.01330383, 3.12569992, 3.21869539,\n        1.28840987, 1.63707055, 0.        , 1.5132746 , 1.11355287,\n        0.9486833 , 1.14891253, 0.99498744, 0.58309519, 0.9486833 ,\n        0.48989795, 0.84261498, 2.36008474, 2.84780617, 2.13072758],\n       [3.78549865, 3.4568772 , 3.8457769 , 3.71483512, 3.97617907,\n        0.65574385, 1.05356538, 1.5132746 , 0.        , 0.8660254 ,\n        0.75498344, 0.92195445, 0.52915026, 1.19582607, 0.93273791,\n        1.17046999, 0.82462113, 1.2489996 , 2.07364414, 0.8660254 ],\n       [4.09145451, 3.64965752, 3.97994975, 3.96358424, 4.16173041,\n        0.81240384, 0.84852814, 1.11355287, 0.8660254 , 0.        ,\n        0.50990195, 0.77459667, 0.64031242, 1.17473401, 1.19163753,\n        1.07703296, 0.75498344, 1.26095202, 1.79164729, 1.14017543],\n       [3.68781778, 3.27719392, 3.60277671, 3.55105618, 3.78153408,\n        0.6164414 , 0.92736185, 0.9486833 , 0.75498344, 0.50990195,\n        0.        , 0.64807407, 0.38729833, 0.86023253, 0.81240384,\n        0.78740079, 0.43588989, 1.55241747, 2.0904545 , 1.34907376],\n       [3.48998567, 3.23109888, 3.60555128, 3.48855271, 3.80525952,\n        0.31622777, 0.6       , 1.14891253, 0.92195445, 0.77459667,\n        0.64807407, 0.        , 0.6244998 , 1.00995049, 1.04880885,\n        1.        , 0.43588989, 1.61554944, 2.06639783, 1.30384048],\n       [3.54259792, 3.13209195, 3.49428104, 3.42344855, 3.65376518,\n        0.5       , 1.00498756, 0.99498744, 0.52915026, 0.64031242,\n        0.38729833, 0.6244998 , 0.        , 0.72801099, 0.60827625,\n        0.68556546, 0.34641016, 1.56204994, 2.24053565, 1.23693169],\n       [3.04959014, 2.48596058, 2.81780056, 2.82665881, 2.98998328,\n        1.02956301, 1.56843871, 0.58309519, 1.19582607, 1.17473401,\n        0.86023253, 1.00995049, 0.72801099, 0.        , 0.42426407,\n        0.14142136, 0.60827625, 2.27815715, 2.9       , 1.94422221],\n       [3.08868904, 2.596151  , 2.94957624, 2.88963666, 3.08868904,\n        0.93808315, 1.54272486, 0.9486833 , 0.93273791, 1.19163753,\n        0.81240384, 1.04880885, 0.60827625, 0.42426407, 0.        ,\n        0.46904158, 0.64031242, 2.12367606, 2.82665881, 1.76635217],\n       [3.18433667, 2.6       , 2.9189039 , 2.94788059, 3.09192497,\n        1.02956301, 1.53622915, 0.48989795, 1.17046999, 1.07703296,\n        0.78740079, 1.        , 0.68556546, 0.14142136, 0.46904158,\n        0.        , 0.59160798, 2.21133444, 2.82665881, 1.90262976],\n       [3.33916157, 2.96141858, 3.318132  , 3.24345495, 3.50285598,\n        0.45825757, 0.96436508, 0.84261498, 0.82462113, 0.75498344,\n        0.43588989, 0.43588989, 0.34641016, 0.60827625, 0.64031242,\n        0.59160798, 0.        , 1.77763888, 2.33666429, 1.45945195],\n       [4.93254498, 4.66368953, 5.04678115, 4.92341345, 5.19711458,\n        1.49331845, 1.21243557, 2.36008474, 1.2489996 , 1.26095202,\n        1.55241747, 1.61554944, 1.56204994, 2.27815715, 2.12367606,\n        2.21133444, 1.77763888, 0.        , 1.02956301, 0.55677644],\n       [5.45985348, 5.27730992, 5.63293884, 5.50454358, 5.82666285,\n        2.05669638, 1.5       , 2.84780617, 2.07364414, 1.79164729,\n        2.0904545 , 2.06639783, 2.24053565, 2.9       , 2.82665881,\n        2.82665881, 2.33666429, 1.02956301, 0.        , 1.46628783],\n       [4.46989933, 4.23083916, 4.64112055, 4.48887514, 4.78121324,\n        1.13137085, 1.02956301, 2.13072758, 0.8660254 , 1.14017543,\n        1.34907376, 1.30384048, 1.23693169, 1.94422221, 1.76635217,\n        1.90262976, 1.45945195, 0.55677644, 1.46628783, 0.        ]])", "D_low": "array([[ 0.        ,  0.10536274,  0.12914807,  0.72638215,  0.29029958,\n         5.03818362,  4.64493747,  4.73780395,  5.14261983,  4.04760384,\n        21.32838643,  5.01435469,  3.6188719 ,  4.67350536,  4.60009401,\n         4.95273391,  4.49924283,  5.03393212,  4.85649654,  4.88308667],\n       [ 0.10536274,  0.        ,  0.13426004,  0.63580633,  0.29689853,\n         5.02130328,  4.62048366,  4.72674521,  5.13683856,  4.03459258,\n        21.32876583,  5.00472285,  3.66226683,  4.6661446 ,  4.58806133,\n         4.93408075,  4.49267222,  5.02739784,  4.84760168,  4.86710154],\n       [ 0.12914807,  0.13426004,  0.        ,  0.6336983 ,  0.1681289 ,\n         4.91155614,  4.51676568,  4.61279377,  5.01944242,  3.92196296,\n        21.20792297,  4.88981734,  3.52802919,  4.54972767,  4.47477677,\n         4.82568382,  4.37573864,  4.91047144,  4.7321973 ,  4.75667828],\n       [ 0.72638215,  0.63580633,  0.6336983 ,  0.        ,  0.60673637,\n         4.62284393,  4.18773994,  4.35984002,  4.79442244,  3.66393724,\n        20.99191425,  4.64312999,  3.62890746,  4.31899851,  4.21725056,\n         4.52741182,  4.15121868,  4.68179346,  4.49097946,  4.47412575],\n       [ 0.29029958,  0.29689853,  0.1681289 ,  0.60673637,  0.        ,\n         4.74831379,  4.35712584,  4.44750511,  4.85275678,  3.75735678,\n        21.04018693,  4.72409653,  3.37154392,  4.38342036,  4.30980299,\n         4.66319052,  4.20924787,  4.74395701,  4.56627912,  4.59309359],\n       [ 5.03818362,  5.02130328,  4.91155614,  4.62284393,  4.74831379,\n         0.        ,  0.53185385,  0.40306848,  0.54984866,  1.00275698,\n        16.38765847,  0.34868337,  2.83337551,  0.56909647,  0.48957119,\n         0.12124381,  0.71006954,  0.49702495,  0.41700712,  0.16041599],\n       [ 4.64493747,  4.62048366,  4.51676568,  4.18773994,  4.35712584,\n         0.53185385,  0.        ,  0.61209137,  1.01033785,  0.76032063,\n        16.86185406,  0.78338407,  2.83583658,  0.76428227,  0.55358428,\n         0.41108417,  0.79506501,  0.92060923,  0.74225855,  0.45853142],\n       [ 4.73780395,  4.72674521,  4.61279377,  4.35984002,  4.44750511,\n         0.40306848,  0.61209137,  0.        ,  0.47691979,  0.69602254,\n        16.63241835,  0.28508683,  2.43167228,  0.17700965,  0.14484829,\n         0.41059542,  0.3077835 ,  0.36504012,  0.15530597,  0.26773213],\n       [ 5.14261983,  5.13683856,  5.01944242,  4.79442244,  4.85275678,\n         0.54984866,  1.01033785,  0.47691979,  0.        ,  1.14268776,\n        16.20063036,  0.22699124,  2.54289224,  0.47565774,  0.61765034,\n         0.65033958,  0.64482009,  0.1149846 ,  0.32350108,  0.55460363],\n       [ 4.04760384,  4.03459258,  3.92196296,  3.66393724,  3.75735678,\n         1.00275698,  0.76032063,  0.69602254,  1.14268776,  0.        ,\n        17.32811738,  0.979323  ,  2.11510196,  0.67092656,  0.55448694,\n         0.9342784 ,  0.52479574,  1.02803987,  0.82945107,  0.84358926],\n       [21.32838643, 21.32876583, 21.20792297, 20.99191425, 21.04018693,\n        16.38765847, 16.86185406, 16.63241835, 16.20063036, 17.32811738,\n         0.        , 16.3488339 , 18.06735996, 16.67512541, 16.77543761,\n        16.49082766, 16.84526134, 16.31230057, 16.50110064, 16.53016705],\n       [ 5.01435469,  5.00472285,  4.88981734,  4.64312999,  4.72409653,\n         0.34868337,  0.78338407,  0.28508683,  0.22699124,  0.979323  ,\n        16.3488339 ,  0.        ,  2.57373629,  0.35547055,  0.42977388,\n         0.43503798,  0.53190572,  0.14952249,  0.16125849,  0.32895059],\n       [ 3.6188719 ,  3.66226683,  3.52802919,  3.62890746,  3.37154392,\n         2.83337551,  2.83583658,  2.43167228,  2.54289224,  2.11510196,\n        18.06735996,  2.57373629,  0.        ,  2.26524078,  2.37716102,\n         2.83456333,  2.12980233,  2.48664754,  2.43858547,  2.69575838],\n       [ 4.67350536,  4.6661446 ,  4.54972767,  4.31899851,  4.38342036,\n         0.56909647,  0.76428227,  0.17700965,  0.47565774,  0.67092656,\n        16.67512541,  0.35547055,  2.26524078,  0.        ,  0.21972681,\n         0.58663662,  0.17725641,  0.36286721,  0.19504354,  0.44336488],\n       [ 4.60009401,  4.58806133,  4.47477677,  4.21725056,  4.30980299,\n         0.48957119,  0.55358428,  0.14484829,  0.61765034,  0.55448694,\n        16.77543761,  0.42977388,  2.37716102,  0.21972681,  0.        ,\n         0.46222994,  0.2560742 ,  0.50404695,  0.29415028,  0.33326237],\n       [ 4.95273391,  4.93408075,  4.82568382,  4.52741182,  4.66319052,\n         0.12124381,  0.41108417,  0.41059542,  0.65033958,  0.9342784 ,\n        16.49082766,  0.43503798,  2.83456333,  0.58663662,  0.46222994,\n         0.        ,  0.70482189,  0.58429816,  0.46655717,  0.14335103],\n       [ 4.49924283,  4.49267222,  4.37573864,  4.15121868,  4.20924787,\n         0.71006954,  0.79506501,  0.3077835 ,  0.64482009,  0.52479574,\n        16.84526134,  0.53190572,  2.12980233,  0.17725641,  0.2560742 ,\n         0.70482189,  0.        ,  0.53474266,  0.37079683,  0.5663839 ],\n       [ 5.03393212,  5.02739784,  4.91047144,  4.68179346,  4.74395701,\n         0.49702495,  0.92060923,  0.36504012,  0.1149846 ,  1.02803987,\n        16.31230057,  0.14952249,  2.48664754,  0.36286721,  0.50404695,\n         0.58429816,  0.53474266,  0.        ,  0.21029856,  0.47308703],\n       [ 4.85649654,  4.84760168,  4.7321973 ,  4.49097946,  4.56627912,\n         0.41700712,  0.74225855,  0.15530597,  0.32350108,  0.82945107,\n        16.50110064,  0.16125849,  2.43858547,  0.19504354,  0.29415028,\n         0.46655717,  0.37079683,  0.21029856,  0.        ,  0.3304004 ],\n       [ 4.88308667,  4.86710154,  4.75667828,  4.47412575,  4.59309359,\n         0.16041599,  0.45853142,  0.26773213,  0.55460363,  0.84358926,\n        16.53016705,  0.32895059,  2.69575838,  0.44336488,  0.33326237,\n         0.14335103,  0.5663839 ,  0.47308703,  0.3304004 ,  0.        ]])"}}