{"duration": 0.020082950592041016, "input_args": {"D_high": "array([[  0.        ,  78.51486107,  69.20815273, ...,  69.73493016,\n         71.7084146 ,  59.3410676 ],\n       [ 78.51486107,   0.        ,  52.82187071, ..., 116.13798098,\n         25.56589605,  57.21757619],\n       [ 69.20815273,  52.82187071,   0.        , ..., 115.90542006,\n         47.68584545,  27.4294094 ],\n       ...,\n       [ 69.73493016, 116.13798098, 115.90542006, ...,   0.        ,\n        116.45694834, 116.0975663 ],\n       [ 71.7084146 ,  25.56589605,  47.68584545, ..., 116.45694834,\n          0.        ,  52.21198288],\n       [ 59.3410676 ,  57.21757619,  27.4294094 , ..., 116.0975663 ,\n         52.21198288,   0.        ]])", "D_low": "array([[ 0.        , 14.49135684, 11.72142703, ..., 10.50703315,\n         9.78880447, 14.6651164 ],\n       [14.49135684,  0.        , 10.93908093, ..., 23.2489462 ,\n         5.02340022,  9.17300556],\n       [11.72142703, 10.93908093,  0.        , ..., 15.51880633,\n         7.47591354,  3.90600309],\n       ...,\n       [10.50703315, 23.2489462 , 15.51880633, ...,  0.        ,\n        18.22758738, 19.4154637 ],\n       [ 9.78880447,  5.02340022,  7.47591354, ..., 18.22758738,\n         0.        ,  7.60061644],\n       [14.6651164 ,  9.17300556,  3.90600309, ..., 19.4154637 ,\n         7.60061644,  0.        ]])"}}