{"duration": 0.0022728443145751953, "input_args": {"D_high": "array([[0.        , 1.27279221, 1.55563492, 0.87749644, 1.64316767,\n        3.48425028, 3.98748041, 3.39705755, 3.78549865, 4.09145451,\n        3.68781778, 3.48998567, 3.54259792, 3.04959014, 3.08868904,\n        3.18433667, 3.33916157, 4.93254498, 5.45985348, 4.46989933],\n       [1.27279221, 0.        , 0.52915026, 0.59160798, 0.66332496,\n        3.24653662, 3.81051178, 2.74954542, 3.4568772 , 3.64965752,\n        3.27719392, 3.23109888, 3.13209195, 2.48596058, 2.596151  ,\n        2.6       , 2.96141858, 4.66368953, 5.27730992, 4.23083916],\n       [1.55563492, 0.52915026, 0.        , 0.74161985, 0.34641016,\n        3.63593179, 4.18568991, 3.01330383, 3.8457769 , 3.97994975,\n        3.60277671, 3.60555128, 3.49428104, 2.81780056, 2.94957624,\n        2.9189039 , 3.318132  , 5.04678115, 5.63293884, 4.64112055],\n       [0.87749644, 0.59160798, 0.74161985, 0.        , 0.80622577,\n        3.48568501, 4.0385641 , 3.12569992, 3.71483512, 3.96358424,\n        3.55105618, 3.48855271, 3.42344855, 2.82665881, 2.88963666,\n        2.94788059, 3.24345495, 4.92341345, 5.50454358, 4.48887514],\n       [1.64316767, 0.66332496, 0.34641016, 0.80622577, 0.        ,\n        3.81313519, 4.38634244, 3.21869539, 3.97617907, 4.16173041,\n        3.78153408, 3.80525952, 3.65376518, 2.98998328, 3.08868904,\n        3.09192497, 3.50285598, 5.19711458, 5.82666285, 4.78121324],\n       [3.48425028, 3.24653662, 3.63593179, 3.48568501, 3.81313519,\n        0.        , 0.64807407, 1.28840987, 0.65574385, 0.81240384,\n        0.6164414 , 0.31622777, 0.5       , 1.02956301, 0.93808315,\n        1.02956301, 0.45825757, 1.49331845, 2.05669638, 1.13137085],\n       [3.98748041, 3.81051178, 4.18568991, 4.0385641 , 4.38634244,\n        0.64807407, 0.        , 1.63707055, 1.05356538, 0.84852814,\n        0.92736185, 0.6       , 1.00498756, 1.56843871, 1.54272486,\n        1.53622915, 0.96436508, 1.21243557, 1.5       , 1.02956301],\n       [3.39705755, 2.74954542, 3.01330383, 3.12569992, 3.21869539,\n        1.28840987, 1.63707055, 0.        , 1.5132746 , 1.11355287,\n        0.9486833 , 1.14891253, 0.99498744, 0.58309519, 0.9486833 ,\n        0.48989795, 0.84261498, 2.36008474, 2.84780617, 2.13072758],\n       [3.78549865, 3.4568772 , 3.8457769 , 3.71483512, 3.97617907,\n        0.65574385, 1.05356538, 1.5132746 , 0.        , 0.8660254 ,\n        0.75498344, 0.92195445, 0.52915026, 1.19582607, 0.93273791,\n        1.17046999, 0.82462113, 1.2489996 , 2.07364414, 0.8660254 ],\n       [4.09145451, 3.64965752, 3.97994975, 3.96358424, 4.16173041,\n        0.81240384, 0.84852814, 1.11355287, 0.8660254 , 0.        ,\n        0.50990195, 0.77459667, 0.64031242, 1.17473401, 1.19163753,\n        1.07703296, 0.75498344, 1.26095202, 1.79164729, 1.14017543],\n       [3.68781778, 3.27719392, 3.60277671, 3.55105618, 3.78153408,\n        0.6164414 , 0.92736185, 0.9486833 , 0.75498344, 0.50990195,\n        0.        , 0.64807407, 0.38729833, 0.86023253, 0.81240384,\n        0.78740079, 0.43588989, 1.55241747, 2.0904545 , 1.34907376],\n       [3.48998567, 3.23109888, 3.60555128, 3.48855271, 3.80525952,\n        0.31622777, 0.6       , 1.14891253, 0.92195445, 0.77459667,\n        0.64807407, 0.        , 0.6244998 , 1.00995049, 1.04880885,\n        1.        , 0.43588989, 1.61554944, 2.06639783, 1.30384048],\n       [3.54259792, 3.13209195, 3.49428104, 3.42344855, 3.65376518,\n        0.5       , 1.00498756, 0.99498744, 0.52915026, 0.64031242,\n        0.38729833, 0.6244998 , 0.        , 0.72801099, 0.60827625,\n        0.68556546, 0.34641016, 1.56204994, 2.24053565, 1.23693169],\n       [3.04959014, 2.48596058, 2.81780056, 2.82665881, 2.98998328,\n        1.02956301, 1.56843871, 0.58309519, 1.19582607, 1.17473401,\n        0.86023253, 1.00995049, 0.72801099, 0.        , 0.42426407,\n        0.14142136, 0.60827625, 2.27815715, 2.9       , 1.94422221],\n       [3.08868904, 2.596151  , 2.94957624, 2.88963666, 3.08868904,\n        0.93808315, 1.54272486, 0.9486833 , 0.93273791, 1.19163753,\n        0.81240384, 1.04880885, 0.60827625, 0.42426407, 0.        ,\n        0.46904158, 0.64031242, 2.12367606, 2.82665881, 1.76635217],\n       [3.18433667, 2.6       , 2.9189039 , 2.94788059, 3.09192497,\n        1.02956301, 1.53622915, 0.48989795, 1.17046999, 1.07703296,\n        0.78740079, 1.        , 0.68556546, 0.14142136, 0.46904158,\n        0.        , 0.59160798, 2.21133444, 2.82665881, 1.90262976],\n       [3.33916157, 2.96141858, 3.318132  , 3.24345495, 3.50285598,\n        0.45825757, 0.96436508, 0.84261498, 0.82462113, 0.75498344,\n        0.43588989, 0.43588989, 0.34641016, 0.60827625, 0.64031242,\n        0.59160798, 0.        , 1.77763888, 2.33666429, 1.45945195],\n       [4.93254498, 4.66368953, 5.04678115, 4.92341345, 5.19711458,\n        1.49331845, 1.21243557, 2.36008474, 1.2489996 , 1.26095202,\n        1.55241747, 1.61554944, 1.56204994, 2.27815715, 2.12367606,\n        2.21133444, 1.77763888, 0.        , 1.02956301, 0.55677644],\n       [5.45985348, 5.27730992, 5.63293884, 5.50454358, 5.82666285,\n        2.05669638, 1.5       , 2.84780617, 2.07364414, 1.79164729,\n        2.0904545 , 2.06639783, 2.24053565, 2.9       , 2.82665881,\n        2.82665881, 2.33666429, 1.02956301, 0.        , 1.46628783],\n       [4.46989933, 4.23083916, 4.64112055, 4.48887514, 4.78121324,\n        1.13137085, 1.02956301, 2.13072758, 0.8660254 , 1.14017543,\n        1.34907376, 1.30384048, 1.23693169, 1.94422221, 1.76635217,\n        1.90262976, 1.45945195, 0.55677644, 1.46628783, 0.        ]])", "D_low": "array([[ 0.        ,  6.1531531 , 11.04987674,  1.56965201,  8.70612769,\n        15.90459184, 13.58798264,  6.36601524, 13.16465193, 11.4366141 ,\n        10.49849893, 13.55885725, 10.98436586,  7.89029058,  8.97636004,\n         7.91888917, 12.34272754, 16.81159573, 17.59908628, 15.40720241],\n       [ 6.1531531 ,  0.        ,  5.00963411,  4.68622668,  2.55307853,\n        14.38153349, 12.06700758,  9.45823938, 14.14290986, 11.3980404 ,\n         8.33174012, 11.89613651,  8.53377966, 11.02902564, 11.18402762,\n        11.04335883, 10.46130782, 16.21434058, 14.61296181, 11.29302671],\n       [11.04987674,  5.00963411,  0.        ,  9.65571557,  2.67474026,\n        13.59528805, 11.64777104, 12.82640155, 15.44030581, 12.36097613,\n         8.28614559, 11.37951712,  8.13047392, 14.17471829, 13.75377299,\n        14.17896271, 10.0512462 , 16.01532238, 12.40877604,  8.3113476 ],\n       [ 1.56965201,  4.68622668,  9.65571557,  0.        ,  7.22842057,\n        15.78087066, 13.42380069,  7.197917  , 13.63282034, 11.6003264 ,\n        10.08527075, 13.35796074, 10.5170336 ,  8.79943566,  9.66298836,\n         8.82497802, 12.05801263, 16.9365576 , 17.1212773 , 14.60912489],\n       [ 8.70612769,  2.55307853,  2.67474026,  7.22842057,  0.        ,\n        14.5156603 , 12.34144261, 11.50357875, 15.29875791, 12.34419857,\n         8.67023839, 12.11759668,  8.69901266, 12.99714   , 12.8944319 ,\n        13.00720708, 10.69756396, 16.66831598, 14.02192233, 10.23290455],\n       [15.90459184, 14.38153349, 13.59528805, 15.78087066, 14.5156603 ,\n         0.        ,  2.3706169 , 11.16650325,  6.0459636 ,  4.98820616,\n         6.05301977,  2.49444793,  5.87223019, 10.86373345,  9.13586759,\n        10.83550458,  3.92131755,  2.78860519,  4.10403179,  6.99696238],\n       [13.58798264, 12.06700758, 11.64777104, 13.42380069, 12.34144261,\n         2.3706169 ,  0.        ,  9.18197547,  5.44701498,  3.27932223,\n         3.741121  ,  0.32104043,  3.64244923,  9.11363382,  7.46455815,\n         9.08871909,  1.64393078,  4.37145919,  4.96639174,  6.23843808],\n       [ 6.36601524,  9.45823938, 12.82640155,  7.197917  , 11.50357875,\n        11.16650325,  9.18197547,  0.        ,  7.06587174,  6.19720486,\n         7.56788836,  9.28546313,  8.1630048 ,  1.63051393,  2.68217609,\n         1.65213231,  8.53939678, 11.31597505, 13.98657799, 13.33221416],\n       [13.16465193, 14.14290986, 15.44030581, 13.63282034, 15.29875791,\n         6.0459636 ,  5.44701498,  7.06587174,  0.        ,  3.09869076,\n         7.29296411,  5.74602192,  7.62925982,  6.05262512,  4.41672606,\n         6.01919677,  6.259865  ,  4.82935793, 10.01076903, 11.62795619],\n       [11.4366141 , 11.3980404 , 12.36097613, 11.6003264 , 12.34419857,\n         4.98820616,  3.27932223,  6.19720486,  3.09869076,  0.        ,\n         4.19911841,  3.48479283,  4.56101889,  5.90551721,  4.21222553,\n         5.87862265,  3.45743376,  5.37516472,  8.24491247,  8.95475306],\n       [10.49849893,  8.33174012,  8.28614559, 10.08527075,  8.67023839,\n         6.05301977,  3.741121  ,  7.56788836,  7.29296411,  4.19911841,\n         0.        ,  3.5644425 ,  0.59516479,  8.16548195,  6.96078798,\n         8.15207127,  2.13182641,  8.00426919,  7.10271447,  5.76669243],\n       [13.55885725, 11.89613651, 11.37951712, 13.35796074, 12.11759668,\n         2.49444793,  0.32104043,  9.28546313,  5.74602192,  3.48479283,\n         3.5644425 ,  0.        ,  3.42472195,  9.26906154,  7.64025534,\n         9.24485116,  1.43809796,  4.63586818,  4.78456485,  5.92312597],\n       [10.98436586,  8.53377966,  8.13047392, 10.5170336 ,  8.69901266,\n         5.87223019,  3.64244923,  8.1630048 ,  7.62925982,  4.56101889,\n         0.59516479,  3.42472195,  0.        ,  8.74885046,  7.51772061,\n         8.735006  ,  1.99855131,  7.98554639,  6.6201177 ,  5.17239959],\n       [ 7.89029058, 11.02902564, 14.17471829,  8.79943566, 12.99714   ,\n        10.86373345,  9.11363382,  1.63051393,  6.05262512,  5.90551721,\n         8.16548195,  9.26906154,  8.74885046,  0.        ,  1.75042151,\n         0.03367297,  8.75775157, 10.61971088, 14.04900854, 13.89146291],\n       [ 8.97636004, 11.18402762, 13.75377299,  9.66298836, 12.8944319 ,\n         9.13586759,  7.46455815,  2.68217609,  4.41672606,  4.21222553,\n         6.96078798,  7.64025534,  7.51772061,  1.75042151,  0.        ,\n         1.71984969,  7.2582267 ,  8.88243315, 12.42410202, 12.56241437],\n       [ 7.91888917, 11.04335883, 14.17896271,  8.82497802, 13.00720708,\n        10.83550458,  9.08871909,  1.65213231,  6.01919677,  5.87862265,\n         8.15207127,  9.24485116,  8.735006  ,  0.03367297,  1.71984969,\n         0.        ,  8.73729944, 10.58771453, 14.02522337, 13.8760728 ],\n       [12.34272754, 10.46130782, 10.0512462 , 12.05801263, 10.69756396,\n         3.92131755,  1.64393078,  8.53939678,  6.259865  ,  3.45743376,\n         2.13182641,  1.43809796,  1.99855131,  8.75775157,  7.2582267 ,\n         8.73729944,  0.        ,  5.99738577,  5.4866075 ,  5.49748364],\n       [16.81159573, 16.21434058, 16.01532238, 16.9365576 , 16.66831598,\n         2.78860519,  4.37145919, 11.31597505,  4.82935793,  5.37516472,\n         8.00426919,  4.63586818,  7.98554639, 10.61971088,  8.88243315,\n        10.58771453,  5.99738577,  0.        ,  6.63391601,  9.78357334],\n       [17.59908628, 14.61296181, 12.40877604, 17.1212773 , 14.02192233,\n         4.10403179,  4.96639174, 13.98657799, 10.01076903,  8.24491247,\n         7.10271447,  4.78456485,  6.6201177 , 14.04900854, 12.42410202,\n        14.02522337,  5.4866075 ,  6.63391601,  0.        ,  4.30850915],\n       [15.40720241, 11.29302671,  8.3113476 , 14.60912489, 10.23290455,\n         6.99696238,  6.23843808, 13.33221416, 11.62795619,  8.95475306,\n         5.76669243,  5.92312597,  5.17239959, 13.89146291, 12.56241437,\n        13.8760728 ,  5.49748364,  9.78357334,  4.30850915,  0.        ]])"}}