{"duration": 0.002785921096801758, "input_args": {"D_high": "array([[0.        , 0.38729833, 0.52915026, 2.69443872, 2.65518361,\n        3.55246393, 5.17107339],\n       [0.38729833, 0.        , 0.33166248, 2.65518361, 2.64952826,\n        3.55387113, 5.25642464],\n       [0.52915026, 0.33166248, 0.        , 2.82488938, 2.75862284,\n        3.591657  , 5.2516664 ],\n       [2.69443872, 2.65518361, 2.82488938, 0.        , 0.67082039,\n        1.63707055, 3.51852242],\n       [2.65518361, 2.64952826, 2.75862284, 0.67082039, 0.        ,\n        1.10905365, 2.99499583],\n       [3.55246393, 3.55387113, 3.591657  , 1.63707055, 1.10905365,\n        0.        , 2.00499377],\n       [5.17107339, 5.25642464, 5.2516664 , 3.51852242, 2.99499583,\n        2.00499377, 0.        ]])", "D_low": "array([[0.        , 0.39293057, 0.20009249, 4.04431282, 4.07085916,\n        3.98639538, 4.36944461],\n       [0.39293057, 0.        , 0.28301791, 3.89212832, 3.94274548,\n        3.8810794 , 4.2311433 ],\n       [0.20009249, 0.28301791, 0.        , 4.11047974, 4.1489831 ,\n        4.07521138, 4.44288331],\n       [4.04431282, 3.89212832, 4.11047974, 0.        , 0.26428579,\n        0.50004973, 0.36763653],\n       [4.07085916, 3.94274548, 4.1489831 , 0.26428579, 0.        ,\n        0.25206303, 0.31526524],\n       [3.98639538, 3.8810794 , 4.07521138, 0.50004973, 0.25206303,\n        0.        , 0.51625919],\n       [4.36944461, 4.2311433 , 4.44288331, 0.36763653, 0.31526524,\n        0.51625919, 0.        ]])"}}