{"duration": 0.034338951110839844, "input_args": {"D_high": "array([[  0.        ,  66.90348403,  54.29633528, ...,  50.39119964,\n         89.23943184,  61.27038404],\n       [ 66.90348403,   0.        , 102.51825711, ...,  26.11680932,\n         80.22894802,  38.63518149],\n       [ 54.29633528, 102.51825711,   0.        , ...,  85.13919448,\n         91.66838038,  76.41017076],\n       ...,\n       [ 50.39119964,  26.11680932,  85.13919448, ...,   0.        ,\n         86.1426327 ,  33.06672648],\n       [ 89.23943184,  80.22894802,  91.66838038, ...,  86.1426327 ,\n          0.        ,  65.05813008],\n       [ 61.27038404,  38.63518149,  76.41017076, ...,  33.06672648,\n         65.05813008,   0.        ]])", "D_low": "array([[ 0.        , 16.14652779,  3.14228209, ..., 13.00359936,\n        31.86042291, 20.47361897],\n       [16.14652779,  0.        , 15.17217363, ...,  3.80609879,\n        18.35865858,  8.19901373],\n       [ 3.14228209, 15.17217363,  0.        , ..., 12.56475791,\n        29.61533458, 18.36332533],\n       ...,\n       [13.00359936,  3.80609879, 12.56475791, ...,  0.        ,\n        22.05793213, 11.3951711 ],\n       [31.86042291, 18.35865858, 29.61533458, ..., 22.05793213,\n         0.        , 11.42435092],\n       [20.47361897,  8.19901373, 18.36332533, ..., 11.3951711 ,\n        11.42435092,  0.        ]])"}}