{"duration": 0.003409147262573242, "input_args": {"D_high": "array([[0.        , 1.25698051, 0.78740079, ..., 4.57602448, 4.79165942,\n        4.21781934],\n       [1.25698051, 0.        , 0.50990195, ..., 4.05215992, 4.25440948,\n        3.80657326],\n       [0.78740079, 0.50990195, 0.        , ..., 4.10609303, 4.32897216,\n        3.81182371],\n       ...,\n       [4.57602448, 4.05215992, 4.10609303, ..., 0.        , 0.6164414 ,\n        0.64031242],\n       [4.79165942, 4.25440948, 4.32897216, ..., 0.6164414 , 0.        ,\n        0.76811457],\n       [4.21781934, 3.80657326, 3.81182371, ..., 0.64031242, 0.76811457,\n        0.        ]])", "D_low": "array([[0.        , 5.61458025, 5.82703869, ..., 4.51812367, 5.09690903,\n        4.65255511],\n       [5.61458025, 0.        , 0.56423183, ..., 5.81651439, 4.67265917,\n        6.40757087],\n       [5.82703869, 0.56423183, 0.        , ..., 6.33611585, 5.22592129,\n        6.92075895],\n       ...,\n       [4.51812367, 5.81651439, 6.33611585, ..., 0.        , 1.58155292,\n        0.61471716],\n       [5.09690903, 4.67265917, 5.22592129, ..., 1.58155292, 0.        ,\n        2.16601219],\n       [4.65255511, 6.40757087, 6.92075895, ..., 0.61471716, 2.16601219,\n        0.        ]])"}}