{"duration": 0.002500772476196289, "input_args": {"D_high": "array([[0.        , 0.58309519, 1.47986486, 3.25115364, 3.77756535,\n        3.52987252, 3.29393382, 3.21403174, 3.18433667, 2.54754784,\n        2.97657521, 4.70956474, 4.29068759],\n       [0.58309519, 0.        , 1.3       , 3.70540146, 4.2626283 ,\n        3.92428337, 3.75099987, 3.69188299, 3.61109402, 2.97489496,\n        3.43511281, 5.13419906, 4.69574275],\n       [1.47986486, 1.3       , 0.        , 4.01248053, 4.5607017 ,\n        4.15571895, 3.89615195, 3.96484552, 3.78021163, 3.06920185,\n        3.64005494, 5.3244718 , 4.94165964],\n       [3.25115364, 3.70540146, 4.01248053, 0.        , 0.64807407,\n        0.65574385, 0.6164414 , 0.31622777, 0.5       , 1.02956301,\n        0.45825757, 1.49331845, 1.13137085],\n       [3.77756535, 4.2626283 , 4.5607017 , 0.64807407, 0.        ,\n        1.05356538, 0.92736185, 0.6       , 1.00498756, 1.56843871,\n        0.96436508, 1.21243557, 1.02956301],\n       [3.52987252, 3.92428337, 4.15571895, 0.65574385, 1.05356538,\n        0.        , 0.75498344, 0.92195445, 0.52915026, 1.19582607,\n        0.82462113, 1.2489996 , 0.8660254 ],\n       [3.29393382, 3.75099987, 3.89615195, 0.6164414 , 0.92736185,\n        0.75498344, 0.        , 0.64807407, 0.38729833, 0.86023253,\n        0.43588989, 1.55241747, 1.34907376],\n       [3.21403174, 3.69188299, 3.96484552, 0.31622777, 0.6       ,\n        0.92195445, 0.64807407, 0.        , 0.6244998 , 1.00995049,\n        0.43588989, 1.61554944, 1.30384048],\n       [3.18433667, 3.61109402, 3.78021163, 0.5       , 1.00498756,\n        0.52915026, 0.38729833, 0.6244998 , 0.        , 0.72801099,\n        0.34641016, 1.56204994, 1.23693169],\n       [2.54754784, 2.97489496, 3.06920185, 1.02956301, 1.56843871,\n        1.19582607, 0.86023253, 1.00995049, 0.72801099, 0.        ,\n        0.60827625, 2.27815715, 1.94422221],\n       [2.97657521, 3.43511281, 3.64005494, 0.45825757, 0.96436508,\n        0.82462113, 0.43588989, 0.43588989, 0.34641016, 0.60827625,\n        0.        , 1.77763888, 1.45945195],\n       [4.70956474, 5.13419906, 5.3244718 , 1.49331845, 1.21243557,\n        1.2489996 , 1.55241747, 1.61554944, 1.56204994, 2.27815715,\n        1.77763888, 0.        , 0.55677644],\n       [4.29068759, 4.69574275, 4.94165964, 1.13137085, 1.02956301,\n        0.8660254 , 1.34907376, 1.30384048, 1.23693169, 1.94422221,\n        1.45945195, 0.55677644, 0.        ]])", "D_low": "array([[0.        , 0.19760798, 0.11874105, 4.65036922, 4.54581407,\n        4.76407836, 4.47623885, 4.56424313, 4.36138123, 4.64927236,\n        3.76203442, 4.6077652 , 5.15007339],\n       [0.19760798, 0.        , 0.08676007, 4.50481825, 4.39933994,\n        4.63375648, 4.33004967, 4.4186406 , 4.21303955, 4.50883492,\n        3.60273783, 4.46230693, 4.99641847],\n       [0.11874105, 0.08676007, 0.        , 4.54604333, 4.44108833,\n        4.66644638, 4.37162527, 4.45988634, 4.25585558, 4.54713604,\n        3.65207122, 4.503474  , 5.04244807],\n       [4.65036922, 4.50481825, 4.54604333, 0.        , 0.109612  ,\n        0.51430689, 0.17578733, 0.08617899, 0.30511629, 0.1716718 ,\n        1.00188802, 0.04267928, 0.58079053],\n       [4.54581407, 4.39933994, 4.44108833, 0.109612  , 0.        ,\n        0.57241358, 0.07009013, 0.0348836 , 0.19552232, 0.22751031,\n        0.89326465, 0.07128405, 0.65704591],\n       [4.76407836, 4.63375648, 4.66644638, 0.51430689, 0.57241358,\n        0.        , 0.59123267, 0.53842206, 0.70991736, 0.34744296,\n        1.35944958, 0.52073058, 0.91243302],\n       [4.47623885, 4.33004967, 4.37162527, 0.17578733, 0.07009013,\n        0.59123267, 0.        , 0.09045041, 0.13594243, 0.25883389,\n        0.83516465, 0.13416036, 0.72409671],\n       [4.56424313, 4.4186406 , 4.45988634, 0.08617899, 0.0348836 ,\n        0.53842206, 0.09045041, 0.        , 0.22360436, 0.19284675,\n        0.92288843, 0.04387011, 0.65370904],\n       [4.36138123, 4.21303955, 4.25585558, 0.30511629, 0.19552232,\n        0.70991736, 0.13594243, 0.22360436, 0.        , 0.39067758,\n        0.6995321 , 0.2658633 , 0.80979605],\n       [4.64927236, 4.50883492, 4.54713604, 0.1716718 , 0.22751031,\n        0.34744296, 0.25883389, 0.19284675, 0.39067758, 0.        ,\n        1.0808716 , 0.17338877, 0.69125868],\n       [3.76203442, 3.60273783, 3.65207122, 1.00188802, 0.89326465,\n        1.35944958, 0.83516465, 0.92288843, 0.6995321 , 1.0808716 ,\n        0.        , 0.96438515, 1.40560238],\n       [4.6077652 , 4.46230693, 4.503474  , 0.04267928, 0.07128405,\n        0.52073058, 0.13416036, 0.04387011, 0.2658633 , 0.17338877,\n        0.96438515, 0.        , 0.61845482],\n       [5.15007339, 4.99641847, 5.04244807, 0.58079053, 0.65704591,\n        0.91243302, 0.72409671, 0.65370904, 0.80979605, 0.69125868,\n        1.40560238, 0.61845482, 0.        ]])"}}