{"duration": 0.019346952438354492, "input_args": {"D_high": "array([[  0.        ,  78.51486107,  69.20815273, ...,  69.73493016,\n         71.7084146 ,  59.3410676 ],\n       [ 78.51486107,   0.        ,  52.82187071, ..., 116.13798098,\n         25.56589605,  57.21757619],\n       [ 69.20815273,  52.82187071,   0.        , ..., 115.90542006,\n         47.68584545,  27.4294094 ],\n       ...,\n       [ 69.73493016, 116.13798098, 115.90542006, ...,   0.        ,\n        116.45694834, 116.0975663 ],\n       [ 71.7084146 ,  25.56589605,  47.68584545, ..., 116.45694834,\n          0.        ,  52.21198288],\n       [ 59.3410676 ,  57.21757619,  27.4294094 , ..., 116.0975663 ,\n         52.21198288,   0.        ]])", "D_low": "array([[ 0.        , 22.81427025,  9.02123815, ..., 14.23239645,\n        16.83590049,  5.29109479],\n       [22.81427025,  0.        , 20.05372201, ..., 34.64307051,\n         6.03649911, 20.66923006],\n       [ 9.02123815, 20.05372201,  0.        , ..., 14.93803489,\n        15.12950904,  3.73261811],\n       ...,\n       [14.23239645, 34.64307051, 14.93803489, ...,  0.        ,\n        29.18253785, 14.06351056],\n       [16.83590049,  6.03649911, 15.12950904, ..., 29.18253785,\n         0.        , 15.11954978],\n       [ 5.29109479, 20.66923006,  3.73261811, ..., 14.06351056,\n        15.11954978,  0.        ]])"}}