{"duration": 0.006960153579711914, "input_args": {"D_high": "array([[  0.        ,  84.1961696 ,  77.77817558, ..., 164.25094499,\n         96.7953527 , 143.21994847],\n       [ 84.1961696 ,   0.        , 123.13577912, ..., 226.59142528,\n         74.06281237, 214.02748194],\n       [ 77.77817558, 123.13577912,   0.        , ..., 111.20643942,\n         90.52153753, 101.51019271],\n       ...,\n       [164.25094499, 226.59142528, 111.20643942, ...,   0.        ,\n        189.87669905,  46.59966957],\n       [ 96.7953527 ,  74.06281237,  90.52153753, ..., 189.87669905,\n          0.        , 186.26121056],\n       [143.21994847, 214.02748194, 101.51019271, ...,  46.59966957,\n        186.26121056,   0.        ]])", "D_low": "array([[ 0.        ,  5.27568801,  3.87083463, ...,  9.84324088,\n         7.23100195, 14.466802  ],\n       [ 5.27568801,  0.        ,  9.11961546, ..., 13.85359862,\n         7.93211165, 19.44205855],\n       [ 3.87083463,  9.11961546,  0.        , ...,  7.36030028,\n         8.4442058 , 10.7463944 ],\n       ...,\n       [ 9.84324088, 13.85359862,  7.36030028, ...,  0.        ,\n         8.01236188,  7.24518671],\n       [ 7.23100195,  7.93211165,  8.4442058 , ...,  8.01236188,\n         0.        , 15.05370428],\n       [14.466802  , 19.44205855, 10.7463944 , ...,  7.24518671,\n        15.05370428,  0.        ]])"}}