{"duration": 0.014816999435424805, "input_args": {"D_high": "array([[ 0.        , 11.87434209,  2.23606798, ..., 17.3781472 ,\n        12.9614814 , 13.89244399],\n       [11.87434209,  0.        , 11.3137085 , ..., 14.6628783 ,\n        11.78982612, 10.95445115],\n       [ 2.23606798, 11.3137085 ,  0.        , ..., 17.40689519,\n        12.76714533, 13.6381817 ],\n       ...,\n       [17.3781472 , 14.6628783 , 17.40689519, ...,  0.        ,\n         7.74596669,  8.18535277],\n       [12.9614814 , 11.78982612, 12.76714533, ...,  7.74596669,\n         0.        ,  3.31662479],\n       [13.89244399, 10.95445115, 13.6381817 , ...,  8.18535277,\n         3.31662479,  0.        ]])", "D_low": "array([[ 0.        ,  5.63800919,  4.90736821, ...,  7.64376977,\n         9.4928993 ,  9.63091472],\n       [ 5.63800919,  0.        ,  8.88443078, ...,  5.43601794,\n         7.31092463,  7.37198941],\n       [ 4.90736821,  8.88443078,  0.        , ..., 12.3677257 ,\n        14.2878155 , 14.4174698 ],\n       ...,\n       [ 7.64376977,  5.43601794, 12.3677257 , ...,  0.        ,\n         1.99182356,  2.09662218],\n       [ 9.4928993 ,  7.31092463, 14.2878155 , ...,  1.99182356,\n         0.        ,  0.16258259],\n       [ 9.63091472,  7.37198941, 14.4174698 , ...,  2.09662218,\n         0.16258259,  0.        ]])"}}