{"duration": 0.00512385368347168, "input_args": {"D_high": "array([[  0.        ,  84.1961696 ,  77.77817558, ..., 164.25094499,\n         96.7953527 , 143.21994847],\n       [ 84.1961696 ,   0.        , 123.13577912, ..., 226.59142528,\n         74.06281237, 214.02748194],\n       [ 77.77817558, 123.13577912,   0.        , ..., 111.20643942,\n         90.52153753, 101.51019271],\n       ...,\n       [164.25094499, 226.59142528, 111.20643942, ...,   0.        ,\n        189.87669905,  46.59966957],\n       [ 96.7953527 ,  74.06281237,  90.52153753, ..., 189.87669905,\n          0.        , 186.26121056],\n       [143.21994847, 214.02748194, 101.51019271, ...,  46.59966957,\n        186.26121056,   0.        ]])", "D_low": "array([[ 0.        , 16.02399329, 10.94668614, ..., 28.88450359,\n        15.59783393, 28.61498742],\n       [16.02399329,  0.        , 14.67957452, ..., 28.28156478,\n         5.50566709, 17.05430716],\n       [10.94668614, 14.67957452,  0.        , ..., 18.15354562,\n        17.87392188, 20.11201828],\n       ...,\n       [28.88450359, 28.28156478, 18.15354562, ...,  0.        ,\n        33.22145862, 19.90378524],\n       [15.59783393,  5.50566709, 17.87392188, ..., 33.22145862,\n         0.        , 22.41043679],\n       [28.61498742, 17.05430716, 20.11201828, ..., 19.90378524,\n        22.41043679,  0.        ]])"}}