{"duration": 0.005360841751098633, "input_args": {"D_high": "array([[0.        , 0.53851648, 0.50990195, ..., 4.27668096, 4.45982062,\n        4.65080638],\n       [0.53851648, 0.        , 0.3       , ..., 4.24970587, 4.49888875,\n        4.71805044],\n       [0.50990195, 0.3       , 0.        , ..., 4.43057558, 4.66154481,\n        4.84871117],\n       ...,\n       [4.27668096, 4.24970587, 4.43057558, ..., 0.        , 0.58309519,\n        1.06770783],\n       [4.45982062, 4.49888875, 4.66154481, ..., 0.58309519, 0.        ,\n        0.6164414 ],\n       [4.65080638, 4.71805044, 4.84871117, ..., 1.06770783, 0.6164414 ,\n        0.        ]])", "D_low": "array([[ 0.        ,  8.07106405,  7.88017935, ..., 11.34104066,\n         4.12499672,  3.76115068],\n       [ 8.07106405,  0.        ,  0.32191666, ..., 14.45214737,\n         8.22803085, 10.53979065],\n       [ 7.88017935,  0.32191666,  0.        , ..., 14.13031003,\n         7.9336374 , 10.27778155],\n       ...,\n       [11.34104066, 14.45214737, 14.13031003, ...,  0.        ,\n         7.50270332,  8.16415655],\n       [ 4.12499672,  8.22803085,  7.9336374 , ...,  7.50270332,\n         0.        ,  2.98127862],\n       [ 3.76115068, 10.53979065, 10.27778155, ...,  8.16415655,\n         2.98127862,  0.        ]])"}}