{"duration": 0.012849807739257812, "input_args": {"D_high": "array([[ 0.        , 11.87434209,  2.23606798, ...,  2.82842712,\n        16.91153453,  4.47213595],\n       [11.87434209,  0.        , 11.3137085 , ..., 12.20655562,\n        10.34408043, 12.68857754],\n       [ 2.23606798, 11.3137085 ,  0.        , ...,  2.23606798,\n        16.88194302,  3.        ],\n       ...,\n       [ 2.82842712, 12.20655562,  2.23606798, ...,  0.        ,\n        17.94435844,  2.        ],\n       [16.91153453, 10.34408043, 16.88194302, ..., 17.94435844,\n         0.        , 18.60107524],\n       [ 4.47213595, 12.68857754,  3.        , ...,  2.        ,\n        18.60107524,  0.        ]])", "D_low": "array([[ 0.        ,  6.62521094,  2.00466223, ...,  3.76493611,\n         6.36675343,  5.59489097],\n       [ 6.62521094,  0.        ,  7.81650015, ...,  9.71620542,\n         3.52466431, 12.20651525],\n       [ 2.00466223,  7.81650015,  0.        , ...,  4.65983829,\n         8.18018574,  5.10654469],\n       ...,\n       [ 3.76493611,  9.71620542,  4.65983829, ...,  0.        ,\n         8.20971976,  3.49299705],\n       [ 6.36675343,  3.52466431,  8.18018574, ...,  8.20971976,\n         0.        , 11.35188978],\n       [ 5.59489097, 12.20651525,  5.10654469, ...,  3.49299705,\n        11.35188978,  0.        ]])"}}