{"duration": 0.006783008575439453, "input_args": {"D_high": "array([[  0.        ,  77.93464827, 115.40589995, ..., 101.71684227,\n        201.12626702,  59.67790051],\n       [ 77.93464827,   0.        ,  83.43747073, ...,  38.98205746,\n        183.93333012,  21.17286036],\n       [115.40589995,  83.43747073,   0.        , ...,  68.4928943 ,\n        207.62569195,  85.47655366],\n       ...,\n       [101.71684227,  38.98205746,  68.4928943 , ...,   0.        ,\n        189.87669905,  46.59966957],\n       [201.12626702, 183.93333012, 207.62569195, ..., 189.87669905,\n          0.        , 186.26121056],\n       [ 59.67790051,  21.17286036,  85.47655366, ...,  46.59966957,\n        186.26121056,   0.        ]])", "D_low": "array([[ 0.        ,  9.96253821, 24.70906268, ..., 17.95828592,\n        15.92313961,  7.74341721],\n       [ 9.96253821,  0.        , 23.66105548, ..., 17.17621968,\n         6.11401028,  2.51749165],\n       [24.70906268, 23.66105548,  0.        , ...,  6.84091369,\n        26.58383273, 24.58132129],\n       ...,\n       [17.95828592, 17.17621968,  6.84091369, ...,  0.        ,\n        20.79389761, 17.8881061 ],\n       [15.92313961,  6.11401028, 26.58383273, ..., 20.79389761,\n         0.        ,  8.18535469],\n       [ 7.74341721,  2.51749165, 24.58132129, ..., 17.8881061 ,\n         8.18535469,  0.        ]])"}}